SNP	CHROM	POS	REF	ALT	AF	BETA	SE	Z	P	N	TRAIT
rs2982366	1	11438787	G	A	0.637223	0.007069	0.004104	1.72247	0.08505	3146	CSF_Ab42
rs58300372	NA	NA	NA	NA	NA	NA	NA	NA	NA	NA	NA
rs34676516	1	27116463	C	T	0.0896226	0.012320000000000001	0.007553	1.6311399443929566	0.10300000000000001	3146	CSF_Ab42
rs7517981	1	31555056	T	C	0.63648	-0.004155	0.004194	-0.990701	0.3219	3146	CSF_Ab42
rs915416	1	34731984	C	G	0.663881	0.006762	0.004472	1.51208	0.1306	3146	CSF_Ab42
rs67752000	1	44597213	G	A	0.234449	-0.0029059999999999997	0.004531	-0.6413595232840431	0.5214	3146	CSF_Ab42
rs61785580	1	46402849	C	T	0.0630346	-1.2409999999999998e-4	0.008491	-0.014615475209044868	0.9883	3146	CSF_Ab42
rs12760654	1	47669325	G	A	0.182462	-0.002023	0.00509	-0.39744597249508845	0.691	3146	CSF_Ab42
rs269054	1	57864304	T	A	0.413249	-0.0011480000000000001	0.004236	-0.271010387157696	0.7864	3146	CSF_Ab42
rs61796569	1	66476437	C	T	0.252372	0.003114	0.004633	0.6721346859486294	0.5014	3146	CSF_Ab42
rs12030413	1	71541524	G	C	0.193584	-0.005632	0.005079	-1.1088797007284898	0.2676	3146	CSF_Ab42
rs12567114	1	98527951	G	A	0.294406	-0.005423	0.004631000000000001	-1.171021377672209	0.2417	3146	CSF_Ab42
rs1441189	1	163826318	C	T	0.319601	-0.004058	0.00448	-0.9058035714285715	0.3651	3146	CSF_Ab42
rs1289588	1	164013029	G	A	0.626316	-0.003688	0.004155	-0.887605	0.3748	3146	CSF_Ab42
rs2279681	1	201861016	C	G	0.340316	-0.001065	0.004163	-0.25582512611097763	0.7982	3146	CSF_Ab42
rs551894262	NA	NA	NA	NA	NA	NA	NA	NA	NA	NA	NA
rs7527648	1	240011174	C	T	0.555556	0.003257	0.004207	0.774186	0.439	3146	CSF_Ab42
rs62120041	2	9185564	T	C	0.067175	-0.009776	0.008236	-1.1869839728023313	0.2353	3146	CSF_Ab42
rs2056152	2	14542588	T	C	0.573535	0.007452	0.004046	1.84182	0.06561	3146	CSF_Ab42
rs11689042	2	25057054	G	C	0.289694	-7.731e-4	0.004772	-0.16200754400670578	0.8713	3146	CSF_Ab42
rs116196449	NA	NA	NA	NA	NA	NA	NA	NA	NA	NA	NA
rs374153	2	40382712	C	T	0.834603	0.001527	0.0055850000000000006	0.273411	0.7845	3146	CSF_Ab42
rs2717076	2	58061127	C	T	0.588897	0.006332	0.004218	1.50119	0.1334	3146	CSF_Ab42
rs75539574	NA	NA	NA	NA	NA	NA	NA	NA	NA	NA	NA
rs35758221	NA	NA	NA	NA	NA	NA	NA	NA	NA	NA	NA
rs7556815	2	114085785	G	A	0.220407	0.005732	0.00489	1.1721881390593047	0.2412	3146	CSF_Ab42
rs6712127	NA	NA	NA	NA	NA	NA	NA	NA	NA	NA	NA
rs79259656	NA	NA	NA	NA	NA	NA	NA	NA	NA	NA	NA
rs35662245	2	147583187	T	A	0.380131	-0.002532	0.004257	-0.5947850599013389	0.552	3146	CSF_Ab42
rs11885663	2	166944004	C	T	0.223626	0.001207	0.004567	0.26428727830085397	0.7916	3146	CSF_Ab42
rs12470733	2	200968215	C	A	0.166969	-0.001551	0.005044	-0.3074940523394132	0.7585	3146	CSF_Ab42
rs2161853	NA	NA	NA	NA	NA	NA	NA	NA	NA	NA	NA
rs10173260	2	210377845	T	C	0.579282	0.004936	0.004187	1.17889	0.2385	3146	CSF_Ab42
rs4539789	2	225485628	G	A	0.577875	-2.299e-4	0.004072999999999999	-0.0564449	0.955	3146	CSF_Ab42
rs6806208	3	35661030	C	T	0.671293	-0.006994	0.004567	-1.53142	0.1258	3146	CSF_Ab42
rs13066140	3	50154223	T	C	0.107804	4.5430000000000004e-4	0.006773	0.06707515133618781	0.9465	3146	CSF_Ab42
rs112230981	3	55879269	A	G	0.0224945	-0.001855	0.01065	-0.17417840375586854	0.8618	3146	CSF_Ab42
rs17065421	3	61793618	C	A	0.0730602	0.00576	0.00686	0.8396501457725948	0.4011	3146	CSF_Ab42
rs17732997	3	70470834	C	G	0.420058	-0.006703	0.004113	-1.6297106734743494	0.1032	3146	CSF_Ab42
rs9810474	3	74961196	C	T	0.215013	5.161e-4	0.004983	0.1035721452939996	0.9175	3146	CSF_Ab42
rs1694943	3	84962681	A	G	0.546364	-0.006114	0.004032	-1.51637	0.1295	3146	CSF_Ab42
rs7644809	3	107564459	T	C	0.623547	-0.003304	0.00419	-0.788544	0.4304	3146	CSF_Ab42
rs4688116	3	118195601	G	T	0.604575	3.653e-4	0.004137	0.0883007	0.9297	3146	CSF_Ab42
rs11928693	3	123275179	G	T	0.208903	0.002132	0.004526	0.47105612019443227	0.6377	3146	CSF_Ab42
rs13088093	3	135838598	T	G	0.328369	-0.007402	0.004419	-1.675039601719846	0.09402	3146	CSF_Ab42
rs9842017	NA	NA	NA	NA	NA	NA	NA	NA	NA	NA	NA
rs6783516	3	178539272	G	T	0.596443	0.001012	0.004249	0.238174	0.8118	3146	CSF_Ab42
rs2192528	4	18327896	A	G	0.490919	0.004411	0.004018	1.09781	0.2723	3146	CSF_Ab42
rs7686205	4	44535866	A	G	0.4081	0.00549	0.004218	1.3015647226173541	0.1931	3146	CSF_Ab42
rs2588720	4	66983177	C	A	0.691189	-0.00244	0.004256	-0.573308	0.5665	3146	CSF_Ab42
rs17427571	4	82254908	A	G	0.380182	-0.0050609999999999995	0.004436	-1.1408926961226329	0.254	3146	CSF_Ab42
rs35531607	4	92533225	T	C	0.441134	0.00809	0.004043	2.000989364333416	0.04548	3146	CSF_Ab42
rs13109404	4	102896591	T	G	0.0364394	0.007033	0.009236	0.7614768297964487	0.4464	3146	CSF_Ab42
rs72672112	NA	NA	NA	NA	NA	NA	NA	NA	NA	NA	NA
rs7653924	4	170202862	C	T	0.450601	0.001438	0.004104	0.3503898635477583	0.7261	3146	CSF_Ab42
rs11738968	NA	NA	NA	NA	NA	NA	NA	NA	NA	NA	NA
rs365663	5	1428883	A	G	0.51763	0.00375	0.004103	0.9139653911771874	0.3608	3146	CSF_Ab42
rs465700	5	3126493	C	G	0.883218	-0.01078	0.006573000000000001	-1.64004	0.1012	3146	CSF_Ab42
rs72739772	5	18772436	A	G	0.17992	-0.01012	0.005424	-1.8657817109144543	0.062060000000000004	3146	CSF_Ab42
rs9283702	5	50755613	C	G	0.243189	2.117e-4	0.0046159999999999994	0.04586221837088389	0.9634	3146	CSF_Ab42
rs780397	5	87529658	G	C	0.75254	-0.004223	0.004729	-0.893001	0.3719	3146	CSF_Ab42
rs442553	5	89319866	C	T	0.505466	-0.001131	0.004096	-0.276123046875	0.7825	3146	CSF_Ab42
rs11135570	5	91785541	A	G	0.716147	-0.002949	0.00442	-0.667195	0.5047	3146	CSF_Ab42
rs56372231	5	102321905	C	T	0.330912	-0.00698	0.004323	-1.6146194772148972	0.1065	3146	CSF_Ab42
rs11567976	5	137654218	C	T	0.521564	-5.08e-4	0.004151	-0.12238	0.9026	3146	CSF_Ab42
rs888957	NA	NA	NA	NA	NA	NA	NA	NA	NA	NA	NA
rs4958318	5	151943054	C	T	0.243209	0.003928	0.004542	0.86481726111845	0.3872	3146	CSF_Ab42
rs151014368	NA	NA	NA	NA	NA	NA	NA	NA	NA	NA	NA
rs11249671	NA	NA	NA	NA	NA	NA	NA	NA	NA	NA	NA
rs2206261	6	10039382	C	G	0.129677	0.001516	0.005667	0.26751367566613726	0.7891	3146	CSF_Ab42
rs7452281	6	18538449	T	C	0.123811	0.005632	0.006359	0.8856738480893221	0.3759	3146	CSF_Ab42
rs34556183	NA	NA	NA	NA	NA	NA	NA	NA	NA	NA	NA
rs1071742	NA	NA	NA	NA	NA	NA	NA	NA	NA	NA	NA
rs9381075	NA	NA	NA	NA	NA	NA	NA	NA	NA	NA	NA
rs113113059	6	43160375	T	C	0.205604	0.005598	0.005047	1.1091737665940162	0.2674	3146	CSF_Ab42
rs1547026	NA	NA	NA	NA	NA	NA	NA	NA	NA	NA	NA
rs9382445	6	54937974	T	C	0.330607	9.826000000000001e-4	0.004222999999999999	0.23267819085957858	0.816	3146	CSF_Ab42
rs3909077	6	72578985	T	C	0.176033	-0.003181	0.00519	-0.6129094412331406	0.54	3146	CSF_Ab42
rs9360616	6	73616236	C	A	0.305889	0.006137	0.004406	1.3928733545165684	0.1638	3146	CSF_Ab42
rs2231265	6	89790201	A	G	0.816104	7.916e-4	0.00488	0.162213	0.8711	3146	CSF_Ab42
rs9345234	6	93162639	A	C	0.528878	-0.001609	0.004061	-0.396208	0.6920000000000001	3146	CSF_Ab42
rs6932158	6	101246010	T	C	0.508017	0.00381	0.0040219999999999995	0.94729	0.3435	3146	CSF_Ab42
rs118077449	6	115450372	G	T	0.0724427	-0.006605	0.006764	-0.9764931992903607	0.3289	3146	CSF_Ab42
rs13197257	6	128333682	G	T	0.338354	0.002254	0.004614	0.4885132206328565	0.6252	3146	CSF_Ab42
rs9492542	6	130637874	C	T	0.307664	-0.004635	0.004379	-1.058460835807262	0.2899	3146	CSF_Ab42
rs34731055	7	2106928	C	T	0.181263	0.001243	0.005208	0.23867127496159754	0.8114	3146	CSF_Ab42
rs41845	7	69025267	G	T	0.35591	-2.407e-4	0.004309	-0.055859828266419116	0.9555	3146	CSF_Ab42
rs62462821	7	71596011	C	T	0.330062	-0.006546	0.004298	-1.523033969288041	0.1279	3146	CSF_Ab42
rs3801290	NA	NA	NA	NA	NA	NA	NA	NA	NA	NA	NA
rs401966	NA	NA	NA	NA	NA	NA	NA	NA	NA	NA	NA
rs10273733	7	107258121	T	C	0.713326	0.001264	0.004489	0.281577	0.7782	3146	CSF_Ab42
rs2079070	7	114126432	C	G	0.761162	-0.00767	0.004743	-1.61712	0.106	3146	CSF_Ab42
rs4731139	7	123716880	T	C	0.47467	0.00701	0.004146	1.690786300048239	0.09096	3146	CSF_Ab42
rs7806045	7	132610266	T	C	0.231774	0.004508	0.004763	0.9464623136678564	0.344	3146	CSF_Ab42
rs10264127	7	147694691	C	G	0.331285	0.006622	0.004274	1.5493682732802996	0.1214	3146	CSF_Ab42
rs7460584	8	737551	C	G	0.44732	-0.005196	0.004353	-1.193659545141282	0.2328	3146	CSF_Ab42
rs73187206	NA	NA	NA	NA	NA	NA	NA	NA	NA	NA	NA
rs4841498	8	10985432	C	T	0.555233	-0.007945	0.004047	-1.96318	0.04973	3146	CSF_Ab42
rs73219758	8	14279446	G	A	0.298907	0.006007	0.004507	1.332815620146439	0.1827	3146	CSF_Ab42
rs1809498	8	21836384	C	G	0.462727	-0.001125	0.004069	-0.27648070779061196	0.7822	3146	CSF_Ab42
rs10113779	8	22485934	G	C	0.418036	-0.007054	0.004074	-1.7314678448699066	0.08352000000000001	3146	CSF_Ab42
rs58153210	8	26271120	C	T	0.637173	-8.991e-4	0.004259000000000001	-0.211106	0.8328	3146	CSF_Ab42
rs1845627	8	34092531	C	T	0.332101	-0.005364	0.0041789999999999996	-1.2835606604450827	0.1994	3146	CSF_Ab42
rs76410510	8	52900371	C	G	0.0498188	-0.002043	0.008962000000000001	-0.2279625083686677	0.8197	3146	CSF_Ab42
rs28374712	8	64317636	A	T	0.206415	0.004323	0.004733	0.9133741812803717	0.3611	3146	CSF_Ab42
rs4588900	8	73890425	G	A	0.512755	0.004355	0.004046	1.07637	0.2819	3146	CSF_Ab42
rs9643333	8	94266168	C	T	0.759503	-0.002007	0.004879	-0.411355	0.6808	3146	CSF_Ab42
rs7842473	NA	NA	NA	NA	NA	NA	NA	NA	NA	NA	NA
rs2129547	8	127972571	G	C	0.356545	-0.009217	0.00419	-2.199761336515513	0.0279	3146	CSF_Ab42
rs7464481	8	136750276	G	A	0.599274	-0.001827	0.00427	-0.427869	0.6688	3146	CSF_Ab42
rs10116103	9	1747566	C	T	0.355612	-0.003803	0.0043219999999999995	-0.8799167052290607	0.3791	3146	CSF_Ab42
rs12380607	9	3096934	G	A	0.458348	0.01381	0.004056000000000001	3.404832347140039	6.706e-4	3146	CSF_Ab42
rs12336359	9	4129657	G	C	0.347258	-0.001861	0.004182	-0.4450023912003826	0.6564	3146	CSF_Ab42
rs1323341	9	14453010	A	G	0.752719	0.001267	0.004997	0.253552	0.79990000000000006	3146	CSF_Ab42
rs10810258	9	14830989	A	G	0.396326	-0.009203	0.00414	-2.2229468599033817	0.0263	3146	CSF_Ab42
rs10973207	NA	NA	NA	NA	NA	NA	NA	NA	NA	NA	NA
rs4364707	NA	NA	NA	NA	NA	NA	NA	NA	NA	NA	NA
rs10820727	NA	NA	NA	NA	NA	NA	NA	NA	NA	NA	NA
rs803728	9	125969655	A	T	0.657112	0.003635	0.004241	0.857109	0.3915	3146	CSF_Ab42
rs148251429	NA	NA	NA	NA	NA	NA	NA	NA	NA	NA	NA
rs1776776	9	140497072	T	C	0.190641	0.001372	0.005743	0.23889952986244123	0.8111	3146	CSF_Ab42
rs138500422	10	19731490	C	G	0.245148	-0.004215	0.00507	-0.8313609467455622	0.4058	3146	CSF_Ab42
rs12246842	10	21830580	A	G	0.531182	-5.393e-4	0.004211	-0.128069	0.8981	3146	CSF_Ab42
rs10761674	10	64618340	C	T	0.560843	0.005083	0.004099	1.24006	0.215	3146	CSF_Ab42
rs1163196	10	70562243	C	G	0.311341	0.002718	0.004507	0.6030619037053473	0.5465	3146	CSF_Ab42
rs10788612	10	90544705	T	C	0.32339	-2.4639999999999997e-4	0.004187	-0.05884881776928588	0.9531	3146	CSF_Ab42
rs11185890	10	91575418	G	A	0.25883	-0.0010550000000000002	0.004676	-0.22562018819503854	0.8216	3146	CSF_Ab42
rs11190970	10	103128332	G	A	0.227713	-0.009602	0.005136	-1.8695482866043613	0.061610000000000005	3146	CSF_Ab42
rs17092671	10	116779483	A	G	0.323241	-3.694e-4	0.004538	-0.08140149845747024	0.9351	3146	CSF_Ab42
rs2532841	10	119069842	A	C	0.515091	-0.009078	0.004106	-2.21091	0.0271	3146	CSF_Ab42
rs7915425	10	125016501	T	C	0.826797	-0.003753	0.005129	-0.731722	0.4644	3146	CSF_Ab42
rs7943526	NA	NA	NA	NA	NA	NA	NA	NA	NA	NA	NA
rs1517572	11	28829882	A	C	0.634448	2.269e-5	0.004383	0.00517682	0.9959	3146	CSF_Ab42
rs4592416	11	43800474	A	G	0.502179	-2.0859999999999997e-4	0.004065999999999999	-0.051303492375799314	0.9591	3146	CSF_Ab42
rs11039544	NA	NA	NA	NA	NA	NA	NA	NA	NA	NA	NA
rs174560	11	61581764	T	C	0.324172	6.849e-4	0.004454	0.15377189043556355	0.8778	3146	CSF_Ab42
rs12791153	NA	NA	NA	NA	NA	NA	NA	NA	NA	NA	NA
rs1553132	11	88297740	A	G	0.228509	-0.0022890000000000002	0.004685	-0.488580576307364	0.6252	3146	CSF_Ab42
rs12224352	11	99282766	A	T	0.301052	2.351e-4	0.004302	0.054649000464900045	0.9564	3146	CSF_Ab42
rs1939455	NA	NA	NA	NA	NA	NA	NA	NA	NA	NA	NA
rs1079727	11	113289182	T	C	0.176577	-0.004359	0.005589	-0.7799248523886205	0.4355	3146	CSF_Ab42
rs3751046	11	122828342	A	G	0.121957	0.0029460000000000003	0.005589	0.5271068169618894	0.5982	3146	CSF_Ab42
rs10790897	11	127376897	T	C	0.200073	-9.626e-4	0.004899000000000001	-0.19648907940395996	0.8442	3146	CSF_Ab42
rs10506092	12	32667330	G	T	0.0322932	0.009695	0.009753	0.9940531118630166	0.3203	3146	CSF_Ab42
rs34354917	NA	NA	NA	NA	NA	NA	NA	NA	NA	NA	NA
rs3809162	12	54674235	A	G	0.43228	-6.741000000000001e-4	0.004104	-0.1642543859649123	0.8695	3146	CSF_Ab42
rs324015	12	57490100	T	C	0.740437	9.323e-4	0.004759	0.195903	0.8447	3146	CSF_Ab42
rs11113605	12	108352157	C	T	0.194737	0.0065980000000000006	0.005582999999999999	1.1818018986208134	0.2374	3146	CSF_Ab42
rs4767550	NA	NA	NA	NA	NA	NA	NA	NA	NA	NA	NA
rs7979697	12	120262695	C	T	0.190251	0.001309	0.005439	0.24066924066924067	0.8098	3146	CSF_Ab42
rs542936194	NA	NA	NA	NA	NA	NA	NA	NA	NA	NA	NA
rs9552469	NA	NA	NA	NA	NA	NA	NA	NA	NA	NA	NA
rs4559781	13	28303803	C	T	0.871688	-0.008094	0.00576	-1.40521	0.1601	3146	CSF_Ab42
rs6561715	13	53888526	T	A	0.633527	9.48e-4	0.004423	0.214334	0.8303	3146	CSF_Ab42
rs35938338	13	62958423	T	G	0.156863	0.002672	0.0055520000000000005	0.48126801152737747	0.6303	3146	CSF_Ab42
rs4491389	13	70066316	G	T	0.379109	-0.006587000000000001	0.004157	-1.5845561703151312	0.1131	3146	CSF_Ab42
rs9547272	NA	NA	NA	NA	NA	NA	NA	NA	NA	NA	NA
rs9300351	NA	NA	NA	NA	NA	NA	NA	NA	NA	NA	NA
rs6575005	14	26954078	T	C	0.218029	-0.009752	0.004705	-2.07268862911796	0.03829	3146	CSF_Ab42
rs10483350	14	29816155	A	G	0.198623	0.004162	0.005129	0.811464223045428	0.4171	3146	CSF_Ab42
rs61985058	14	60233841	C	T	0.108593	0.009288	0.006307	1.4726494371333438	0.1409	3146	CSF_Ab42
rs55658675	14	65554638	C	T	0.323851	-0.002195	0.004359	-0.5035558614361092	0.6146	3146	CSF_Ab42
rs35213196	NA	NA	NA	NA	NA	NA	NA	NA	NA	NA	NA
rs11621908	14	78495761	C	T	0.0779315	-0.001484	0.007245999999999999	-0.2048026497377864	0.8377	3146	CSF_Ab42
rs2664299	14	99742187	T	C	0.469543	0.001918	0.0041340000000000005	0.4639574262215771	0.6428	3146	CSF_Ab42
rs11853131	15	22907319	G	A	0.465053	-0.004275999999999999	0.004027	-1.0618326297491927	0.2884	3146	CSF_Ab42
rs8038326	15	47989799	A	G	0.372232	0.002273	0.004638000000000001	0.490081931867184	0.6242	3146	CSF_Ab42
rs117930259	NA	NA	NA	NA	NA	NA	NA	NA	NA	NA	NA
rs62009949	15	66504660	T	C	0.514036	0.002815	0.004213000000000001	0.66817	0.5041	3146	CSF_Ab42
rs55842233	NA	NA	NA	NA	NA	NA	NA	NA	NA	NA	NA
rs4581677	15	87834892	G	A	0.323069	-0.0027	0.004285	-0.6301050175029173	0.5287	3146	CSF_Ab42
rs3095508	16	6550400	C	A	0.378457	0.002541	0.004122	0.616448326055313	0.5377	3146	CSF_Ab42
rs11648073	16	10128189	T	C	0.189239	0.008164	0.005413	1.5082209495658598	0.1316	3146	CSF_Ab42
rs72771082	16	20023601	A	G	0.276287	-0.0017219999999999998	0.0049310000000000005	-0.3492192253092678	0.7269	3146	CSF_Ab42
rs12598706	16	20395000	C	T	0.523497	0.002954	0.004201	0.7031659128778862	0.4821	3146	CSF_Ab42
rs11643715	16	23909538	C	G	0.246366	0.002538	0.0046170000000000004	0.5497076023391813	0.5826	3146	CSF_Ab42
rs9937053	16	53799507	G	A	0.461407	0.0061	0.004074	1.4972999509081983	0.1344	3146	CSF_Ab42
rs7198661	16	56090428	T	C	0.435431	-0.0010119999999999999	0.004227000000000001	-0.23941329548142884	0.8109	3146	CSF_Ab42
rs11076412	16	60791782	G	A	0.427699	-0.0029100000000000003	0.00443	-0.6568848758465012	0.5112	3146	CSF_Ab42
rs7191888	NA	NA	NA	NA	NA	NA	NA	NA	NA	NA	NA
rs4790581	17	4066657	T	C	0.603705	0.003777	0.004111999999999999	0.918531	0.3585	3146	CSF_Ab42
rs35415738	17	4755027	G	A	0.729511	0.001633	0.004667	0.349904	0.7264	3146	CSF_Ab42
rs3027234	17	8136092	C	T	0.208636	-0.001696	0.004825	-0.3515025906735751	0.7253	3146	CSF_Ab42
rs205024	17	11227352	C	T	0.392727	0.005547	0.00412	1.3463592233009707	0.1783	3146	CSF_Ab42
rs8072993	NA	NA	NA	NA	NA	NA	NA	NA	NA	NA	NA
rs9915731	17	30599555	T	A	0.256102	0.0018329999999999998	0.0044659999999999995	0.4104343931930139	0.6815	3146	CSF_Ab42
rs147114641	NA	NA	NA	NA	NA	NA	NA	NA	NA	NA	NA
rs2696429	NA	NA	NA	NA	NA	NA	NA	NA	NA	NA	NA
rs553223732	NA	NA	NA	NA	NA	NA	NA	NA	NA	NA	NA
rs538476570	NA	NA	NA	NA	NA	NA	NA	NA	NA	NA	NA
rs547290689	NA	NA	NA	NA	NA	NA	NA	NA	NA	NA	NA
rs9893354	17	50538567	A	G	0.479811	-0.004267	0.003978	-1.07265	0.2835	3146	CSF_Ab42
rs8074498	NA	NA	NA	NA	NA	NA	NA	NA	NA	NA	NA
rs79783687	NA	NA	NA	NA	NA	NA	NA	NA	NA	NA	NA
rs35236861	NA	NA	NA	NA	NA	NA	NA	NA	NA	NA	NA
rs62081535	18	35235896	T	C	0.12192	0.0037630000000000003	0.006684000000000001	0.562986235786954	0.5735	3146	CSF_Ab42
rs1942085	18	39017178	A	G	0.096628	-0.007548	0.007244	-1.041965764770845	0.2975	3146	CSF_Ab42
rs12607679	18	53059748	T	C	0.226457	-3.707e-4	0.0046890000000000005	-0.07905736830880784	0.937	3146	CSF_Ab42
rs11151115	18	73060397	C	T	0.240378	-0.00963	0.004903	-1.9641036100346725	0.04961	3146	CSF_Ab42
rs10421649	NA	NA	NA	NA	NA	NA	NA	NA	NA	NA	NA
rs35126035	NA	NA	NA	NA	NA	NA	NA	NA	NA	NA	NA
rs13346368	19	48198675	A	G	0.286734	0.001191	0.004454	0.26740008980691515	0.7892	3146	CSF_Ab42
rs67546213	19	50082587	G	A	0.196513	-0.00885	0.005299	-1.6701264389507455	0.095	3146	CSF_Ab42
rs4815270	20	2474081	T	C	0.874213	0.008843	0.007167	1.23385	0.2174	3146	CSF_Ab42
rs6043178	20	15273156	T	G	0.622999	-8.737e-4	0.004122	-0.21196	0.8322	3146	CSF_Ab42
rs2072727	20	43538733	T	C	0.57478	1.601e-4	0.00405	0.0395309	0.9685	3146	CSF_Ab42
rs12152085	NA	NA	NA	NA	NA	NA	NA	NA	NA	NA	NA
rs73208119	21	39234343	G	A	0.121779	1.3759999999999998e-4	0.006945000000000001	0.01981281497480201	0.9842	3146	CSF_Ab42
rs9610500	NA	NA	NA	NA	NA	NA	NA	NA	NA	NA	NA
rs3788337	22	23412017	G	A	0.35369	-0.001078	0.004213000000000001	-0.25587467362924277	0.7979999999999999	3146	CSF_Ab42
rs9611007	22	39077058	C	T	0.146163	-0.00663	0.006323	-1.0485529021034319	0.2944	3146	CSF_Ab42
rs2272848	22	50646318	G	A	0.601296	0.004716	0.004138	1.13968	0.2545	3146	CSF_Ab42
