SNP	CHROM	POS	REF	ALT	AF	BETA	SE	Z	P	N	TRAIT
rs6663484	1	33878554	T	G	0.357247	-0.001739	0.004294	-0.4049836981835119	0.6855	3146	CSF_Ab42
rs34973462	1	175993820	C	T	0.414577	0.0016079999999999998	0.0042369999999999994	0.3795138069388719	0.7043	3146	CSF_Ab42
rs7599488	2	60718347	C	T	0.442868	0.00381	0.004117	0.9254311391790139	0.3549	3146	CSF_Ab42
rs2084533	3	16872929	C	T	0.350073	3.082e-4	0.004364	0.07062328139321723	0.9437	3146	CSF_Ab42
rs7431710	3	48935583	G	A	0.648	-0.001227	0.0042369999999999994	-0.289592	0.772	3146	CSF_Ab42
rs58889493	3	85622699	T	A	0.68377	-0.003371	0.004178	-0.806845	0.4198	3146	CSF_Ab42
rs699165	3	136224697	A	G	0.805656	-0.00898	0.004665	-1.92497	0.05435	3146	CSF_Ab42
rs1024323	4	3006043	C	T	0.467549	-5.04e-4	0.004145	-0.12159227985524727	0.9032	3146	CSF_Ab42
rs11940255	4	67086288	G	A	0.67739	-0.01215	0.004457	-2.72605	0.006423999999999999	3146	CSF_Ab42
rs10018253	4	67961464	A	C	0.326862	-0.001596	0.004652	-0.34307824591573516	0.7315	3146	CSF_Ab42
rs7766641	6	26184102	G	A	0.343433	-0.001521	0.0045130000000000005	-0.33702636826944377	0.7362	3146	CSF_Ab42
rs215600	7	32333642	G	A	0.681551	8.023e-4	0.004318	0.185804	0.8526	3146	CSF_Ab42
rs62447179	7	50339609	G	A	0.31216	0.009062	0.004548	1.992524186455585	0.04639	3146	CSF_Ab42
rs2741351	8	27418040	A	C	0.843319	-0.001937	0.005292	-0.366024	0.7144	3146	CSF_Ab42
rs4236926	8	42578059	T	G	0.764663	-1.359e-4	0.004926	-0.0275883	0.978	3146	CSF_Ab42
rs790564	8	64604218	A	C	0.758351	0.003507	0.00457	0.767396	0.4429	3146	CSF_Ab42
rs3025383	9	136502369	T	C	0.173755	-3.81e-4	0.005304	-0.07183257918552037	0.9427	3146	CSF_Ab42
rs11186852	10	93962124	T	C	0.258997	0.001166	0.004686	0.2488262910798122	0.8034	3146	CSF_Ab42
rs7951365	11	16377044	T	C	0.290545	-3.0460000000000003e-4	0.004476	-0.06805183199285077	0.9457	3146	CSF_Ab42
rs10742683	11	43667625	G	A	0.471105	-0.002436	0.004108	-0.5929892891918208	0.5533	3146	CSF_Ab42
rs113001570	11	46737412	A	T	0.0538378	0.001286	0.008931	0.14399283394916584	0.8855	3146	CSF_Ab42
rs7125588	11	113436072	A	G	0.38648	0.00165	0.0040950000000000005	0.4029304029304029	0.6869	3146	CSF_Ab42
rs632811	15	59155050	A	G	0.342842	9.094e-4	0.004409000000000001	0.2062599228850079	0.8366	3146	CSF_Ab42
rs10519203	15	78814046	G	A	0.665029	-5.647e-4	0.004229999999999999	-0.133499	0.8938	3146	CSF_Ab42
rs1592485	16	52093549	C	A	0.655229	-0.003613	0.004131	-0.874607	0.3818	3146	CSF_Ab42
rs12924872	16	69552215	C	T	0.465086	0.0043939999999999995	0.004138	1.0618656355727403	0.2884	3146	CSF_Ab42
rs258321	16	89756473	A	G	0.399017	0.002456	0.004227000000000001	0.5810267329074993	0.5612	3146	CSF_Ab42
rs4485470	18	62125063	G	A	0.614769	0.001636	0.004187	0.390733	0.6959	3146	CSF_Ab42
rs34406232	19	41305530	C	A	0.0251468	-0.003949	0.013580000000000002	-0.29079528718703973	0.7713	3146	CSF_Ab42
rs6078373	20	11863500	G	A	0.428209	-0.007298999999999999	0.0041140000000000005	-1.7741857073407872	0.07616	3146	CSF_Ab42
rs1737894	20	31054702	C	G	0.455328	-0.002439	0.004229999999999999	-0.5765957446808512	0.5644	3146	CSF_Ab42
rs7281463	21	40520783	A	C	0.338962	4.903e-4	0.004067	0.12055569215638062	0.9041	3146	CSF_Ab42
rs11264100	NA	NA	NA	NA	NA	NA	NA	NA	NA	NA	NA
rs2072659	NA	NA	NA	NA	NA	NA	NA	NA	NA	NA	NA
rs78408772	NA	NA	NA	NA	NA	NA	NA	NA	NA	NA	NA
rs10204824	NA	NA	NA	NA	NA	NA	NA	NA	NA	NA	NA
rs28813180	NA	NA	NA	NA	NA	NA	NA	NA	NA	NA	NA
rs112151537	NA	NA	NA	NA	NA	NA	NA	NA	NA	NA	NA
rs11846838	NA	NA	NA	NA	NA	NA	NA	NA	NA	NA	NA
rs4887093	NA	NA	NA	NA	NA	NA	NA	NA	NA	NA	NA
rs182317	NA	NA	NA	NA	NA	NA	NA	NA	NA	NA	NA
rs59208569	NA	NA	NA	NA	NA	NA	NA	NA	NA	NA	NA
rs56113850	NA	NA	NA	NA	NA	NA	NA	NA	NA	NA	NA
rs117875279	NA	NA	NA	NA	NA	NA	NA	NA	NA	NA	NA
rs2273500	NA	NA	NA	NA	NA	NA	NA	NA	NA	NA	NA
