$`Main MR results`
       Exposure       MR Analysis Causal Estimate          Sd     T-stat
1 beta.exposure               Raw    -0.007739921 0.006772958 -1.1427682
2 beta.exposure Outlier-corrected    -0.005296074 0.006502446 -0.8144741
    P-value
1 0.2559769
2 0.4174104

$`MR-PRESSO results`
$`MR-PRESSO results`$`Global Test`
$`MR-PRESSO results`$`Global Test`$RSSobs
[1] 122.1607

$`MR-PRESSO results`$`Global Test`$Pvalue
[1] 0.0495


$`MR-PRESSO results`$`Outlier Test`
         RSSobs Pvalue
1  3.422773e-06      1
2  9.815316e-09      1
3  1.803306e-06      1
4  9.259907e-08      1
5  3.614369e-08      1
6  8.230163e-07      1
7  1.664371e-07      1
8  4.560965e-08      1
9  1.143009e-08      1
10 1.706528e-07      1
11 1.910852e-12      1
12 5.055879e-06      1
13 8.492363e-06      1
14 6.346569e-07      1
15 3.684887e-07      1
16 2.602352e-07      1
17 8.768010e-08      1
18 1.221552e-08      1
19 9.170534e-08      1
20 1.746338e-05 0.0485
21 2.629179e-06      1
22 6.493317e-07      1
23 2.584726e-06      1
24 9.428234e-06      1
25 2.277627e-06      1
26 1.019880e-06      1
27 7.753217e-09      1
28 2.468665e-10      1
29 1.704391e-06      1
30 2.188160e-06      1
31 1.557902e-07      1
32 1.316714e-06      1
33 4.955642e-06      1
34 1.220601e-06      1
35 4.510206e-05      1
36 8.608387e-06      1
37 2.343626e-07      1
38 1.037838e-05      1
39 8.823128e-07      1
40 1.622578e-07      1
41 1.039222e-06      1
42 1.022986e-06      1
43 5.296318e-07      1
44 1.035453e-06      1
45 1.217157e-07      1
46 1.636822e-07      1
47 3.629598e-07      1
48 8.968244e-07      1
49 1.221718e-08      1
50 4.292800e-07      1
51 1.190465e-08      1
52 2.639462e-07      1
53 2.971005e-06      1
54 6.425536e-07      1
55 1.851122e-06      1
56 6.505544e-07      1
57 1.695893e-06      1
58 2.614999e-06      1
59 2.396076e-06      1
60 4.585979e-06 0.8633
61 5.971356e-06      1
62 1.178837e-06      1
63 6.459423e-07      1
64 1.372537e-06      1
65 3.504062e-07      1
66 1.567133e-06      1
67 8.997182e-07      1
68 2.336663e-05      1
69 6.481927e-06      1
70 2.175899e-06      1
71 2.532477e-07      1
72 1.818745e-08      1
73 8.098605e-07      1
74 6.398435e-07      1
75 1.478332e-06      1
76 2.470620e-07      1
77 1.730267e-07      1
78 2.991873e-06      1
79 2.485497e-07      1
80 9.782957e-06      1
81 1.712260e-07      1
82 2.454083e-07      1
83 2.227084e-06      1
84 1.005310e-08      1
85 8.538688e-08      1
86 9.243649e-08      1
87 1.218299e-07      1
88 9.018661e-08      1
89 4.967430e-07      1
90 5.164941e-07      1
91 1.049085e-07      1
92 1.789837e-07      1
93 1.023290e-06      1
94 7.433293e-07      1
95 2.441041e-07      1
96 4.519756e-08      1
97 4.797471e-07      1

$`MR-PRESSO results`$`Distortion Test`
$`MR-PRESSO results`$`Distortion Test`$`Outliers Indices`
[1] 20

$`MR-PRESSO results`$`Distortion Test`$`Distortion Coefficient`
beta.exposure 
     -46.1445 

$`MR-PRESSO results`$`Distortion Test`$Pvalue
[1] 0.5027



