$`Main MR results`
       Exposure       MR Analysis Causal Estimate          Sd    T-stat
1 beta.exposure               Raw    0.0017161198 0.002005689 0.8556261
2 beta.exposure Outlier-corrected    0.0009761042 0.001888764 0.5167952
    P-value
1 0.3946679
2 0.6066902

$`MR-PRESSO results`
$`MR-PRESSO results`$`Global Test`
$`MR-PRESSO results`$`Global Test`$RSSobs
[1] 109.214

$`MR-PRESSO results`$`Global Test`$Pvalue
[1] 0.0435


$`MR-PRESSO results`$`Outlier Test`
         RSSobs  Pvalue
1  1.538760e-09       1
2  2.534797e-07       1
3  9.326822e-07       1
4  6.095304e-08       1
5  1.924668e-09       1
6  6.650388e-08       1
7  1.575989e-06       1
8  8.691826e-14       1
9  1.424394e-08       1
10 1.141352e-07       1
11 1.135171e-05       1
12 2.424466e-06       1
13 2.377138e-07       1
14 1.075963e-07       1
15 1.229638e-07       1
16 2.117537e-06       1
17 1.140457e-06       1
18 6.996963e-07       1
19 8.859887e-07       1
20 4.419065e-07       1
21 9.311577e-06 <0.0084
22 2.977765e-08       1
23 9.309278e-12       1
24 8.095409e-08       1
25 1.709675e-06       1
26 1.555803e-06       1
27 8.452565e-07       1
28 3.214263e-07       1
29 1.059536e-06       1
30 2.757878e-07       1
31 6.367658e-06       1
32 5.472020e-06       1
33 2.633306e-08       1
34 7.230959e-07       1
35 4.308363e-07       1
36 7.023496e-06  0.7644
37 2.362643e-08       1
38 2.276831e-06       1
39 1.207772e-06       1
40 3.151888e-06       1
41 6.665888e-08       1
42 2.889216e-07       1
43 2.116354e-08       1
44 2.772442e-07       1
45 1.930686e-08       1
46 1.790639e-07       1
47 4.379361e-07       1
48 2.413024e-08       1
49 2.394770e-06       1
50 3.109249e-08       1
51 2.010784e-09       1
52 4.389766e-07       1
53 4.520046e-07       1
54 1.587564e-06       1
55 2.112333e-06       1
56 4.218750e-07       1
57 2.896764e-07       1
58 1.377675e-07       1
59 5.966290e-06  0.5544
60 2.891093e-07       1
61 6.075222e-08       1
62 7.664075e-08       1
63 7.594366e-09       1
64 2.715669e-06       1
65 3.302878e-06       1
66 1.131433e-09       1
67 2.414621e-08       1
68 1.165442e-07       1
69 3.794050e-08       1
70 1.980164e-07       1
71 8.546302e-07       1
72 6.798022e-07       1
73 1.240001e-06       1
74 6.921232e-08       1
75 7.656867e-08       1
76 4.260307e-06  0.7896
77 5.023556e-06       1
78 1.215837e-06       1
79 5.677243e-07       1
80 1.080182e-07       1
81 2.704196e-10       1
82 2.434510e-06       1
83 4.690463e-08       1
84 6.647498e-06       1

$`MR-PRESSO results`$`Distortion Test`
$`MR-PRESSO results`$`Distortion Test`$`Outliers Indices`
[1] 21

$`MR-PRESSO results`$`Distortion Test`$`Distortion Coefficient`
beta.exposure 
     75.81318 

$`MR-PRESSO results`$`Distortion Test`$Pvalue
[1] 0.3245



