$`Main MR results`
       Exposure       MR Analysis Causal Estimate         Sd        T-stat
1 beta.exposure               Raw    4.384913e-04 0.04231268  0.0103631188
2 beta.exposure Outlier-corrected   -2.856846e-05 0.03867573 -0.0007386665
    P-value
1 0.9917505
2 0.9994120

$`MR-PRESSO results`
$`MR-PRESSO results`$`Global Test`
$`MR-PRESSO results`$`Global Test`$RSSobs
[1] 151.082

$`MR-PRESSO results`$`Global Test`$Pvalue
[1] 0.007


$`MR-PRESSO results`$`Outlier Test`
          RSSobs Pvalue
1   6.637778e-04      1
2   2.442283e-04      1
3   3.904689e-04      1
4   3.254742e-03      1
5   2.401560e-07      1
6   2.411264e-05      1
7   3.745336e-05      1
8   2.530619e-04      1
9   1.676165e-06      1
10  3.624389e-04      1
11  6.822354e-03  0.033
12  3.338051e-03      1
13  3.109815e-04      1
14  1.047275e-03      1
15  2.379186e-04      1
16  5.286440e-05      1
17  7.256244e-06      1
18  2.935653e-06      1
19  3.279548e-05      1
20  6.523283e-04      1
21  4.315852e-04      1
22  5.907406e-05      1
23  3.249644e-04      1
24  1.043702e-06      1
25  4.715830e-07      1
26  1.914152e-05      1
27  3.624804e-05      1
28  5.337984e-05      1
29  3.817248e-04      1
30  1.528872e-05      1
31  2.420192e-04      1
32  6.790713e-04      1
33  2.951145e-05      1
34  1.068948e-04      1
35  5.051076e-05      1
36  3.161898e-03      1
37  3.319373e-03      1
38  2.044010e-03   0.66
39  6.076047e-04      1
40  1.196875e-04      1
41  9.854644e-04      1
42  7.275246e-06      1
43  4.205977e-04      1
44  2.030471e-04      1
45  1.238702e-04      1
46  8.810554e-04      1
47  2.508092e-04      1
48  1.073041e-03      1
49  1.392589e-03      1
50  1.048541e-04      1
51  1.110742e-04      1
52  6.854918e-06      1
53  1.826117e-04      1
54  2.395329e-04      1
55  6.188438e-04      1
56  9.887427e-05      1
57  7.154953e-04      1
58  3.887301e-05      1
59  9.822189e-06      1
60  9.421117e-05      1
61  7.969823e-04      1
62  1.410877e-02      1
63  1.425570e-06      1
64  4.534102e-05      1
65  6.556715e-04      1
66  2.648083e-04      1
67  3.584816e-04      1
68  5.257874e-04      1
69  1.223600e-03      1
70  1.442091e-03      1
71  4.597677e-04      1
72  1.002828e-04      1
73  5.264414e-04      1
74  1.704291e-04      1
75  5.858929e-04      1
76  2.624925e-04      1
77  2.409454e-04      1
78  4.909569e-05      1
79  1.325605e-04      1
80  5.534167e-05      1
81  6.217393e-04      1
82  7.441688e-05      1
83  1.745044e-04      1
84  2.195133e-04      1
85  1.983757e-04      1
86  1.678983e-06      1
87  9.954101e-05      1
88  3.224123e-03  0.022
89  1.236548e-04      1
90  7.180824e-04      1
91  6.524527e-03      1
92  7.953913e-04      1
93  6.099149e-04      1
94  4.468489e-06      1
95  2.388563e-04      1
96  7.027256e-05      1
97  4.711108e-04      1
98  2.393125e-05      1
99  5.540828e-04      1
100 9.634801e-04      1
101 8.563353e-06      1
102 2.689404e-04      1
103 3.900362e-05      1
104 6.254130e-06      1
105 9.663027e-05      1
106 2.696201e-03  0.649
107 1.308872e-05      1
108 1.723474e-06      1
109 1.115238e-04      1
110 7.458165e-04      1

$`MR-PRESSO results`$`Distortion Test`
$`MR-PRESSO results`$`Distortion Test`$`Outliers Indices`
[1] 11 88

$`MR-PRESSO results`$`Distortion Test`$`Distortion Coefficient`
beta.exposure 
     1634.879 

$`MR-PRESSO results`$`Distortion Test`$Pvalue
[1] 4e-04



