$`Main MR results`
       Exposure       MR Analysis Causal Estimate         Sd     T-stat
1 beta.exposure               Raw     -0.02297305 0.04776505 -0.4809593
2 beta.exposure Outlier-corrected     -0.02377246 0.04240025 -0.5606681
    P-value
1 0.6319838
2 0.5767889

$`MR-PRESSO results`
$`MR-PRESSO results`$`Global Test`
$`MR-PRESSO results`$`Global Test`$RSSobs
[1] 118.2314

$`MR-PRESSO results`$`Global Test`$Pvalue
[1] 0.0024


$`MR-PRESSO results`$`Outlier Test`
         RSSobs Pvalue
1  4.131677e-04      1
2  3.395667e-03      1
3  3.210501e-05      1
4  2.941735e-04      1
5  4.282323e-06      1
6  7.028503e-03 0.0148
7  3.161309e-03      1
8  3.403913e-04      1
9  4.070027e-04      1
10 4.084348e-05      1
11 2.660117e-05      1
12 4.821628e-04      1
13 3.517482e-05      1
14 2.940040e-04      1
15 5.069404e-08      1
16 5.526501e-05      1
17 7.278938e-05      1
18 2.549379e-05      1
19 2.707232e-04      1
20 5.664376e-04      1
21 2.157333e-05      1
22 1.345209e-04      1
23 2.985552e-03      1
24 3.049925e-03      1
25 1.983240e-03 0.5032
26 5.354711e-04      1
27 1.090062e-04      1
28 9.164052e-04      1
29 3.262074e-04      1
30 9.109892e-04      1
31 1.446490e-03      1
32 9.445849e-05      1
33 1.266788e-04      1
34 1.541324e-05      1
35 2.088404e-04      1
36 2.661898e-04      1
37 6.586122e-04      1
38 8.808147e-05      1
39 6.771772e-04      1
40 2.475452e-05      1
41 4.302576e-06      1
42 9.016846e-04      1
43 1.525899e-02 0.8288
44 3.803328e-05      1
45 6.889639e-04      1
46 2.462874e-04      1
47 3.256057e-04      1
48 1.298500e-03      1
49 5.607442e-04      1
50 6.182114e-04      1
51 2.337585e-04      1
52 4.720597e-05      1
53 5.831486e-04      1
54 2.254933e-04      1
55 1.756586e-04      1
56 2.225399e-04      1
57 5.221805e-06      1
58 2.072259e-04      1
59 3.154244e-03 0.0148
60 2.989583e-04      1
61 6.214744e-04      1
62 8.716577e-04      1
63 6.416256e-04      1
64 2.230018e-04      1
65 8.977677e-05      1
66 4.450206e-04      1
67 5.034840e-05      1
68 5.106585e-04      1
69 8.975658e-04      1
70 4.025326e-06      1
71 2.961936e-04      1
72 1.034254e-05      1
73 9.860250e-05      1
74 6.577340e-04      1

$`MR-PRESSO results`$`Distortion Test`
$`MR-PRESSO results`$`Distortion Test`$`Outliers Indices`
[1]  6 59

$`MR-PRESSO results`$`Distortion Test`$`Distortion Coefficient`
beta.exposure 
     3.362786 

$`MR-PRESSO results`$`Distortion Test`$Pvalue
[1] 0.985



