SNP	CHROM	POS	REF	ALT	AF	BETA	SE	Z	P	N	TRAIT
rs10796918	1	35624192	A	G	0.890108	-0.0149	0.0295	-0.505085	0.6129	54162	AD
rs4357572	1	50576710	T	A	0.530147	-0.0303	0.016	-1.89375	0.05806	54162	AD
rs2133204	1	77974484	G	A	0.445234	-0.0315	0.0156	-2.019230769230769	0.043660000000000004	54162	AD
rs12068365	1	151015868	G	A	0.0732149	0.019	0.0292	0.6506849315068493	0.5161	54162	AD
rs2072659	1	154548521	C	G	0.100726	-0.0228	0.0335	-0.6805970149253732	0.4951	54162	AD
rs12757660	1	166883273	G	C	0.1349	-0.0217	0.0195	-1.1128205128205129	0.2666	54162	AD
rs2901785	1	174104743	G	A	0.404398	-0.0056	0.0155	-0.36129032258064514	0.7188	54162	AD
rs34973462	1	175993820	C	T	0.414577	5e-4	0.0166	0.030120481927710843	0.978	54162	AD
rs75383625	NA	NA	NA	NA	NA	NA	NA	NA	NA	NA	NA
rs1544850	2	60167206	C	T	0.54024	-6e-4	0.0154	-0.03896103896103895	0.9678	54162	AD
rs7599488	2	60718347	C	T	0.442868	0.0365	0.0159	2.2955974842767293	0.021769999999999998	54162	AD
rs78408772	2	62710608	C	T	0.0813701	5e-4	0.0274	0.01824817518248175	0.9849	54162	AD
rs62151707	NA	NA	NA	NA	NA	NA	NA	NA	NA	NA	NA
rs140066800	NA	NA	NA	NA	NA	NA	NA	NA	NA	NA	NA
rs10204824	2	148372720	A	G	0.579855	-0.0254	0.0171	-1.48538	0.1376	54162	AD
rs1075143	NA	NA	NA	NA	NA	NA	NA	NA	NA	NA	NA
rs2084533	3	16872929	C	T	0.350073	-0.011	0.0172	-0.6395348837209301	0.5225	54162	AD
rs4621280	3	23890310	A	G	0.539526	-0.0023	0.0163	-0.141104	0.8872	54162	AD
rs3749278	3	32209230	T	C	0.422045	0.0183	0.0167	1.095808383233533	0.2721	54162	AD
rs7431710	3	48935583	G	A	0.648	0.0132	0.0162	0.814815	0.4163	54162	AD
rs11711814	3	50044813	T	G	0.0783513	-0.051	0.0289	-1.7647058823529411	0.07805	54162	AD
rs2885264	3	68034430	T	C	0.831813	0.039	0.0353	1.10482	0.2685	54162	AD
rs571513	3	136095035	A	G	0.810667	-0.0178	0.0179	-0.994413	0.3181	54162	AD
rs28813180	3	158083918	G	A	0.502729	0.0026	0.0154	0.1688311688311688	0.8661	54162	AD
rs2032463	4	2941988	T	C	0.503276	-0.0203	0.0159	-1.2767295597484276	0.2039	54162	AD
rs2421267	4	14123179	C	T	0.16709	0.0373	0.0209	1.784688995215311	0.0738	54162	AD
rs4505859	4	44753322	T	C	0.610102	-0.004	0.0163	-0.245399	0.8079999999999999	54162	AD
rs11725618	4	67053769	T	C	0.313319	0.0028	0.0185	0.15135135135135136	0.878	54162	AD
rs787362	4	67904931	T	A	0.469625	0.0057	0.0157	0.36305732484076436	0.7171	54162	AD
rs72652604	NA	NA	NA	NA	NA	NA	NA	NA	NA	NA	NA
rs2289043	4	96106322	A	G	0.708863	-0.0032	0.0168	-0.190476	0.8479	54162	AD
rs4699353	4	99509133	G	A	0.58024	0.011	0.0159	0.691824	0.4883	54162	AD
rs2060220	5	166574542	A	T	0.125136	0.0261	0.0228	1.1447368421052633	0.2531	54162	AD
rs1997690	6	19792254	T	C	0.236383	0.0018	0.0188	0.09574468085106383	0.9233	54162	AD
rs138914325	NA	NA	NA	NA	NA	NA	NA	NA	NA	NA	NA
rs806798	6	26214473	T	C	0.540481	-0.0271	0.0159	-1.7044	0.08838	54162	AD
rs12664932	NA	NA	NA	NA	NA	NA	NA	NA	NA	NA	NA
rs62411292	6	79981676	C	T	0.137781	-0.0234	0.0318	-0.7358490566037735	0.4619	54162	AD
rs9387232	6	97751531	A	G	0.222707	0.0151	0.0221	0.6832579185520362	0.494	54162	AD
rs4478441	6	120579080	G	A	0.625091	0.015	0.016	0.9375	0.3483	54162	AD
rs7769343	NA	NA	NA	NA	NA	NA	NA	NA	NA	NA	NA
rs2159045	7	2207401	T	C	0.361594	0.0232	0.0162	1.4320987654320987	0.1518	54162	AD
rs215600	7	32333642	G	A	0.681551	-0.0279	0.0161	-1.73292	0.08366	54162	AD
rs2529287	NA	NA	NA	NA	NA	NA	NA	NA	NA	NA	NA
rs56323539	NA	NA	NA	NA	NA	NA	NA	NA	NA	NA	NA
rs12538820	7	99340049	G	A	0.113125	0.0888	0.0465	1.9096774193548387	0.05629	54162	AD
rs58132560	7	125704516	T	C	0.452381	0.0409	0.0157	2.605095541401274	0.008896	54162	AD
rs73229090	8	27442127	C	A	0.116195	0.0413	0.0235	1.7574468085106385	0.07865	54162	AD
rs58379124	8	42579203	T	C	0.763781	-1e-4	0.0191	-0.0052356	0.9966	54162	AD
rs148168945	NA	NA	NA	NA	NA	NA	NA	NA	NA	NA	NA
rs790564	8	64604218	A	C	0.758351	0.0076	0.0175	0.434286	0.6656	54162	AD
rs1999066	9	120514464	G	C	0.651587	0.0098	0.0162	0.604938	0.5454	54162	AD
rs7874404	NA	NA	NA	NA	NA	NA	NA	NA	NA	NA	NA
rs3025383	9	136502369	T	C	0.173755	-0.0081	0.0213	-0.38028169014084506	0.7037	54162	AD
rs11186903	10	94055996	T	C	0.443215	-0.0359	0.0163	-2.2024539877300615	0.02754	54162	AD
rs189991035	NA	NA	NA	NA	NA	NA	NA	NA	NA	NA	NA
rs7951365	11	16377044	T	C	0.290545	0.034	0.0203	1.6748768472906406	0.09377	54162	AD
rs147604281	NA	NA	NA	NA	NA	NA	NA	NA	NA	NA	NA
rs7944241	11	43695374	A	G	0.471591	0.0021	0.0162	0.12962962962962962	0.8948	54162	AD
rs75494138	11	46465361	C	T	0.0567235	-0.0462	0.0309	-1.4951456310679612	0.1343	54162	AD
rs11605503	NA	NA	NA	NA	NA	NA	NA	NA	NA	NA	NA
rs7928017	11	113448762	C	A	0.385189	0.0079	0.0159	0.4968553459119497	0.6203	54162	AD
rs12271392	11	133080113	C	T	0.103229	-0.0196	0.0251	-0.7808764940239044	0.4356	54162	AD
rs4463860	11	133742911	G	C	0.394507	-0.0055	0.0181	-0.3038674033149171	0.7619	54162	AD
rs10785134	12	74974309	A	G	0.265869	-0.0104	0.0182	-0.5714285714285714	0.5676	54162	AD
rs79250609	12	109988858	C	T	0.127924	-0.0418	0.0243	-1.7201646090534979	0.08557999999999999	54162	AD
rs1458269	13	54434565	T	C	0.682922	0.0057	0.016	0.35625	0.7231	54162	AD
rs9569733	13	58316612	T	C	0.169568	-0.0157	0.0221	-0.7104072398190044	0.4787	54162	AD
rs9571688	13	67478566	A	G	0.279723	0.0122	0.0165	0.7393939393939394	0.4604	54162	AD
rs1106649	13	111168488	C	T	0.0675182	0.0023	0.0306	0.07516339869281045	0.9405	54162	AD
rs914027	13	112185071	C	T	0.563225	-0.0047	0.0172	-0.27325581395348836	0.7873	54162	AD
rs35011804	14	104151400	C	T	0.39121	0.0177	0.0167	1.0598802395209581	0.2879	54162	AD
rs1657936	15	57113013	C	T	0.793222	0.0019	0.0188	0.101064	0.9201	54162	AD
rs632811	NA	NA	NA	NA	NA	NA	NA	NA	NA	NA	NA
rs8034191	15	78806023	T	C	0.333152	-0.0354	0.0168	-2.107142857142857	0.03562	54162	AD
rs141147481	15	78835239	C	G	0.0213846	-0.0219	0.0818	-0.26772616136919314	0.7889	54162	AD
rs182317	15	89943601	G	T	0.32478	0.0075	0.0176	0.4261363636363636	0.6675	54162	AD
rs12933462	16	5344027	C	G	0.0773008	0.0315	0.041	0.7682926829268293	0.4429	54162	AD
rs12443627	NA	NA	NA	NA	NA	NA	NA	NA	NA	NA	NA
rs2386571	16	52074123	A	C	0.609636	0.0025	0.0158	0.158228	0.8747	54162	AD
rs11647656	16	64960717	C	T	0.308615	-0.0031	0.0165	-0.18787878787878787	0.8508	54162	AD
rs12924872	16	69552215	C	T	0.465086	0.003	0.0159	0.18867924528301885	0.8524	54162	AD
rs310333	16	71579667	A	C	0.694204	-0.0373	0.0185	-2.01622	0.043269999999999996	54162	AD
rs11861635	16	82543378	C	G	0.0277274	0.0797	0.0546	1.4597069597069594	0.1444	54162	AD
rs4785587	16	89772619	G	A	0.562023	-8e-4	0.0183	-0.0437158	0.9645	54162	AD
rs8614	17	27588806	C	A	0.130324	-0.0113	0.0204	-0.5539215686274509	0.5798	54162	AD
rs62083758	NA	NA	NA	NA	NA	NA	NA	NA	NA	NA	NA
rs11872159	18	51275090	T	C	0.159717	0.0033	0.022	0.15	0.8804	54162	AD
rs35178579	18	53268923	G	A	0.18848	-0.0289	0.0201	-1.4378109452736318	0.1512	54162	AD
rs4485470	18	62125063	G	A	0.614769	-0.0176	0.0162	-1.08642	0.2781	54162	AD
rs895330	19	4060707	C	G	0.149655	0.0043	0.0212	0.2028301886792453	0.8392	54162	AD
rs2542277	19	31885287	G	A	0.556951	0.0131	0.016	0.81875	0.4125	54162	AD
rs34406232	19	41305530	C	A	0.0251468	-0.0165	0.0511	-0.3228962818003914	0.7463	54162	AD
rs56113850	19	41353107	T	C	0.575037	0.027	0.0228	1.18421	0.235	54162	AD
rs117875279	19	41498715	G	A	0.0172289	0.0283	0.0739	0.3829499323410014	0.7016	54162	AD
rs34677607	NA	NA	NA	NA	NA	NA	NA	NA	NA	NA	NA
rs1962635	19	47802113	C	T	0.292274	0.005	0.0187	0.26737967914438504	0.7908	54162	AD
rs6078373	20	11863500	G	A	0.428209	-0.0015	0.0163	-0.09202453987730062	0.9268	54162	AD
rs2424627	20	24707912	C	T	0.712754	0.0129	0.0169	0.763314	0.4447	54162	AD
rs2424888	20	31047533	G	A	0.434423	-0.0209	0.0163	-1.2822085889570551	0.2007	54162	AD
rs2273500	20	61986949	T	C	0.167879	0.0095	0.0451	0.2106430155210643	0.8329	54162	AD
rs145104523	21	40644110	C	T	0.123855	0.0209	0.0259	0.8069498069498069	0.4181	54162	AD
