$`Main MR results`
       Exposure       MR Analysis Causal Estimate      Sd     T-stat   P-value
1 beta.exposure               Raw       -1120.246 1838.02 -0.6094849 0.5435854
2 beta.exposure Outlier-corrected              NA      NA         NA        NA

$`MR-PRESSO results`
$`MR-PRESSO results`$`Global Test`
$`MR-PRESSO results`$`Global Test`$RSSobs
[1] 151.6933

$`MR-PRESSO results`$`Global Test`$Pvalue
[1] 0.0018


$`MR-PRESSO results`$`Outlier Test`
          RSSobs Pvalue
1    35768.95630      1
2    26001.00958      1
3     7396.30673      1
4    89617.73290 0.9494
5      995.54975      1
6     5308.79561      1
7     1022.65679      1
8    48327.30004      1
9    60718.96065      1
10   30226.95425      1
11     765.51031      1
12   19905.68263      1
13   77494.15122      1
14   32337.59646      1
15   32242.43754      1
16   62433.07417      1
17    3266.01547      1
18   26729.37725      1
19   91087.30285      1
20    3136.00963      1
21   92889.24425  0.808
22   66268.16884      1
23   42402.88167      1
24   11223.34700      1
25    9086.26356      1
26    8982.42700      1
27     745.94762      1
28  953400.34589      1
29   19271.33618      1
30   44290.07583      1
31   92395.00238      1
32    9539.82413      1
33   89302.38026      1
34   12638.08914      1
35   27203.09319      1
36    2047.20362      1
37    9982.81010      1
38   57924.11318      1
39  275024.07223      1
40    2137.49655      1
41   76264.68988      1
42    5878.92087      1
43    7952.05841      1
44    1601.38383      1
45     359.52736      1
46     234.05956      1
47    1932.78989      1
48      57.75857      1
49   23664.91409      1
50    9917.23405      1
51   23363.78826      1
52     104.73500      1
53    3116.37865      1
54   44233.77804      1
55    1721.91101      1
56    2337.69265      1
57   24357.12544      1
58     132.65496      1
59   22094.60487      1
60    3150.10649      1
61     542.19445      1
62    8754.90477      1
63   53187.22312      1
64  107835.93436      1
65    2331.73702      1
66    2927.67365      1
67     503.20296      1
68    2808.13418      1
69      11.23905      1
70    2908.94174      1
71   28486.57123      1
72   89746.33700 0.8484
73     988.14304      1
74   46751.75975      1
75   14996.24293      1
76    8563.07110      1
77     251.53911      1
78   30876.29378      1
79   27799.56580      1
80   10724.90900      1
81     354.92953      1
82   10599.75953      1
83    2354.79821      1
84   13711.52241      1
85   57988.10939      1
86    3041.62813      1
87    2215.36174      1
88    7570.10312      1
89     795.99759      1
90   43420.15403      1
91   66873.20571      1
92   24794.35333      1
93    1293.65527      1
94    2490.60876      1
95   60241.99872      1
96  121303.78281 0.1414
97   13673.41133      1
98    3144.37929      1
99    1782.12325      1
100   6997.68402      1
101  17030.88113      1

$`MR-PRESSO results`$`Distortion Test`
$`MR-PRESSO results`$`Distortion Test`$`Outliers Indices`
[1] "No significant outliers"

$`MR-PRESSO results`$`Distortion Test`$`Distortion Coefficient`
[1] NA

$`MR-PRESSO results`$`Distortion Test`$Pvalue
[1] NA



