$`Main MR results`
       Exposure       MR Analysis Causal Estimate         Sd      T-stat
1 beta.exposure               Raw     0.008157427 0.08674894  0.09403489
2 beta.exposure Outlier-corrected    -0.056977348 0.07761658 -0.73408732
    P-value
1 0.9252715
2 0.4646663

$`MR-PRESSO results`
$`MR-PRESSO results`$`Global Test`
$`MR-PRESSO results`$`Global Test`$RSSobs
[1] 174.4927

$`MR-PRESSO results`$`Global Test`$Pvalue
[1] "<1e-04"


$`MR-PRESSO results`$`Outlier Test`
          RSSobs Pvalue
1   6.667903e-05      1
2   5.402130e-06      1
3   2.613962e-06      1
4   2.617113e-06      1
5   2.243946e-04      1
6   2.524281e-05      1
7   1.183084e-04      1
8   1.793210e-04      1
9   7.414770e-05      1
10  4.103170e-05      1
11  1.710241e-04      1
12  2.108501e-06      1
13  1.039834e-03      1
14  6.101606e-06      1
15  2.955217e-04      1
16  1.516871e-06      1
17  1.919293e-04      1
18  3.507095e-05      1
19  4.630167e-05      1
20  8.777656e-04    0.1
21  1.921039e-04      1
22  2.955150e-04      1
23  9.246252e-06      1
24  5.731159e-04      1
25  6.955955e-04      1
26  1.756518e-04      1
27  1.565615e-04      1
28  3.079423e-04      1
29  3.557690e-05      1
30  3.627710e-04      1
31  1.242537e-03      1
32  2.297876e-05      1
33  4.209008e-05      1
34  4.862555e-03      1
35  1.368924e-03      1
36  7.761194e-06      1
37  7.468525e-05      1
38  1.952935e-03      1
39  1.723568e-05      1
40  1.529036e-03      1
41  1.187736e-04      1
42  1.955129e-05      1
43  1.991917e-04      1
44  1.303443e-05      1
45  7.832992e-04      1
46  1.483856e-04      1
47  1.085757e-04      1
48  7.329104e-05      1
49  6.140268e-05      1
50  2.945783e-04      1
51  1.763672e-03      1
52  2.104254e-04      1
53  1.808052e-04      1
54  1.095721e-05      1
55  4.911508e-05      1
56  5.052755e-05      1
57  2.999044e-04      1
58  2.106911e-04      1
59  1.623081e-04      1
60  4.132436e-03  <0.01
61  1.521883e-06      1
62  3.453387e-05      1
63  5.096983e-05      1
64  5.037711e-05      1
65  2.566209e-05      1
66  1.860961e-04      1
67  5.214439e-03      1
68  7.103696e-04      1
69  2.113878e-04      1
70  9.398616e-04      1
71  1.162768e-03      1
72  1.659252e-05      1
73  1.341767e-06      1
74  5.157507e-04      1
75  4.405050e-06      1
76  2.148618e-05      1
77  2.329204e-04      1
78  2.114341e-06      1
79  5.107840e-05      1
80  7.752726e-05      1
81  7.611731e-06      1
82  6.757015e-06      1
83  6.853382e-04      1
84  7.204669e-06      1
85  1.693090e-04      1
86  9.807306e-05      1
87  4.435131e-05      1
88  1.210409e-04      1
89  1.984987e-05      1
90  6.980469e-05      1
91  1.758169e-05      1
92  4.494198e-05      1
93  1.021435e-03   0.05
94  6.843024e-04      1
95  2.057845e-05      1
96  2.684410e-06      1
97  4.962234e-05      1
98  8.856175e-05      1
99  7.122640e-05      1
100 6.825558e-05      1

$`MR-PRESSO results`$`Distortion Test`
$`MR-PRESSO results`$`Distortion Test`$`Outliers Indices`
[1] 60 93

$`MR-PRESSO results`$`Distortion Test`$`Distortion Coefficient`
beta.exposure 
      114.317 

$`MR-PRESSO results`$`Distortion Test`$Pvalue
[1] 0.2727



