SNP	CHROM	POS	REF	ALT	AF	BETA	SE	Z	P	N	TRAIT
rs705687	NA	NA	NA	NA	NA	NA	NA	NA	NA	NA	NA
rs58107686	1	33837334	C	A	0.352545	-3.483e-4	0.006039	-0.05767511177347243	0.9540000000000001	3146	CSF_tau
rs12088813	1	66407700	A	C	0.253723	-0.0041719999999999995	0.006456	-0.6462205700123915	0.5182	3146	CSF_tau
rs5024204	1	71491890	A	T	0.322323	-0.005698	0.006188	-0.920814479638009	0.3572	3146	CSF_tau
rs184083806	NA	NA	NA	NA	NA	NA	NA	NA	NA	NA	NA
rs10753661	1	165119792	G	A	0.710727	-0.006782	0.006234	-1.08791	0.2767	3146	CSF_tau
rs28680958	1	173848808	G	A	0.214623	0.005596	0.006705	0.8346010439970172	0.4039	3146	CSF_tau
rs823114	1	205719532	G	A	0.558534	-0.006634	0.005751	-1.15354	0.2487	3146	CSF_tau
rs77165542	NA	NA	NA	NA	NA	NA	NA	NA	NA	NA	NA
rs1260326	2	27730940	T	C	0.613661	0.002061	0.005737	0.359247	0.7194	3146	CSF_tau
rs13383034	NA	NA	NA	NA	NA	NA	NA	NA	NA	NA	NA
rs13032049	2	63581507	A	G	0.23137	-0.004753	0.006295	-0.7550436854646545	0.4503	3146	CSF_tau
rs828867	2	74334462	G	A	0.54562	-0.003695	0.006196	-0.596352	0.551	3146	CSF_tau
rs11692435	2	98275354	G	A	0.140881	0.014730000000000002	0.010490000000000001	1.4041944709246903	0.1603	3146	CSF_tau
rs13024996	2	144225215	C	A	0.327762	0.004596	0.005896	0.7795115332428766	0.4358	3146	CSF_tau
rs72859280	2	147956293	G	T	0.0368154	0.02939	0.01647	1.7844565877352765	0.07445	3146	CSF_tau
rs56337305	2	225475560	T	C	0.429764	-0.005437	0.0059229999999999994	-0.9179469863244978	0.3587	3146	CSF_tau
rs2972155	2	227117698	C	G	0.640239	-0.002718	0.00594	-0.457576	0.6472	3146	CSF_tau
rs2300669	3	38541318	C	A	0.3619	0.01009	0.005816	1.734869325997249	0.08283	3146	CSF_tau
rs13094887	3	70968431	A	T	0.345596	-0.01525	0.006298	-2.421403620196888	0.01553	3146	CSF_tau
rs9860769	NA	NA	NA	NA	NA	NA	NA	NA	NA	NA	NA
rs9838144	NA	NA	NA	NA	NA	NA	NA	NA	NA	NA	NA
rs60654199	3	141267295	C	A	0.0553331	-0.007756	0.01264	-0.6136075949367088	0.5396	3146	CSF_tau
rs6787172	3	158187811	T	G	0.546761	0.007073	0.0057090000000000005	1.23892	0.2155	3146	CSF_tau
rs1881973	NA	NA	NA	NA	NA	NA	NA	NA	NA	NA	NA
rs3748034	NA	NA	NA	NA	NA	NA	NA	NA	NA	NA	NA
rs11728253	NA	NA	NA	NA	NA	NA	NA	NA	NA	NA	NA
rs11940694	NA	NA	NA	NA	NA	NA	NA	NA	NA	NA	NA
rs4501255	4	42151306	C	G	0.226941	0.001193	0.006739	0.1770292328238611	0.8594	3146	CSF_tau
rs1229984	NA	NA	NA	NA	NA	NA	NA	NA	NA	NA	NA
rs2165670	4	100286085	G	A	0.136735	0.00893	0.01031	0.866149369544132	0.3863	3146	CSF_tau
rs13107325	4	103188709	C	T	0.0473169	-0.007384	0.011170000000000001	-0.6610564010743061	0.5086	3146	CSF_tau
rs4690727	4	143648579	C	G	0.70856	0.00298	0.00633	0.470774	0.6378	3146	CSF_tau
rs12651313	4	171086393	C	G	0.428023	4.792e-4	0.005733	0.08358625501482644	0.9334	3146	CSF_tau
rs6451575	5	19959057	A	T	0.553118	-0.007928	0.005653	-1.40244	0.1609	3146	CSF_tau
rs4916723	5	87854395	A	C	0.441369	-0.002508	0.0061189999999999994	-0.4098708939369178	0.682	3146	CSF_tau
rs12655091	5	144412335	G	A	0.524519	-0.00419	0.005611	-0.746747	0.4553	3146	CSF_tau
rs55872084	5	155902003	G	T	0.180233	2.8700000000000004e-4	0.006813	0.042125348598268025	0.9664	3146	CSF_tau
rs55786063	5	166833187	G	T	0.527213	0.009646	0.005731	1.6831268539521897	0.09247999999999999	3146	CSF_tau
rs10711214	NA	NA	NA	NA	NA	NA	NA	NA	NA	NA	NA
rs10948615	6	51339421	A	C	0.298982	0.003317	0.006175	0.537165991902834	0.5912	3146	CSF_tau
rs1906252	6	98550289	C	A	0.462909	-3.237e-4	0.005703	-0.056759600210415574	0.9547	3146	CSF_tau
rs113072763	NA	NA	NA	NA	NA	NA	NA	NA	NA	NA	NA
rs6460047	NA	NA	NA	NA	NA	NA	NA	NA	NA	NA	NA
rs10236149	NA	NA	NA	NA	NA	NA	NA	NA	NA	NA	NA
rs35034355	7	103840115	G	A	0.504898	0.003745	0.005598	0.668989	0.5036	3146	CSF_tau
rs6951574	NA	NA	NA	NA	NA	NA	NA	NA	NA	NA	NA
rs13250583	8	20949917	C	T	0.206846	0.001328	0.007223	0.18385712307905303	0.8542	3146	CSF_tau
rs1217091	8	64527399	T	C	0.8251	-0.003752	0.007372	-0.508953	0.6108	3146	CSF_tau
rs1814032	8	93005447	C	A	0.203771	0.0025329999999999997	0.006837	0.37048413046657885	0.7111	3146	CSF_tau
rs28601761	8	126500031	C	G	0.459774	0.0053490000000000005	0.005745	0.931070496083551	0.35200000000000004	3146	CSF_tau
rs55932213	NA	NA	NA	NA	NA	NA	NA	NA	NA	NA	NA
rs10978550	9	109345993	T	C	0.191064	-0.0035979999999999996	0.007044	-0.5107893242475866	0.6096	3146	CSF_tau
rs7074871	10	110507806	G	A	0.215942	0.006077	0.006494	0.9357868801971051	0.3495	3146	CSF_tau
rs17665139	10	125093880	C	T	0.123773	-0.007866	0.008014	-0.9815323184427251	0.3264	3146	CSF_tau
rs7950166	11	8642218	C	T	0.629495	0.005545	0.005771	0.960839	0.3366	3146	CSF_tau
rs11030084	11	27643725	C	T	0.162972	-0.005184	0.007418999999999999	-0.6987464617873029	0.4847	3146	CSF_tau
rs56030824	11	47397353	G	A	0.334245	-0.007755	0.006132	-1.2646771037181994	0.2061	3146	CSF_tau
rs10750025	11	113424042	C	T	0.76269	0.002728	0.006068	0.449572	0.653	3146	CSF_tau
rs4938230	11	116075001	C	A	0.836727	0.01052	0.0075650000000000005	1.39061	0.1645	3146	CSF_tau
rs682011	11	121544285	T	C	0.603166	-1.821e-4	0.005691	-0.0319979	0.9745	3146	CSF_tau
rs12795042	NA	NA	NA	NA	NA	NA	NA	NA	NA	NA	NA
rs3809162	12	54674235	A	G	0.43228	0.001997	0.005725	0.34882096069868995	0.7272	3146	CSF_tau
rs10506274	12	81601464	G	T	0.451144	0.006817	0.005727	1.1903265234852454	0.23399999999999999	3146	CSF_tau
rs7959601	NA	NA	NA	NA	NA	NA	NA	NA	NA	NA	NA
rs500321	13	27124360	A	T	0.760341	-0.008414	0.006456	-1.30328	0.1925	3146	CSF_tau
rs34704785	13	68117681	C	T	0.517583	0.001718	0.005714	0.300665	0.7637	3146	CSF_tau
rs1157341	14	42808815	A	G	0.4209	0.003917	0.0060869999999999995	0.6435025464103828	0.52	3146	CSF_tau
rs2180870	14	58782779	T	C	0.114674	0.006940000000000001	0.008244	0.8418243571082	0.3999	3146	CSF_tau
rs28929474	NA	NA	NA	NA	NA	NA	NA	NA	NA	NA	NA
rs2472297	15	75027880	C	T	0.269287	0.003144	0.006658	0.4722138780414539	0.6368	3146	CSF_tau
rs12907323	15	86796012	A	G	0.426834	0.0031550000000000003	0.006261999999999999	0.5038326413286491	0.6144	3146	CSF_tau
rs17177078	16	24810681	C	T	0.0531182	0.009495	0.01201	0.7905911740216486	0.4294	3146	CSF_tau
rs4788095	16	28831359	T	C	0.408909	-0.0033450000000000003	0.005862	-0.5706243602865917	0.5683	3146	CSF_tau
rs3809627	16	30103160	C	A	0.436047	0.0016010000000000002	0.006197	0.25835081491044054	0.7962	3146	CSF_tau
rs62044525	16	64872590	C	G	0.145917	0.005357	0.007719	0.6940018137064387	0.4878	3146	CSF_tau
rs74980679	16	71779310	G	T	0.120508	-0.0015810000000000002	0.008314	-0.19016117392350254	0.8492	3146	CSF_tau
rs1104608	NA	NA	NA	NA	NA	NA	NA	NA	NA	NA	NA
rs4548913	NA	NA	NA	NA	NA	NA	NA	NA	NA	NA	NA
rs3803800	17	7462969	A	G	0.761077	0.004307	0.006828	0.630785	0.5283	3146	CSF_tau
rs57828851	NA	NA	NA	NA	NA	NA	NA	NA	NA	NA	NA
rs1971157	NA	NA	NA	NA	NA	NA	NA	NA	NA	NA	NA
rs2854334	17	29715500	A	G	0.570252	0.00252	0.005903	0.426902	0.6695	3146	CSF_tau
rs76640332	NA	NA	NA	NA	NA	NA	NA	NA	NA	NA	NA
rs10438820	17	78524597	C	T	0.727157	-0.006274	0.00619	-1.01357	0.3108	3146	CSF_tau
rs9950000	18	53052169	C	T	0.358415	0.008647	0.0057079999999999995	1.5148913805185706	0.1299	3146	CSF_tau
rs4092465	18	55080437	A	G	0.615399	-9.463e-4	0.006248	-0.151456	0.8796	3146	CSF_tau
rs28568614	19	18479019	A	G	0.56929	-0.006053	0.005705	-1.061	0.2888	3146	CSF_tau
rs8107737	19	42651599	T	G	0.0967742	-0.0059229999999999994	0.009076	-0.6526002644336711	0.5141	3146	CSF_tau
rs584768	NA	NA	NA	NA	NA	NA	NA	NA	NA	NA	NA
rs4815364	NA	NA	NA	NA	NA	NA	NA	NA	NA	NA	NA
rs9607814	22	41946519	C	A	0.185579	0.0047799999999999995	0.007268000000000001	0.6576774903687396	0.5108	3146	CSF_tau
