$`Main MR results`
       Exposure       MR Analysis Causal Estimate         Sd     T-stat
1 beta.exposure               Raw      0.07069642 0.07897572  0.8951666
2 beta.exposure Outlier-corrected     -0.02434741 0.05379864 -0.4525654
    P-value
1 0.3731401
2 0.6519882

$`MR-PRESSO results`
$`MR-PRESSO results`$`Global Test`
$`MR-PRESSO results`$`Global Test`$RSSobs
[1] 218.1545

$`MR-PRESSO results`$`Global Test`$Pvalue
[1] "<1e-04"


$`MR-PRESSO results`$`Outlier Test`
         RSSobs  Pvalue
1  3.633497e-05       1
2  8.149802e-05       1
3  8.871840e-06       1
4  1.976207e-06       1
5  3.561992e-05       1
6  5.428256e-05       1
7  8.344596e-06       1
8  1.687711e-04       1
9  6.481934e-06       1
10 6.017929e-05       1
11 1.358953e-05       1
12 1.292267e-04       1
13 2.770165e-07       1
14 1.046251e-04       1
15 3.538306e-05       1
16 7.290266e-06       1
17 3.115918e-05       1
18 5.661091e-05       1
19 4.453978e-05       1
20 4.072742e-05       1
21 2.236911e-04       1
22 6.870708e-07       1
23 3.531587e-04       1
24 5.077030e-05       1
25 5.113720e-04       1
26 3.179086e-05       1
27 9.059451e-05       1
28 1.355516e-05       1
29 1.939402e-05       1
30 7.893881e-06       1
31 4.320579e-07       1
32 5.921006e-07       1
33 1.395933e-04       1
34 1.326874e-07       1
35 1.711875e-07       1
36 7.885152e-07       1
37 6.199074e-07       1
38 1.492917e-06       1
39 3.993041e-05       1
40 6.756002e-06       1
41 5.009137e-05       1
42 7.622641e-08       1
43 2.392124e-05       1
44 2.377724e-04       1
45 6.466590e-07       1
46 4.000809e-07       1
47 3.325349e-06       1
48 1.152561e-04       1
49 2.732523e-04       1
50 2.916842e-05       1
51 1.249517e-05       1
52 4.317697e-05       1
53 5.252656e-03 <0.0089
54 3.212578e-05       1
55 1.311426e-05       1
56 6.170446e-06       1
57 4.992394e-05       1
58 2.730903e-05       1
59 3.445583e-05       1
60 6.350411e-05       1
61 1.988614e-07       1
62 5.698976e-05       1
63 2.367637e-05       1
64 4.181762e-06       1
65 7.160424e-04       1
66 2.476144e-05       1
67 1.321315e-06       1
68 6.756038e-05       1
69 2.372222e-05       1
70 5.510916e-05       1
71 1.525975e-05       1
72 5.874278e-06       1
73 8.467279e-07       1
74 2.407739e-04       1
75 4.273198e-05       1
76 7.677347e-06       1
77 1.009502e-05       1
78 1.645347e-04       1
79 2.271334e-05       1
80 1.489499e-05       1
81 5.571258e-05       1
82 4.973537e-05       1
83 9.572284e-05       1
84 2.714318e-04  0.8188
85 1.136040e-07       1
86 3.304392e-06       1
87 1.657710e-04       1
88 2.091789e-07       1
89 1.152784e-05       1

$`MR-PRESSO results`$`Distortion Test`
$`MR-PRESSO results`$`Distortion Test`$`Outliers Indices`
[1] 53

$`MR-PRESSO results`$`Distortion Test`$`Distortion Coefficient`
beta.exposure 
     390.3653 

$`MR-PRESSO results`$`Distortion Test`$Pvalue
[1] 0.1039



