SNP	CHROM	POS	REF	ALT	AF	BETA	SE	Z	P	N	TRAIT
rs61780535	NA	NA	NA	NA	NA	NA	NA	NA	NA	NA	NA
rs150863806	NA	NA	NA	NA	NA	NA	NA	NA	NA	NA	NA
rs115181288	NA	NA	NA	NA	NA	NA	NA	NA	NA	NA	NA
rs11586691	1	151771667	T	C	0.470385	0.002865	0.005475	0.5232876712328767	0.6009	3146	CSF_ab42
rs2494664	1	154057802	A	G	0.438017	-3.731e-4	0.0059689999999999995	-0.06250628245937344	0.9502	3146	CSF_ab42
rs749256	1	156884365	T	C	0.722707	0.002214	0.007474	0.296227	0.7671	3146	CSF_ab42
rs3936938	1	181031797	G	A	0.614561	-0.002741	0.005903	-0.46434	0.6424	3146	CSF_ab42
rs2942127	1	204420067	G	A	0.781613	-5.109e-4	0.006647	-0.0768617	0.9387	3146	CSF_ab42
rs10157145	1	205261963	T	C	0.497864	0.009766	0.005843	1.6714	0.0948	3146	CSF_ab42
rs6743932	2	35005351	G	A	0.148276	-0.003919	0.006678	-0.5868523510032944	0.5574	3146	CSF_ab42
rs1974771	2	54278543	G	A	0.106468	8.613e-4	0.00885	0.09732203389830507	0.9225	3146	CSF_ab42
rs2451292	NA	NA	NA	NA	NA	NA	NA	NA	NA	NA	NA
rs4850842	NA	NA	NA	NA	NA	NA	NA	NA	NA	NA	NA
rs2710477	2	210508116	T	A	0.106302	0.008452	0.009822	0.8605172062716351	0.3896	3146	CSF_ab42
rs79827893	NA	NA	NA	NA	NA	NA	NA	NA	NA	NA	NA
rs114524724	NA	NA	NA	NA	NA	NA	NA	NA	NA	NA	NA
rs12233587	NA	NA	NA	NA	NA	NA	NA	NA	NA	NA	NA
rs2114286	NA	NA	NA	NA	NA	NA	NA	NA	NA	NA	NA
rs62252168	3	43958323	C	T	0.0960493	2.641e-5	0.009573	0.002758800793899509	0.9978	3146	CSF_ab42
rs877483	3	53846741	T	C	0.572572	-0.01718	0.006363000000000001	-2.69998	0.0070019999999999995	3146	CSF_ab42
rs2035562	3	85056521	A	G	0.625499	0.001739	0.005818	0.2989	0.7651	3146	CSF_ab42
rs7652008	3	127160434	T	C	0.481266	-0.011940000000000001	0.0053100000000000005	-2.248587570621469	0.024640000000000002	3146	CSF_ab42
rs181220614	NA	NA	NA	NA	NA	NA	NA	NA	NA	NA	NA
rs192904106	NA	NA	NA	NA	NA	NA	NA	NA	NA	NA	NA
rs1873585	3	173641375	A	G	0.275555	0.01029	0.006362	1.617415906947501	0.106	3146	CSF_ab42
rs72638967	NA	NA	NA	NA	NA	NA	NA	NA	NA	NA	NA
rs7690846	NA	NA	NA	NA	NA	NA	NA	NA	NA	NA	NA
rs6812265	4	139726791	C	T	0.436773	0.006533	0.005377000000000001	1.2149897712479076	0.2245	3146	CSF_ab42
rs1972763	4	159860563	C	T	0.670364	0.001863	0.005582999999999999	0.333692	0.7387	3146	CSF_ab42
rs62352768	NA	NA	NA	NA	NA	NA	NA	NA	NA	NA	NA
rs17183317	4	171734020	A	G	0.045471	-0.02084	0.01162	-1.793459552495697	0.07296	3146	CSF_ab42
rs77742115	5	18330424	T	C	0.126268	-0.003403	0.008004	-0.4251624187906047	0.6707	3146	CSF_ab42
rs10041140	NA	NA	NA	NA	NA	NA	NA	NA	NA	NA	NA
rs56947091	5	88160354	C	T	0.552489	-0.001218	0.005376	-0.2265625	0.8208	3146	CSF_ab42
rs114243593	NA	NA	NA	NA	NA	NA	NA	NA	NA	NA	NA
rs144143828	6	25208153	C	T	0.061865	0.01345	0.01009	1.3330029732408326	0.1823	3146	CSF_ab42
rs35400317	6	26593275	C	T	0.068348	0.01495	0.00984	1.5193089430894309	0.1288	3146	CSF_ab42
rs149943	6	28002388	G	A	0.097313	0.01721	0.008015999999999999	2.1469560878243517	0.03185	3146	CSF_ab42
rs9257566	NA	NA	NA	NA	NA	NA	NA	NA	NA	NA	NA
rs3094622	NA	NA	NA	NA	NA	NA	NA	NA	NA	NA	NA
rs2596547	NA	NA	NA	NA	NA	NA	NA	NA	NA	NA	NA
rs2854277	6	32628084	C	T	0.121	0.01265	0.009061	1.3960931464518265	0.1627	3146	CSF_ab42
rs9446663	6	73180747	C	A	0.30681	9.000999999999999e-4	0.005797	0.1552699672244264	0.8766	3146	CSF_ab42
rs2388195	NA	NA	NA	NA	NA	NA	NA	NA	NA	NA	NA
rs2764261	6	108927842	A	G	0.562613	-0.005641	0.005543	-1.01768	0.3089	3146	CSF_ab42
rs17075350	NA	NA	NA	NA	NA	NA	NA	NA	NA	NA	NA
rs56293069	7	8621822	G	C	0.292182	-0.005797999999999999	0.006942	-0.8352059925093631	0.4037	3146	CSF_ab42
rs1186721	7	34974602	G	A	0.285714	-0.00495	0.005737	-0.8628202893498345	0.3883	3146	CSF_ab42
rs921915	7	50228581	T	C	0.569797	0.001313	0.005378	0.244143	0.8072	3146	CSF_ab42
rs184749094	NA	NA	NA	NA	NA	NA	NA	NA	NA	NA	NA
rs1043595	7	128410012	G	A	0.231663	-0.003959000000000001	0.006504	-0.6087023370233703	0.5428	3146	CSF_ab42
rs7804463	7	133447651	T	C	0.453205	-0.004838	0.005258	-0.9201217192848993	0.3576	3146	CSF_ab42
rs161344	7	137045731	C	A	0.445676	0.007795000000000001	0.00591	1.3189509306260576	0.1874	3146	CSF_ab42
rs143811675	NA	NA	NA	NA	NA	NA	NA	NA	NA	NA	NA
rs149136789	NA	NA	NA	NA	NA	NA	NA	NA	NA	NA	NA
rs4872389	8	25909499	C	T	0.270644	-0.007044	0.00628	-1.121656050955414	0.2621	3146	CSF_ab42
rs67432617	8	104812820	A	C	0.202614	-0.009181	0.006682	-1.3739898234061658	0.1696	3146	CSF_ab42
rs2721937	8	116633699	C	T	0.209742	6.949e-4	0.007033	0.09880563059860657	0.9213	3146	CSF_ab42
rs2988004	NA	NA	NA	NA	NA	NA	NA	NA	NA	NA	NA
rs2148201	10	2323505	G	A	0.435613	-0.01098	0.006693000000000001	-1.6405199462124604	0.1012	3146	CSF_ab42
rs4304660	10	22295747	G	A	0.748638	-0.004826	0.007483	-0.644929	0.519	3146	CSF_ab42
rs80014012	10	86318511	A	C	0.0565828	-0.005983	0.01115	-0.536591928251121	0.5916	3146	CSF_ab42
rs12360330	10	104148355	C	T	0.197569	-0.004422	0.007906999999999999	-0.5592512963197167	0.5760000000000001	3146	CSF_ab42
rs2283249	11	17824372	T	G	0.310182	4.765e-4	0.0060539999999999995	0.07870829203832178	0.9373	3146	CSF_ab42
rs10835224	NA	NA	NA	NA	NA	NA	NA	NA	NA	NA	NA
rs11605988	11	57797100	A	T	0.332363	-0.01215	0.005988	-2.0290581162324646	0.04252	3146	CSF_ab42
rs527737	11	65884800	C	T	0.506947	-0.006593	0.005365999999999999	-1.22866	0.2193	3146	CSF_ab42
rs72928932	NA	NA	NA	NA	NA	NA	NA	NA	NA	NA	NA
rs2267549	12	4771682	G	A	0.437999	-0.001112	0.0056700000000000006	-0.19611992945326276	0.8446	3146	CSF_ab42
rs11048486	12	26524796	C	A	0.124184	-0.008273	0.007194	-1.149986099527384	0.2503	3146	CSF_ab42
rs61928076	12	53730164	G	A	0.0220481	-0.02487	0.01614	-1.54089219330855	0.1235	3146	CSF_ab42
rs10506671	12	75522128	G	A	0.069873	-2.622e-5	0.008513	-0.0030799953013038884	0.9975	3146	CSF_ab42
rs2638463	12	89669785	G	A	0.270887	-0.001756	0.006775	-0.25918819188191883	0.7955	3146	CSF_ab42
rs9919769	12	126827971	A	G	0.168362	-0.002482	0.006242	-0.3976289650752963	0.6909	3146	CSF_ab42
rs78359610	NA	NA	NA	NA	NA	NA	NA	NA	NA	NA	NA
rs9579775	NA	NA	NA	NA	NA	NA	NA	NA	NA	NA	NA
rs17573850	13	44885589	A	G	0.227487	0.004729	0.00642	0.7366043613707164	0.4614	3146	CSF_ab42
rs7326482	13	54037803	G	T	0.608025	-0.001813	0.005422	-0.334378	0.7381	3146	CSF_ab42
rs111823604	NA	NA	NA	NA	NA	NA	NA	NA	NA	NA	NA
rs11616749	13	60475853	G	A	0.203919	3.6289999999999993e-4	0.007882	0.04604161380360314	0.9633	3146	CSF_ab42
rs78174524	NA	NA	NA	NA	NA	NA	NA	NA	NA	NA	NA
rs1340704	13	76506657	C	T	0.592081	0.005601	0.005826	0.96138	0.3364	3146	CSF_ab42
rs9584870	13	99245866	T	C	0.420816	-0.01201	0.006764	-1.7755765819041986	0.07608	3146	CSF_ab42
rs1469851	13	102299385	A	T	0.787168	-0.001786	0.0071200000000000005	-0.250843	0.8019	3146	CSF_ab42
rs974471	14	29685328	G	A	0.727866	-0.001413	0.006291	-0.224607	0.8223	3146	CSF_ab42
rs61975407	NA	NA	NA	NA	NA	NA	NA	NA	NA	NA	NA
rs139907649	NA	NA	NA	NA	NA	NA	NA	NA	NA	NA	NA
rs10145335	14	98547748	G	A	0.245735	-0.004945000000000001	0.006111	-0.8091965308460155	0.4185	3146	CSF_ab42
rs1955896	14	99197274	A	G	0.41139	0.005085	0.005388	0.9437639198218263	0.3454	3146	CSF_ab42
rs4906229	14	103057511	A	C	0.75	0.001351	0.006159	0.219354	0.8264	3146	CSF_ab42
rs4281659	15	61844443	T	C	0.152087	0.005267	0.0075780000000000005	0.6950382686724729	0.4871	3146	CSF_ab42
rs4886868	NA	NA	NA	NA	NA	NA	NA	NA	NA	NA	NA
rs12912808	15	95292223	C	T	0.172119	0.00619	0.008059	0.768085370393349	0.4425	3146	CSF_ab42
rs61301535	NA	NA	NA	NA	NA	NA	NA	NA	NA	NA	NA
rs4787924	16	24264538	G	A	0.547142	-0.001689	0.005384000000000001	-0.313707	0.7538	3146	CSF_ab42
rs6497882	NA	NA	NA	NA	NA	NA	NA	NA	NA	NA	NA
rs11641100	16	52469793	C	T	0.479861	-0.010920000000000001	0.005285	-2.0662251655629142	0.0389	3146	CSF_ab42
rs8058726	16	83207316	A	T	0.258188	0.007802	0.0065569999999999995	1.1898734177215191	0.2343	3146	CSF_ab42
rs112308536	17	2223997	A	G	0.280204	-0.0032939999999999996	0.006309	-0.5221112696148359	0.6017	3146	CSF_ab42
rs862490	17	35850275	T	C	0.665841	0.01045	0.005582999999999999	1.87175	0.06141	3146	CSF_ab42
rs112016448	NA	NA	NA	NA	NA	NA	NA	NA	NA	NA	NA
rs11081859	18	31926289	G	A	0.835569	-0.004152	0.007781000000000001	-0.533608	0.5937	3146	CSF_ab42
rs72920838	18	49514720	C	T	0.108932	0.014180000000000002	0.008586	1.6515257395760543	0.09869	3146	CSF_ab42
rs4800990	18	53197944	C	T	0.597227	0.007745	0.005386999999999999	1.43772	0.1507	3146	CSF_ab42
rs7233752	18	67399208	A	G	0.191694	-0.001829	0.007345999999999999	-0.24897903621018241	0.8034	3146	CSF_ab42
rs7508365	NA	NA	NA	NA	NA	NA	NA	NA	NA	NA	NA
rs12979056	19	17862131	G	A	0.486526	0.007349	0.005445	1.3496786042240587	0.1773	3146	CSF_ab42
rs429358	19	45411941	T	C	0.13181	0.07194	0.006631999999999999	10.847406513872137	9.9e-27	3146	CSF_ab42
rs35650232	NA	NA	NA	NA	NA	NA	NA	NA	NA	NA	NA
rs466727	20	15626740	G	C	0.674237	0.002819	0.0067079999999999996	0.420244	0.6744	3146	CSF_ab42
rs293567	20	31098565	G	T	0.414847	-6.239e-6	0.006261	-9.964861843156044e-4	0.9992	3146	CSF_ab42
rs3810496	NA	NA	NA	NA	NA	NA	NA	NA	NA	NA	NA
rs1921981	21	42422547	G	A	0.317671	0.002725	0.006843000000000001	0.39821715621803294	0.6905	3146	CSF_ab42
rs11913445	NA	NA	NA	NA	NA	NA	NA	NA	NA	NA	NA
rs4821271	22	35004093	G	C	0.804608	-0.006126	0.007090000000000001	-0.864034	0.3877	3146	CSF_ab42
rs710187	NA	NA	NA	NA	NA	NA	NA	NA	NA	NA	NA
rs2267443	NA	NA	NA	NA	NA	NA	NA	NA	NA	NA	NA
rs719263	22	49685455	T	C	0.765648	0.003327	0.00672	0.495089	0.6206	3146	CSF_ab42
