SNP	CHROM	POS	REF	ALT	AF	BETA	SE	Z	P	N	TRAIT
rs2942127	1	204420067	G	A	0.781613	-5.109e-4	0.006647	-0.0768617	0.9387	3146	CSF_ab42
rs1974771	2	54278543	G	A	0.106468	8.613e-4	0.00885	0.09732203389830507	0.9225	3146	CSF_ab42
rs2114286	NA	NA	NA	NA	NA	NA	NA	NA	NA	NA	NA
rs877483	3	53846741	T	C	0.572572	-0.01718	0.006363000000000001	-2.69998	0.0070019999999999995	3146	CSF_ab42
rs2035562	3	85056521	A	G	0.625499	0.001739	0.005818	0.2989	0.7651	3146	CSF_ab42
rs181220614	NA	NA	NA	NA	NA	NA	NA	NA	NA	NA	NA
rs1972763	4	159860563	C	T	0.670364	0.001863	0.005582999999999999	0.333692	0.7387	3146	CSF_ab42
rs77742115	5	18330424	T	C	0.126268	-0.003403	0.008004	-0.4251624187906047	0.6707	3146	CSF_ab42
rs35400317	6	26593275	C	T	0.068348	0.01495	0.00984	1.5193089430894309	0.1288	3146	CSF_ab42
rs149943	6	28002388	G	A	0.097313	0.01721	0.008015999999999999	2.1469560878243517	0.03185	3146	CSF_ab42
rs9257566	NA	NA	NA	NA	NA	NA	NA	NA	NA	NA	NA
rs3094622	NA	NA	NA	NA	NA	NA	NA	NA	NA	NA	NA
rs2596547	NA	NA	NA	NA	NA	NA	NA	NA	NA	NA	NA
rs2854277	6	32628084	C	T	0.121	0.01265	0.009061	1.3960931464518265	0.1627	3146	CSF_ab42
rs17075350	NA	NA	NA	NA	NA	NA	NA	NA	NA	NA	NA
rs1186721	7	34974602	G	A	0.285714	-0.00495	0.005737	-0.8628202893498345	0.3883	3146	CSF_ab42
rs921915	7	50228581	T	C	0.569797	0.001313	0.005378	0.244143	0.8072	3146	CSF_ab42
rs1043595	7	128410012	G	A	0.231663	-0.003959000000000001	0.006504	-0.6087023370233703	0.5428	3146	CSF_ab42
rs7804463	7	133447651	T	C	0.453205	-0.004838	0.005258	-0.9201217192848993	0.3576	3146	CSF_ab42
rs2988004	NA	NA	NA	NA	NA	NA	NA	NA	NA	NA	NA
rs7326482	13	54037803	G	T	0.608025	-0.001813	0.005422	-0.334378	0.7381	3146	CSF_ab42
rs10145335	14	98547748	G	A	0.245735	-0.004945000000000001	0.006111	-0.8091965308460155	0.4185	3146	CSF_ab42
rs4886868	NA	NA	NA	NA	NA	NA	NA	NA	NA	NA	NA
rs12912808	15	95292223	C	T	0.172119	0.00619	0.008059	0.768085370393349	0.4425	3146	CSF_ab42
rs429358	19	45411941	T	C	0.13181	0.07194	0.006631999999999999	10.847406513872137	9.9e-27	3146	CSF_ab42
rs1921981	21	42422547	G	A	0.317671	0.002725	0.006843000000000001	0.39821715621803294	0.6905	3146	CSF_ab42
