$`Main MR results`
       Exposure       MR Analysis Causal Estimate       Sd    T-stat   P-value
1 beta.exposure               Raw       -24.52532 23.00355 -1.066154 0.2867725
2 beta.exposure Outlier-corrected       -19.84299 22.50568 -0.881688 0.3782917

$`MR-PRESSO results`
$`MR-PRESSO results`$`Global Test`
$`MR-PRESSO results`$`Global Test`$RSSobs
[1] 894.3416

$`MR-PRESSO results`$`Global Test`$Pvalue
[1] "<4e-05"


$`MR-PRESSO results`$`Outlier Test`
          RSSobs  Pvalue
1   7.771226e+03       1
2   8.395855e+03       1
3   2.318156e+02       1
4   1.642206e+04       1
5   1.169469e+03       1
6   1.693090e+04       1
7   2.090106e+04       1
8   2.318944e+03       1
9   2.460256e+03       1
10  1.882280e+04       1
11  1.204713e+04       1
12  4.427007e+02       1
13  2.494434e+03       1
14  5.749005e+04       1
15  5.606451e+04       1
16  2.977625e+03       1
17  1.270574e+03       1
18  5.241974e+02       1
19  2.274989e+03       1
20  2.141951e+02       1
21  3.828659e+04       1
22  6.159872e+00       1
23  6.656248e+03       1
24  3.752135e+02       1
25  6.881943e+00       1
26  1.445803e+04       1
27  1.456497e+04       1
28  2.987879e+04       1
29  3.628340e+03       1
30  8.778037e+03       1
31  2.308351e+04       1
32  7.468594e+02       1
33  4.991483e+04       1
34  3.364696e+04       1
35  5.404957e+04       1
36  9.463409e+03       1
37  7.976236e+02       1
38  5.983913e+04       1
39  1.037143e+04       1
40  8.699061e+02       1
41  1.762916e+02       1
42  6.754502e+02       1
43  2.383039e+04       1
44  2.676596e+04       1
45  8.679448e+04       1
46  3.504380e+03       1
47  9.177079e+02       1
48  4.533409e+04       1
49  1.424395e+03       1
50  2.378311e+04       1
51  3.266871e+05       1
52  2.405522e+04       1
53  2.999198e+04       1
54  3.457403e+04       1
55  6.232035e+02       1
56  7.228947e+04       1
57  9.854408e+02       1
58  3.039633e+04       1
59  1.582520e+04       1
60  1.147581e+04       1
61  2.980435e+04       1
62  2.283451e+04       1
63  8.865396e+05       1
64  3.426710e+04       1
65  1.896590e+05       1
66  9.052946e+03       1
67  2.794579e+04       1
68  1.591837e+04       1
69  9.628855e+01       1
70  1.942338e+04       1
71  4.990276e+04       1
72  9.012088e+03       1
73  8.100931e+03       1
74  7.160253e+02       1
75  2.697474e+04       1
76  1.021628e+05       1
77  1.462228e+04       1
78  4.644779e+03       1
79  1.932419e+04       1
80  1.637866e+05       1
81  1.700631e+05       1
82  8.470844e+03       1
83  6.127542e+01       1
84  9.513683e+03       1
85  5.118185e+04       1
86  5.013590e+03       1
87  1.374225e+04       1
88  1.287717e+03       1
89  7.752796e+02       1
90  4.628852e+03       1
91  1.569846e+03       1
92  7.855808e+00       1
93  3.244169e+04       1
94  6.732273e+03       1
95  8.103734e+04       1
96  7.019031e+03       1
97  1.116839e+03       1
98  3.365783e+03       1
99  3.863567e+04       1
100 3.020484e+03       1
101 2.558144e+03       1
102 1.118452e+04       1
103 7.973795e+03       1
104 6.401812e+04       1
105 1.787697e+04       1
106 5.367365e+04       1
107 4.883886e+02       1
108 2.607691e+04       1
109 9.292285e+03       1
110 8.245253e+03       1
111 1.760999e+04       1
112 5.193393e+03       1
113 2.727504e+04       1
114 9.405283e+03       1
115 4.731277e+03       1
116 6.431185e+04       1
117 4.032710e+04       1
118 7.148306e+04       1
119 8.211759e+02       1
120 1.171900e+04       1
121 7.764573e+03       1
122 8.341345e+03       1
123 2.749538e+03       1
124 8.101344e+04       1
125 4.508858e+04       1
126 2.534446e+02       1
127 1.031247e+04       1
128 5.320520e+04       1
129 4.919044e+04       1
130 3.045227e+04       1
131 7.124647e+02       1
132 2.426920e+04       1
133 2.970269e+02       1
134 1.356787e+05       1
135 2.438000e+00       1
136 2.151678e+04       1
137 1.961898e+03       1
138 6.267675e+04       1
139 1.105919e+04       1
140 2.687068e+04       1
141 6.268652e+03       1
142 5.890021e+04       1
143 1.412669e+04       1
144 1.062155e+05       1
145 1.482547e+04       1
146 6.026414e+04       1
147 5.282293e+04       1
148 1.872399e+01       1
149 8.667998e+04       1
150 8.491335e+03       1
151 9.213297e+05 0.02464
152 5.679004e+02       1
153 1.856090e+03       1
154 5.448482e+03       1
155 2.869668e+03       1
156 1.556901e+04       1
157 6.380652e+03       1
158 1.031918e+01       1
159 9.117956e+01       1
160 3.979916e+04       1
161 1.834940e+05       1
162 1.013882e+03       1
163 1.488215e+06       1
164 2.336198e+04       1
165 1.748923e+04       1
166 9.655133e+02       1
167 1.088681e+03       1
168 1.930974e+02       1
169 5.797559e+04       1
170 3.624899e+04       1
171 2.222485e+04       1
172 2.581519e+05       1
173 1.446050e+03       1
174 1.351039e+05       1
175 9.793928e+03       1
176 6.514073e+04       1
177 1.581970e+03       1
178 5.542415e+03       1
179 9.534110e+02       1
180 4.592930e+02       1
181 1.273366e+04       1
182 3.778003e+04       1
183 3.922546e+03       1
184 2.137858e+05       1
185 1.664264e+04       1
186 2.546423e+02       1
187 3.978504e+04       1
188 1.745318e+02       1
189 4.886759e+03       1
190 2.955539e+04       1
191 5.397093e+03       1
192 4.426674e+03       1
193 2.541225e+04       1
194 1.105522e+05       1
195 1.167954e+00       1
196 1.641535e+04       1
197 2.510111e+04       1
198 1.587262e+04       1
199 4.942199e+04       1
200 4.775394e+04       1
201 1.102673e+04       1
202 2.778116e+03       1
203 1.017174e+04       1
204 6.148683e+01       1
205 1.394580e+04       1
206 1.848564e+05       1
207 4.904180e+04       1
208 1.021755e+04       1
209 1.638039e+06       1
210 1.432270e+04       1
211 3.197221e+03       1
212 3.253501e+04       1
213 9.519544e+03       1
214 9.139650e+04       1
215 7.059168e+04       1
216 2.433227e+04       1
217 2.262357e+04       1
218 9.399243e+03       1
219 1.508172e+03       1
220 6.467502e+04       1
221 3.640938e+03       1
222 3.390346e+04       1
223 8.426548e+03       1
224 1.780397e+03       1
225 4.869746e+04       1
226 2.611461e+03       1
227 2.096858e+05       1
228 4.838979e+03       1
229 9.331653e+03       1
230 3.809272e+03       1
231 5.274492e+04       1
232 1.204083e+05       1
233 6.913220e+02       1
234 1.250450e+04       1
235 1.504147e+04       1
236 5.380941e+04       1
237 2.505860e+04       1
238 3.243876e+03       1
239 5.403082e+03       1
240 2.694965e+03       1
241 1.573115e+04       1
242 1.207992e+04       1
243 6.181862e+04       1
244 1.370968e+04       1
245 2.725670e+04       1
246 4.351674e+02       1
247 3.318721e+03       1
248 1.632528e+04       1
249 7.261010e+04       1
250 1.667613e+02       1
251 6.274446e+03       1
252 5.194532e+03       1
253 1.304493e+03       1
254 1.959960e+02       1
255 6.425348e+04       1
256 1.309002e+04       1
257 3.118957e+03       1
258 5.084654e+04       1
259 4.115868e+04       1
260 5.755985e+04       1
261 5.205921e+03       1
262 5.023028e+04       1
263 5.200728e+02       1
264 5.170758e+03       1
265 9.206815e+02       1
266 2.723090e+04       1
267 2.481288e+04       1
268 1.237769e+03       1
269 4.083369e+03       1
270 3.742402e+04       1
271 4.884485e+03       1
272 8.070298e+04       1
273 2.839490e+04       1
274 2.226116e+04       1
275 2.219076e+05 0.22176
276 9.516589e+02       1
277 1.102082e+04       1
278 2.112807e+04       1
279 4.148980e+03       1
280 2.775207e+03       1
281 3.714479e+03       1
282 2.331461e+05 0.19712
283 2.380873e+02       1
284 8.206722e+04       1
285 7.802211e+05       1
286 5.165281e+03       1
287 5.113071e+04       1
288 3.244548e+03       1
289 1.341506e+04       1
290 2.388012e+04       1
291 1.505808e+04       1
292 2.955246e+04       1
293 1.701109e+04       1
294 1.554268e+04       1
295 4.042051e+03       1
296 4.813991e+03       1
297 6.479981e+03       1
298 6.348674e+04       1
299 4.272651e+04       1
300 1.323612e+04       1
301 7.880656e+03       1
302 1.563700e+04       1
303 1.216012e+04       1
304 6.688078e+04       1
305 4.109285e+04       1
306 7.194616e+03       1
307 2.465363e+03       1
308 7.124730e+02       1
309 1.623859e+04       1
310 2.128338e+03       1
311 5.384156e+04       1
312 2.219358e+04       1
313 1.673327e+04       1
314 7.799876e+04       1
315 5.427741e+03       1
316 5.609345e+02       1
317 1.093200e+00       1
318 4.012580e+04       1
319 5.111106e+02       1
320 2.056200e+03       1
321 2.364866e+04       1
322 6.210243e+03       1
323 2.042836e+04       1
324 1.106161e+04       1
325 1.253336e+04       1
326 8.033976e+04       1
327 1.689533e+04       1
328 1.621211e+03       1
329 2.306565e+05 0.02464
330 1.827818e+02       1
331 3.382875e+04       1
332 3.916437e+03       1
333 7.660200e+02       1
334 1.115244e+04       1
335 1.014276e+04       1
336 2.613080e+03       1
337 2.765543e+01       1
338 9.765231e+02       1
339 5.263736e+03       1
340 6.739637e+02       1
341 8.376550e+01       1
342 1.638373e+03       1
343 9.021283e+03       1
344 6.341152e+03       1
345 5.401236e+03       1
346 3.286386e+04       1
347 4.434645e+04       1
348 2.663556e+01       1
349 3.401967e+02       1
350 6.602748e+04       1
351 1.524343e+04       1
352 2.293422e+01       1
353 1.786868e+04       1
354 2.073124e+04       1
355 2.310974e+04       1
356 3.279394e+04       1
357 6.801146e+02       1
358 1.279209e+05       1
359 1.793218e+03       1
360 2.926933e+04       1
361 1.552795e+03       1
362 2.172403e+03       1
363 2.784382e+02       1
364 1.775096e+03       1
365 2.215184e+04       1
366 3.261879e+03       1
367 1.684353e+04       1
368 2.067345e+04       1
369 2.391196e+03       1
370 1.434902e+04       1
371 2.045816e+04       1
372 1.535702e+03       1
373 6.152639e+04       1
374 1.385735e+04       1
375 3.778737e+04       1
376 8.262362e+04       1
377 1.892053e+03       1
378 2.489863e+01       1
379 3.317674e+03       1
380 7.236199e+02       1
381 2.295731e+05       1
382 3.440418e+03       1
383 2.401785e+04       1
384 2.513138e+04       1
385 1.309637e+04       1
386 1.575497e+03       1
387 3.449348e+03       1
388 1.824203e+03       1
389 3.776491e+03       1
390 2.101507e+03       1
391 1.100352e+05       1
392 3.742192e+03       1
393 5.588705e+02       1
394 7.076155e+05       1
395 5.772597e+04       1
396 5.284309e+03       1
397 1.774859e+04       1
398 7.335248e+03       1
399 1.744461e+00       1
400 8.575035e+03       1
401 2.726197e+04       1
402 6.023436e+03       1
403 5.457265e+04       1
404 1.018412e+01       1
405 3.378412e+03       1
406 5.628702e+03       1
407 7.501431e+03       1
408 1.439230e+04       1
409 7.367367e+03       1
410 2.073287e+04       1
411 5.245893e+03       1
412 7.736416e+03       1
413 1.906504e+04       1
414 1.102021e+03       1
415 4.618995e+04       1
416 1.127940e+02       1
417 1.539196e+04       1
418 1.122503e+02       1
419 2.282330e+05       1
420 1.203734e+04       1
421 2.429265e+04       1
422 1.438844e+04       1
423 1.119721e+04       1
424 4.487544e+03       1
425 1.539965e+04       1
426 2.338880e+04       1
427 5.002852e+04       1
428 6.333029e+04       1
429 1.323947e+04       1
430 6.341007e+01       1
431 2.296501e+04       1
432 3.305028e+03       1
433 2.759794e+04       1
434 1.410464e+04       1
435 9.128212e+03       1
436 2.917099e+02       1
437 1.062562e+04       1
438 8.378206e+02       1
439 1.235633e+03       1
440 7.910270e+04       1
441 1.151360e+05       1
442 1.683531e+04       1
443 4.904230e+04       1
444 1.557689e+04       1
445 3.016720e+04       1
446 4.898558e+03       1
447 2.251922e+05       1
448 5.623977e+01       1
449 1.218141e+04       1
450 4.484667e+04       1
451 1.563325e+04       1
452 9.059692e+04       1
453 5.703365e+04       1
454 5.874795e+04       1
455 3.768391e+04       1
456 3.830890e+03       1
457 4.356088e+04       1
458 3.506935e+03       1
459 1.964916e+04       1
460 4.079863e+03       1
461 2.555660e+04       1
462 8.698351e+03       1
463 4.258740e+04       1
464 4.298142e+02       1
465 6.861133e+04       1
466 1.446520e+03       1
467 2.229280e+05 0.04928
468 5.103656e+03       1
469 6.896005e+03       1
470 6.259221e+04       1
471 3.535737e+04       1
472 1.745164e+04       1
473 2.240322e+04       1
474 1.438827e+04       1
475 7.395787e+00       1
476 1.659443e+05 0.14784
477 1.247488e+04       1
478 2.855516e+02       1
479 1.037486e+04       1
480 4.560208e+04       1
481 4.512827e+03       1
482 7.634203e+02       1
483 1.953914e+05       1
484 1.214196e+05       1
485 1.371864e+05       1
486 3.808043e+03       1
487 2.478865e+03       1
488 1.547136e+04       1
489 2.908175e+04       1
490 5.080417e+03       1
491 2.344031e+05       1
492 7.133398e+04       1
493 2.924818e+04       1
494 9.176399e+03       1
495 4.053649e+03       1
496 1.188893e+04       1
497 1.708386e+04       1
498 6.667664e+04       1
499 5.987250e-01       1
500 1.610634e+05       1
501 3.900231e+01       1
502 4.357943e+04       1
503 5.360656e+02       1
504 2.133551e+04       1
505 9.617280e+03       1
506 4.917104e+01       1
507 1.106991e+04       1
508 1.230939e+04       1
509 5.468268e+04       1
510 5.674252e+04       1
511 2.817576e+04       1
512 6.022694e+04       1
513 3.006578e+03       1
514 5.293305e+04       1
515 1.515809e+04       1
516 6.287919e+02       1
517 1.131288e+04       1
518 6.119431e+04       1
519 3.661511e+04       1
520 3.179141e+03       1
521 7.530492e+04       1
522 3.168036e+03       1
523 3.550967e+04       1
524 3.234188e+03       1
525 6.110365e+03       1
526 5.357016e+02       1
527 6.966605e+03       1
528 6.957522e+04       1
529 2.364799e+02       1
530 3.603679e+04       1
531 1.904722e+02       1
532 1.036119e+04       1
533 4.247291e+03       1
534 6.168408e+03       1
535 2.981196e+03       1
536 4.619518e+04       1
537 1.278000e+04       1
538 2.347816e+04       1
539 7.421623e+03       1
540 9.026296e+03       1
541 1.031260e+03       1
542 2.771269e+03       1
543 3.575308e+03       1
544 9.472710e+04       1
545 1.255175e+02       1
546 2.362530e+04       1
547 1.575104e+05       1
548 1.657530e+05       1
549 5.550882e+02       1
550 5.503432e+04       1
551 7.682857e+04       1
552 1.795787e+03       1
553 2.742863e+02       1
554 1.592549e+05       1
555 7.640887e+03       1
556 7.241068e+03       1
557 5.172227e+01       1
558 3.794149e+04       1
559 6.671259e+04       1
560 2.135513e+04       1
561 1.336669e+05       1
562 6.702620e+04       1
563 8.937253e+02       1
564 1.327881e+06       1
565 6.990912e+03       1
566 4.084827e+02       1
567 6.982432e+03       1
568 8.891650e+03       1
569 3.606829e+02       1
570 1.077980e+04       1
571 6.685395e+04       1
572 7.422339e+01       1
573 7.316036e+03       1
574 3.419708e+04       1
575 7.467906e+04       1
576 4.666539e+03       1
577 6.268007e+03       1
578 2.713691e+04       1
579 6.269820e+04       1
580 1.949873e+01       1
581 2.442272e+04       1
582 1.656578e+04       1
583 8.849318e+04       1
584 3.882960e+03       1
585 6.962446e+03       1
586 3.507204e+02       1
587 6.299492e+03       1
588 2.063504e+03       1
589 5.522556e+03       1
590 1.335406e+02       1
591 5.222839e+03       1
592 5.826926e+04       1
593 6.537665e+04       1
594 1.355757e+03       1
595 4.784040e+04       1
596 2.524396e+05  0.2464
597 3.394119e+04       1
598 1.470148e+04       1
599 8.299462e+04       1
600 3.750785e+04       1
601 3.680255e+04       1
602 1.330854e+04       1
603 1.769643e+04       1
604 3.719977e+04       1
605 2.074787e+02       1
606 8.896294e+03       1
607 1.263459e+04       1
608 7.944099e+02       1
609 1.966734e+04       1
610 1.606979e+04       1
611 6.822489e+03       1
612 5.569018e+03       1
613 5.464138e+02       1
614 1.440091e+04       1
615 6.671819e+04       1
616 4.626291e+04       1

$`MR-PRESSO results`$`Distortion Test`
$`MR-PRESSO results`$`Distortion Test`$`Outliers Indices`
[1] 151 329 467

$`MR-PRESSO results`$`Distortion Test`$`Distortion Coefficient`
beta.exposure 
    -23.59691 

$`MR-PRESSO results`$`Distortion Test`$Pvalue
[1] 0.784



