$`Main MR results`
       Exposure       MR Analysis Causal Estimate         Sd    T-stat
1 beta.exposure               Raw     -0.12753293 0.09752076 -1.307752
2 beta.exposure Outlier-corrected     -0.04717295 0.04264807 -1.106098
    P-value
1 0.1938974
2 0.2713118

$`MR-PRESSO results`
$`MR-PRESSO results`$`Global Test`
$`MR-PRESSO results`$`Global Test`$RSSobs
[1] 749.1976

$`MR-PRESSO results`$`Global Test`$Pvalue
[1] "<1e-04"


$`MR-PRESSO results`$`Outlier Test`
          RSSobs  Pvalue
1   2.461471e-05       1
2   3.678528e-05       1
3   2.888451e-04       1
4   1.565257e-03       1
5   3.701089e-06       1
6   6.584741e-04       1
7   4.829786e-05       1
8   2.269864e-04       1
9   1.521831e-06       1
10  1.862339e-04       1
11  7.834080e-04       1
12  5.633595e-04       1
13  1.958469e-04       1
14  6.158809e-06       1
15  7.077503e-04       1
16  9.064874e-05       1
17  6.788351e-04       1
18  2.944945e-04       1
19  1.075874e-07       1
20  8.490961e-04       1
21  3.268185e-05       1
22  1.472361e-04       1
23  2.679798e-04       1
24  1.092557e-03       1
25  3.159390e-04       1
26  5.908883e-05       1
27  3.242075e-05       1
28  1.371873e-04       1
29  3.147552e-05       1
30  1.439463e-04       1
31  4.147985e-05       1
32  2.019829e-03       1
33  6.474861e-05       1
34  8.635227e-04       1
35  3.050571e-04       1
36  5.875280e-04       1
37  6.927320e-04       1
38  8.794260e-05       1
39  2.312546e-03       1
40  1.495573e-04       1
41  9.500875e-05       1
42  1.493861e-03       1
43  2.998511e-01 <0.0103
44  3.485423e-03       1
45  5.746486e-04       1
46  2.674511e-05       1
47  6.176880e-04       1
48  2.472410e-04       1
49  2.384861e-03       1
50  2.942634e-06       1
51  1.270815e-04       1
52  7.745255e-03       1
53  3.789902e-05       1
54  1.112743e-06       1
55  1.211351e-05       1
56  2.362463e-03       1
57  1.204891e-03       1
58  7.821625e-07       1
59  5.600713e-05       1
60  7.289407e-05       1
61  4.582027e-05       1
62  1.611717e-04       1
63  9.649290e-05       1
64  4.571393e-04       1
65  3.278129e-04       1
66  1.247596e-05       1
67  5.407891e-05       1
68  9.719407e-04       1
69  4.054090e-05       1
70  4.210681e-04       1
71  2.644587e-05       1
72  1.361815e-03  0.7931
73  4.014877e-05       1
74  5.207643e-04       1
75  8.260507e-04       1
76  1.041443e-04       1
77  6.215120e-05       1
78  4.847572e-04       1
79  9.167715e-07       1
80  6.500671e-04       1
81  3.127388e-06       1
82  3.025239e-03       1
83  9.264372e-04       1
84  6.910536e-04       1
85  1.814422e-04       1
86  3.887565e-04       1
87  9.005573e-04       1
88  4.058994e-05       1
89  1.271493e-03       1
90  4.979898e-04       1
91  2.143491e-04       1
92  2.962419e-05       1
93  3.239594e-06       1
94  4.226235e-04       1
95  1.240936e-05       1
96  5.805595e-04       1
97  5.115876e-03       1
98  1.178947e-04       1
99  4.416777e-04       1
100 7.132437e-07       1
101 2.931760e-05       1
102 1.352419e-04       1
103 6.817323e-04       1

$`MR-PRESSO results`$`Distortion Test`
$`MR-PRESSO results`$`Distortion Test`$`Outliers Indices`
[1] 43

$`MR-PRESSO results`$`Distortion Test`$`Distortion Coefficient`
beta.exposure 
    -170.3518 

$`MR-PRESSO results`$`Distortion Test`$Pvalue
[1] 0.0196



