$`Main MR results`
       Exposure       MR Analysis Causal Estimate        Sd    T-stat   P-value
1 beta.exposure               Raw       0.2413228 0.1912919 1.2615421 0.2104856
2 beta.exposure Outlier-corrected       0.1512739 0.1766190 0.8564989 0.3941022

$`MR-PRESSO results`
$`MR-PRESSO results`$`Global Test`
$`MR-PRESSO results`$`Global Test`$RSSobs
[1] 118.6363

$`MR-PRESSO results`$`Global Test`$Pvalue
[1] 0.0206


$`MR-PRESSO results`$`Outlier Test`
         RSSobs  Pvalue
1  1.072376e-03       1
2  2.790841e-04       1
3  1.562448e-04       1
4  5.164690e-05       1
5  7.202042e-04       1
6  5.097430e-04       1
7  1.543786e-04       1
8  3.597798e-04       1
9  2.110739e-09       1
10 9.615931e-05       1
11 2.376739e-05       1
12 6.845415e-05       1
13 1.789652e-03       1
14 6.025009e-05       1
15 2.768062e-03       1
16 3.177548e-04       1
17 1.665084e-04       1
18 4.597394e-07       1
19 5.499503e-03 <0.0088
20 3.916392e-03       1
21 8.038954e-04       1
22 2.184582e-04       1
23 5.152445e-04       1
24 1.320200e-03       1
25 4.102546e-04       1
26 3.034406e-04       1
27 7.016906e-04       1
28 4.911225e-05       1
29 3.277395e-04       1
30 2.189254e-06       1
31 3.911991e-04       1
32 3.185569e-04       1
33 8.930391e-05       1
34 1.041939e-06       1
35 2.980308e-05       1
36 4.266195e-04       1
37 2.146257e-07       1
38 3.084962e-04       1
39 9.177518e-09       1
40 1.609009e-03  0.9328
41 1.626260e-03       1
42 6.974644e-06       1
43 6.551599e-04       1
44 1.113146e-05       1
45 2.264946e-04       1
46 1.186328e-06       1
47 4.363213e-07       1
48 4.727662e-05       1
49 6.222727e-05       1
50 4.006600e-04       1
51 9.188606e-08       1
52 6.396562e-04       1
53 4.659920e-05       1
54 1.476754e-04       1
55 1.148054e-03       1
56 1.410909e-04       1
57 1.257352e-03       1
58 1.084554e-04       1
59 4.534754e-06       1
60 5.459211e-05       1
61 4.233658e-04       1
62 3.177429e-06       1
63 1.875579e-04       1
64 1.896123e-08       1
65 2.339668e-03       1
66 1.524144e-05       1
67 2.261714e-04       1
68 6.836419e-04       1
69 1.431066e-03       1
70 9.660425e-04       1
71 9.505780e-05       1
72 1.120718e-04       1
73 4.932952e-04       1
74 6.954031e-03       1
75 6.996248e-05       1
76 3.652988e-07       1
77 6.145160e-04       1
78 3.178623e-03       1
79 2.902821e-03       1
80 1.247980e-04       1
81 1.453256e-04       1
82 7.831711e-04       1
83 7.311941e-05       1
84 1.066641e-03       1
85 1.597802e-04       1
86 2.927887e-05       1
87 9.901819e-04       1
88 3.341844e-05       1

$`MR-PRESSO results`$`Distortion Test`
$`MR-PRESSO results`$`Distortion Test`$`Outliers Indices`
[1] 19

$`MR-PRESSO results`$`Distortion Test`$`Distortion Coefficient`
beta.exposure 
       59.527 

$`MR-PRESSO results`$`Distortion Test`$Pvalue
[1] 0.3273



