$`Main MR results`
       Exposure       MR Analysis Causal Estimate        Sd     T-stat
1 beta.exposure               Raw      0.02867517 0.1812747  0.1581863
2 beta.exposure Outlier-corrected     -0.07607164 0.1571710 -0.4840055
    P-value
1 0.8746458
2 0.6295077

$`MR-PRESSO results`
$`MR-PRESSO results`$`Global Test`
$`MR-PRESSO results`$`Global Test`$RSSobs
[1] 150.9193

$`MR-PRESSO results`$`Global Test`$Pvalue
[1] 4e-04


$`MR-PRESSO results`$`Outlier Test`
         RSSobs  Pvalue
1  4.210029e-05       1
2  1.190269e-03       1
3  5.165783e-04       1
4  3.950627e-05       1
5  1.858569e-03       1
6  1.811135e-04       1
7  6.180907e-04       1
8  1.411230e-04       1
9  1.436644e-04       1
10 2.256255e-04       1
11 7.313627e-06       1
12 1.479532e-04       1
13 1.003007e-03       1
14 5.238916e-05       1
15 7.942808e-05       1
16 3.122285e-05       1
17 2.558958e-04       1
18 3.036261e-06       1
19 1.370059e-03       1
20 9.550366e-03 <0.0096
21 1.111240e-05       1
22 5.983536e-04       1
23 2.829699e-04       1
24 7.505471e-04       1
25 1.619170e-03  0.7776
26 1.756250e-04       1
27 2.231819e-03       1
28 5.043871e-05       1
29 2.159245e-05       1
30 3.740244e-04       1
31 2.778416e-06       1
32 1.320729e-05       1
33 7.031838e-03       1
34 3.761774e-04       1
35 1.799904e-05       1
36 4.798866e-04       1
37 9.058913e-04       1
38 9.181177e-05       1
39 1.934933e-04       1
40 1.055178e-05       1
41 2.191623e-04       1
42 1.101221e-05       1
43 8.606601e-05       1
44 6.240176e-10       1
45 1.714151e-04       1
46 1.611947e-03    0.48
47 1.534581e-03       1
48 1.012758e-06       1
49 7.620798e-05       1
50 1.084306e-04       1
51 1.545439e-04       1
52 4.356269e-05       1
53 9.769124e-06       1
54 1.707496e-07       1
55 4.465947e-05       1
56 1.878382e-04       1
57 1.837627e-04       1
58 1.016136e-06       1
59 5.632677e-04       1
60 4.943142e-06       1
61 2.536780e-05       1
62 9.925891e-04       1
63 9.735294e-05       1
64 1.145774e-03       1
65 2.815083e-04       1
66 1.488147e-05       1
67 2.319355e-06       1
68 1.892155e-04       1
69 1.975911e-04       1
70 2.028719e-04       1
71 5.726578e-08       1
72 2.557581e-03   0.816
73 2.061260e-04       1
74 1.313875e-05       1
75 1.837831e-04       1
76 3.126673e-04       1
77 1.060562e-03       1
78 1.773612e-04       1
79 1.004327e-04       1
80 8.970651e-04       1
81 3.233011e-04       1
82 1.521005e-04       1
83 9.464157e-05       1
84 1.291305e-06       1
85 7.399253e-04       1
86 1.573894e-03       1
87 1.803471e-03       1
88 4.863958e-05       1
89 5.598685e-05       1
90 8.334309e-04       1
91 5.407316e-04       1
92 7.996591e-04       1
93 1.969087e-04       1
94 1.341980e-04       1
95 1.162372e-03       1
96 5.605113e-05       1

$`MR-PRESSO results`$`Distortion Test`
$`MR-PRESSO results`$`Distortion Test`$`Outliers Indices`
[1] 20

$`MR-PRESSO results`$`Distortion Test`$`Distortion Coefficient`
beta.exposure 
      137.695 

$`MR-PRESSO results`$`Distortion Test`$Pvalue
[1] 0.209



