$`Main MR results`
       Exposure       MR Analysis Causal Estimate         Sd   T-stat
1 beta.exposure               Raw      0.21041684 0.09841074 2.138149
2 beta.exposure Outlier-corrected      0.07258523 0.05466943 1.327712
     P-value
1 0.03456696
2 0.18690289

$`MR-PRESSO results`
$`MR-PRESSO results`$`Global Test`
$`MR-PRESSO results`$`Global Test`$RSSobs
[1] 568.8039

$`MR-PRESSO results`$`Global Test`$Pvalue
[1] "<1e-04"


$`MR-PRESSO results`$`Outlier Test`
          RSSobs  Pvalue
1   1.154273e-03       1
2   1.473826e-03       1
3   7.001142e-05       1
4   2.335704e-04       1
5   8.836338e-05       1
6   5.534683e-04       1
7   1.462362e-04       1
8   2.984636e-05       1
9   2.134958e-03       1
10  7.877699e-05       1
11  6.491186e-04       1
12  1.090486e-05       1
13  3.189837e-04       1
14  1.172008e-03       1
15  3.212965e-04       1
16  2.009746e-05       1
17  3.905751e-05       1
18  2.745925e-04       1
19  5.379989e-04       1
20  1.263417e-03       1
21  2.206273e-04       1
22  1.867335e-03       1
23  3.032062e-05       1
24  3.697142e-05       1
25  1.034600e-05       1
26  9.216222e-05       1
27  7.792864e-04       1
28  2.623974e-03       1
29  7.108038e-04       1
30  1.440212e-03       1
31  3.823858e-05       1
32  2.479611e-04       1
33  1.267046e-03       1
34  4.634600e-04       1
35  2.749271e-05       1
36  1.133527e-03       1
37  9.962259e-05       1
38  1.886923e-03       1
39  4.089089e-04       1
40  9.941920e-05       1
41  2.191688e-03       1
42  2.873800e-03       1
43  3.637348e-04       1
44  6.711963e-04       1
45  9.021111e-05       1
46  2.383932e-04       1
47  3.719447e-06       1
48  5.675453e-03 <0.0119
49  1.467842e-04       1
50  2.225629e-03  0.4879
51  2.528846e-04       1
52  2.556141e-04       1
53  3.912786e-05       1
54  8.534735e-05       1
55  9.620066e-05       1
56  1.835979e-04       1
57  2.757090e-04       1
58  1.914428e-04       1
59  1.226950e-04       1
60  2.683543e-04       1
61  2.370111e-03       1
62  2.979277e-04       1
63  2.607832e-03       1
64  8.690035e-04       1
65  6.577714e-04       1
66  9.224874e-05       1
67  1.402060e-04       1
68  1.359278e-04       1
69  3.968684e-06       1
70  2.145769e-06       1
71  5.233665e-05       1
72  6.877043e-06       1
73  1.224871e-04       1
74  9.292991e-03 <0.0119
75  3.573573e-06       1
76  2.427148e-03  0.2142
77  1.176487e-05       1
78  7.676802e-05       1
79  8.050889e-05       1
80  1.265751e-01 <0.0119
81  1.546736e-05       1
82  2.432716e-03  0.3808
83  2.326195e-06       1
84  8.400980e-07       1
85  3.259297e-03       1
86  9.730344e-05       1
87  9.996387e-05       1
88  4.410862e-04       1
89  1.281786e-04       1
90  7.020658e-05       1
91  5.436586e-04       1
92  7.744817e-04       1
93  1.053630e-05       1
94  5.752232e-04       1
95  5.730678e-05       1
96  5.845923e-04       1
97  9.690661e-04       1
98  1.435691e-03       1
99  4.915029e-05       1
100 5.416073e-05       1
101 5.742687e-06       1
102 7.975624e-04       1
103 3.572274e-03  0.1071
104 3.009847e-04       1
105 3.219537e-04       1
106 4.165847e-05       1
107 2.061518e-04       1
108 2.045100e-09       1
109 3.032792e-05       1
110 1.419386e-03       1
111 7.482406e-05       1
112 1.732210e-05       1
113 3.596816e-04       1
114 1.262023e-03       1
115 1.190842e-04       1
116 3.406520e-04       1
117 2.972388e-04       1
118 1.328926e-05       1
119 1.264481e-03       1

$`MR-PRESSO results`$`Distortion Test`
$`MR-PRESSO results`$`Distortion Test`$`Outliers Indices`
[1] 48 74 80

$`MR-PRESSO results`$`Distortion Test`$`Distortion Coefficient`
beta.exposure 
     189.8893 

$`MR-PRESSO results`$`Distortion Test`$Pvalue
[1] 0.0046



