SNP	CHROM	POS	REF	ALT	AF	BETA	SE	Z	P	N	TRAIT
rs2235536	NA	NA	NA	NA	NA	NA	NA	NA	NA	NA	NA
rs9728923	1	16040129	G	T	0.264695	0.003041	0.006129	0.4961657692935226	0.6198	3146	CSF_ptau
rs56169608	NA	NA	NA	NA	NA	NA	NA	NA	NA	NA	NA
rs6660612	1	23143338	G	A	0.464507	0.004611	0.006318	0.7298195631528964	0.4655	3146	CSF_ptau
rs10493055	1	34626340	T	G	0.412341	-0.004014	0.006104	-0.6576015727391874	0.5109	3146	CSF_ptau
rs2089358	1	37194103	C	T	0.693677	0.01021	0.005882	1.7358	0.08259	3146	CSF_ptau
rs547137	1	44827158	G	A	0.671869	-9.713e-4	0.005807	-0.167264	0.8672	3146	CSF_ptau
rs11588755	NA	NA	NA	NA	NA	NA	NA	NA	NA	NA	NA
rs6685401	1	62599874	G	A	0.523062	-0.002519	0.005464	-0.461018	0.6448	3146	CSF_ptau
rs6690101	1	66414039	T	C	0.549782	-0.009088	0.005301	-1.71439	0.08656	3146	CSF_ptau
rs1620977	1	72729142	A	G	0.737341	-0.001335	0.006591	-0.202549	0.8395	3146	CSF_ptau
rs77461959	NA	NA	NA	NA	NA	NA	NA	NA	NA	NA	NA
rs699844	1	74878253	A	G	0.0456356	-0.007712999999999999	0.010790000000000001	-0.7148285449490267	0.4747	3146	CSF_ptau
rs2706179	1	76657985	C	T	0.798692	0.003059	0.006689	0.457318	0.6475	3146	CSF_ptau
rs305470	1	88153669	C	G	0.941304	0.01341	0.01179	1.1374	0.2557	3146	CSF_ptau
rs12030482	1	96961268	T	A	0.229877	-0.004027	0.006425	-0.6267704280155643	0.5309	3146	CSF_ptau
rs6702604	1	107190062	A	G	0.443496	1.646e-4	0.005361	0.030703227009886213	0.9755	3146	CSF_ptau
rs61798467	NA	NA	NA	NA	NA	NA	NA	NA	NA	NA	NA
rs1289939	1	117944435	T	C	0.767138	-5.313e-4	0.006164	-0.086194	0.9313	3146	CSF_ptau
rs12023901	1	154207635	G	T	0.0982733	0.00845	0.0101	0.8366336633663366	0.40299999999999997	3146	CSF_ptau
rs4656570	NA	NA	NA	NA	NA	NA	NA	NA	NA	NA	NA
rs1200160	1	169103195	A	G	0.530797	-0.003472	0.0053	-0.655094	0.5124	3146	CSF_ptau
rs5877	1	173878862	T	C	0.322311	-0.0023	0.0060030000000000005	-0.38314176245210724	0.7016	3146	CSF_ptau
rs2418884	1	190038811	T	G	0.350291	-0.001979	0.005658	-0.3497702368328031	0.7265	3146	CSF_ptau
rs10800992	1	190900576	C	T	0.391104	-0.01031	0.00551	-1.8711433756805806	0.061470000000000004	3146	CSF_ptau
rs10800793	1	201825750	A	G	0.343159	-0.008135	0.0055509999999999995	-1.4655017114033508	0.1429	3146	CSF_ptau
rs6669981	NA	NA	NA	NA	NA	NA	NA	NA	NA	NA	NA
rs147180704	1	208618572	C	G	0.041863	-0.02675	0.01405	-1.903914590747331	0.05706	3146	CSF_ptau
rs11119409	1	210293333	C	T	0.512895	0.007222	0.005458	1.3232	0.1858	3146	CSF_ptau
rs41307740	NA	NA	NA	NA	NA	NA	NA	NA	NA	NA	NA
rs3007716	1	226125617	A	G	0.159578	0.006834999999999999	0.0071719999999999996	0.9530117122141661	0.3407	3146	CSF_ptau
rs2883027	1	230239257	A	G	0.386247	0.003676	0.00536	0.685820895522388	0.4929	3146	CSF_ptau
rs4659466	1	236911751	C	G	0.61769	-0.001403	0.005914	-0.237234	0.8125	3146	CSF_ptau
rs10803156	1	243917776	G	C	0.160922	0.0025109999999999998	0.007718000000000001	0.3253433532003109	0.745	3146	CSF_ptau
rs823247	2	2850540	C	T	0.522934	-0.004543	0.00533	-0.85234521575985	0.3941	3146	CSF_ptau
rs13414504	2	17483658	G	A	0.320406	-0.003084	0.006309	-0.4888254873989538	0.625	3146	CSF_ptau
rs72780006	NA	NA	NA	NA	NA	NA	NA	NA	NA	NA	NA
rs115867433	2	34983487	A	G	0.0222988	-0.0018559999999999998	0.013590000000000001	-0.13657100809418687	0.8914	3146	CSF_ptau
rs9653490	2	42833641	C	T	0.648117	0.01048	0.006490999999999999	1.61454	0.1067	3146	CSF_ptau
rs13010288	2	51824512	G	T	0.0918664	0.007591	0.008002	0.9486378405398649	0.3429	3146	CSF_ptau
rs12618568	2	53008216	C	T	0.450018	-0.001707	0.0052060000000000006	-0.32789089512101416	0.743	3146	CSF_ptau
rs113851554	NA	NA	NA	NA	NA	NA	NA	NA	NA	NA	NA
rs57842630	NA	NA	NA	NA	NA	NA	NA	NA	NA	NA	NA
rs12991815	2	68071990	C	G	0.553961	-0.01022	0.005568	-1.83549	0.06656000000000001	3146	CSF_ptau
rs4405790	NA	NA	NA	NA	NA	NA	NA	NA	NA	NA	NA
rs143204943	NA	NA	NA	NA	NA	NA	NA	NA	NA	NA	NA
rs17489287	2	98393231	C	T	0.338545	0.001668	0.0057020000000000005	0.2925289372150123	0.7699	3146	CSF_ptau
rs72820274	2	104412924	G	A	0.413524	-0.009218	0.005564	-1.6567217828900072	0.0977	3146	CSF_ptau
rs6543236	NA	NA	NA	NA	NA	NA	NA	NA	NA	NA	NA
rs62158170	2	114082175	A	G	0.198144	0.005438	0.0066040000000000005	0.8234403391883707	0.4104	3146	CSF_ptau
rs4555351	NA	NA	NA	NA	NA	NA	NA	NA	NA	NA	NA
rs13387408	2	125304251	G	A	0.371641	-0.004574	0.005442	-0.8404998162440279	0.4007	3146	CSF_ptau
rs6738149	2	144000583	A	C	0.106264	0.001153	0.0073739999999999995	0.15636018443178737	0.8758	3146	CSF_ptau
rs55633567	2	146471182	G	A	0.606793	-0.002375	0.005318	-0.446596	0.6552	3146	CSF_ptau
rs6756610	2	147480394	C	G	0.420632	-0.009170000000000001	0.00604	-1.5182119205298015	0.1291	3146	CSF_ptau
rs116466468	2	159137557	T	C	0.262776	-0.004562	0.00626	-0.7287539936102236	0.4662	3146	CSF_ptau
rs4664299	2	160570033	T	C	0.796699	0.01028	0.0061649999999999995	1.66748	0.09548	3146	CSF_ptau
rs836602	2	173528686	C	G	0.760286	0.001744	0.00599	0.291152	0.7709	3146	CSF_ptau
rs7571486	2	176473295	G	A	0.318348	0.008408	0.0061189999999999994	1.3740807321457758	0.1695	3146	CSF_ptau
rs10176724	2	178226009	G	T	0.890682	-0.00684	0.007658	-0.893184	0.3719	3146	CSF_ptau
rs6753440	2	199055167	T	A	0.605368	0.004325	0.0054659999999999995	0.791255	0.4289	3146	CSF_ptau
rs12473133	2	200970495	G	T	0.164727	0.0035740000000000004	0.0064459999999999995	0.5544523735650017	0.5793	3146	CSF_ptau
rs55772859	2	208042581	C	A	0.357975	0.002311	0.005786	0.3994123746975458	0.6896	3146	CSF_ptau
rs2365661	2	210391837	A	G	0.266606	0.008796	0.006235	1.4107457898957498	0.1584	3146	CSF_ptau
rs34967082	2	215382654	G	A	0.431198	0.003498	0.00613	0.5706362153344209	0.5684	3146	CSF_ptau
rs11676140	NA	NA	NA	NA	NA	NA	NA	NA	NA	NA	NA
rs10929159	2	236932963	T	G	0.557347	-3.484e-4	0.005966	-0.0583976	0.9534	3146	CSF_ptau
rs149249498	2	239282142	G	T	0.0752084	0.0032600000000000003	0.01028	0.3171206225680934	0.7511	3146	CSF_ptau
rs769621	3	3780926	T	C	0.834786	0.009285	0.00656	1.4154	0.1571	3146	CSF_ptau
rs4684703	NA	NA	NA	NA	NA	NA	NA	NA	NA	NA	NA
rs80286526	3	17394183	A	C	0.0769996	0.002384	0.009694	0.2459253146276047	0.8058	3146	CSF_ptau
rs2365370	3	20118980	A	G	0.0852952	0.004376	0.009154	0.47804238584225467	0.6327	3146	CSF_ptau
rs4858708	3	25154112	A	T	0.508974	-0.005871	0.005287	-1.1104596179307737	0.267	3146	CSF_ptau
rs11714011	3	34053980	G	A	0.0837867	-0.00807	0.01116	-0.7231182795698926	0.4697	3146	CSF_ptau
rs35110063	3	43066558	G	A	0.484398	0.003513	0.005555	0.6324032403240324	0.5272	3146	CSF_ptau
rs11918413	3	43902518	C	A	0.681239	-0.006596	0.005631000000000001	-1.17137	0.2416	3146	CSF_ptau
rs3774751	3	50209053	G	T	0.469497	-0.005863	0.005783	-1.0138336503544874	0.3108	3146	CSF_ptau
rs1567084	3	71435955	A	G	0.450694	-0.007013	0.005347	-1.31158	0.1898	3146	CSF_ptau
rs2654439	3	71808566	T	C	0.651896	-2.078e-4	0.0059689999999999995	-0.0348132	0.9722	3146	CSF_ptau
rs62258944	NA	NA	NA	NA	NA	NA	NA	NA	NA	NA	NA
rs9858244	3	85787399	G	A	0.190563	8.029e-4	0.006374	0.12596485723250705	0.8998	3146	CSF_ptau
rs17025198	3	88001713	G	A	0.267031	0.004023	0.006353	0.6332441366283645	0.5267	3146	CSF_ptau
rs1580173	3	107955515	G	A	0.539498	0.003823	0.005868	0.6515	0.5148	3146	CSF_ptau
rs7620131	3	114175554	A	G	0.0482059	-0.006667	0.01184	-0.5630912162162163	0.5734	3146	CSF_ptau
rs62264767	3	117642005	A	C	0.151669	0.005046	0.007603	0.6636853873470998	0.507	3146	CSF_ptau
rs75869405	NA	NA	NA	NA	NA	NA	NA	NA	NA	NA	NA
rs11917268	NA	NA	NA	NA	NA	NA	NA	NA	NA	NA	NA
rs4380409	3	143800896	A	G	0.288077	-0.001972	0.005909	-0.33372821120324925	0.7386	3146	CSF_ptau
rs73157994	3	151087980	C	T	0.172057	0.002665	0.007222	0.3690113541955137	0.7121	3146	CSF_ptau
rs492858	3	155432229	C	T	0.0868698	-0.015359999999999999	0.009847	-1.559865949020006	0.1189	3146	CSF_ptau
rs2364921	3	158522463	T	C	0.508164	0.005155	0.0052759999999999994	0.977066	0.3286	3146	CSF_ptau
rs11706718	NA	NA	NA	NA	NA	NA	NA	NA	NA	NA	NA
rs694786	3	173112907	T	C	0.576644	0.009439	0.005587	1.68946	0.09122000000000001	3146	CSF_ptau
rs7641339	3	178367446	G	A	0.453717	0.0016420000000000002	0.00532	0.30864661654135345	0.7576	3146	CSF_ptau
rs2216427	3	180785697	C	G	0.321791	0.009525	0.005564	1.711897915168943	0.08703999999999999	3146	CSF_ptau
rs4686489	3	184753819	A	C	0.484529	0.01063	0.005831	1.82301	0.06834	3146	CSF_ptau
rs58624989	3	187980436	C	T	0.0806985	-0.02168	0.01066	-2.0337711069418387	0.04214	3146	CSF_ptau
rs6814726	NA	NA	NA	NA	NA	NA	NA	NA	NA	NA	NA
rs56270611	4	18140722	G	A	0.410468	-0.002241	0.0064540000000000005	-0.3472265261853114	0.7284	3146	CSF_ptau
rs207301	4	19095959	G	A	0.73711	0.008015	0.00665	1.20526	0.2282	3146	CSF_ptau
rs56210137	4	22050663	T	G	0.78836	-0.009046	0.00658	-1.37477	0.1693	3146	CSF_ptau
rs260122	4	29407530	G	A	0.43902	-0.004862	0.005335	-0.911340206185567	0.3622	3146	CSF_ptau
rs16990210	4	34720226	T	C	0.134797	-0.004207	0.00725	-0.5802758620689654	0.5618	3146	CSF_ptau
rs6846979	NA	NA	NA	NA	NA	NA	NA	NA	NA	NA	NA
rs12500601	NA	NA	NA	NA	NA	NA	NA	NA	NA	NA	NA
rs72636644	4	67947008	G	A	0.149982	-0.0035700000000000003	0.008153	-0.43787562860296825	0.6615	3146	CSF_ptau
rs9991924	4	80730658	T	C	0.483795	-0.004667	0.005303	-0.8800678861022062	0.379	3146	CSF_ptau
rs17005118	4	82288564	G	A	0.269036	0.0035229999999999997	0.006091	0.5783943523230995	0.563	3146	CSF_ptau
rs72657797	NA	NA	NA	NA	NA	NA	NA	NA	NA	NA	NA
rs28493596	NA	NA	NA	NA	NA	NA	NA	NA	NA	NA	NA
rs13135092	4	103198082	A	G	0.0543478	-0.02376	0.01022	-2.324853228962818	0.02014	3146	CSF_ptau
rs116255950	NA	NA	NA	NA	NA	NA	NA	NA	NA	NA	NA
rs13138995	4	148987430	A	G	0.621179	0.005526	0.00545	1.01394	0.3106	3146	CSF_ptau
rs1523563	4	162087670	G	T	0.379461	0.0016539999999999999	0.005278	0.31337627889352027	0.754	3146	CSF_ptau
rs13120450	4	164537867	G	T	0.52407	-0.006698999999999999	0.005286	-1.267309875141884	0.2051	3146	CSF_ptau
rs13106863	4	175584403	T	C	0.278545	-0.002199	0.006515000000000001	-0.33752877973906364	0.7358	3146	CSF_ptau
rs2648115	NA	NA	NA	NA	NA	NA	NA	NA	NA	NA	NA
rs1441540	5	3253428	T	C	0.290123	0.005028	0.006323	0.7951921556223313	0.4266	3146	CSF_ptau
rs62639509	NA	NA	NA	NA	NA	NA	NA	NA	NA	NA	NA
rs11742077	5	25076925	T	C	0.511619	-0.001567	0.005303	-0.295493	0.7676	3146	CSF_ptau
rs6450799	5	30813302	C	T	0.554193	0.00893	0.005494	1.62541	0.1042	3146	CSF_ptau
rs17223714	5	50492629	A	G	0.231189	0.0073939999999999995	0.006648	1.112214199759326	0.2661	3146	CSF_ptau
rs12520974	NA	NA	NA	NA	NA	NA	NA	NA	NA	NA	NA
rs76217310	NA	NA	NA	NA	NA	NA	NA	NA	NA	NA	NA
rs701394	5	80296487	A	G	0.401237	0.002654	0.006913	0.38391436424128456	0.7011	3146	CSF_ptau
rs16903122	5	87693561	C	T	0.233407	-0.0033520000000000004	0.00632	-0.5303797468354431	0.5959	3146	CSF_ptau
rs35539975	5	91607148	A	G	0.25109	0.0018039999999999998	0.006576	0.274330900243309	0.7839	3146	CSF_ptau
rs17083297	5	92995477	C	A	0.104529	0.01141	0.007684999999999999	1.484710474951204	0.1378	3146	CSF_ptau
rs2657498	5	102024126	T	A	0.637091	-0.004293	0.005539	-0.77505	0.4384	3146	CSF_ptau
rs2431108	5	103947968	T	C	0.325771	-0.0081	0.006175	-1.311740890688259	0.1898	3146	CSF_ptau
rs17367725	5	107112116	C	T	0.34607	-0.0036369999999999996	0.005767	-0.6306571874458122	0.5283	3146	CSF_ptau
rs8180457	5	107209814	T	C	0.816824	0.003581	0.007205	0.497016	0.6192	3146	CSF_ptau
rs287657	5	114057868	A	T	0.381368	-0.002175	0.005546	-0.39217454020915976	0.695	3146	CSF_ptau
rs4509059	5	117110711	T	G	0.390939	-0.006215999999999999	0.005563	-1.1173827071723887	0.2639	3146	CSF_ptau
rs11739528	5	120131452	T	C	0.330124	0.003123	0.006159	0.5070628348757915	0.6121	3146	CSF_ptau
rs55972276	5	135653737	C	A	0.114016	-0.001318	0.008768000000000001	-0.1503193430656934	0.8805	3146	CSF_ptau
rs6888135	5	141254063	C	A	0.490178	-3.532e-4	0.005344	-0.0660928	0.9473	3146	CSF_ptau
rs10045427	5	148869387	A	C	0.241467	-0.001912	0.006338	-0.3016724518775639	0.7629	3146	CSF_ptau
rs57001955	NA	NA	NA	NA	NA	NA	NA	NA	NA	NA	NA
rs62383308	NA	NA	NA	NA	NA	NA	NA	NA	NA	NA	NA
rs879483	NA	NA	NA	NA	NA	NA	NA	NA	NA	NA	NA
rs2962842	5	176338955	A	G	0.475336	0.008695	0.005267	1.6508448832352383	0.09888999999999999	3146	CSF_ptau
rs6601080	5	179511043	G	A	0.639535	-0.007397	0.005665	-1.30574	0.1918	3146	CSF_ptau
rs4613858	NA	NA	NA	NA	NA	NA	NA	NA	NA	NA	NA
rs675209	NA	NA	NA	NA	NA	NA	NA	NA	NA	NA	NA
rs428210	NA	NA	NA	NA	NA	NA	NA	NA	NA	NA	NA
rs11756035	6	18843810	G	C	0.13262	0.0023079999999999997	0.00886	0.2604966139954853	0.7945	3146	CSF_ptau
rs114182814	NA	NA	NA	NA	NA	NA	NA	NA	NA	NA	NA
rs6456714	6	26335346	C	G	0.666028	0.003162	0.005658	0.558855	0.5763	3146	CSF_ptau
rs10947428	6	33647058	T	C	0.203683	-0.02029	0.007836	-2.5893312914752427	0.009691	3146	CSF_ptau
rs10947690	6	37631768	A	G	0.2749	-0.004222999999999999	0.006353	-0.6647253266173461	0.5063	3146	CSF_ptau
rs66858749	6	38635132	G	A	0.396817	0.002227	0.005267	0.4228213404214923	0.6725	3146	CSF_ptau
rs833061	6	43737486	C	T	0.473453	0.002124	0.006412999999999999	0.331202	0.7405	3146	CSF_ptau
rs4373347	6	67672896	T	G	0.340711	0.0131	0.0056890000000000005	2.3026894005976444	0.0214	3146	CSF_ptau
rs12199707	6	71547371	C	T	0.684803	0.00272	0.005796	0.469289	0.6389	3146	CSF_ptau
rs885247	6	73660234	T	C	0.198332	-0.0013570000000000001	0.007347	-0.18470123860078946	0.8535	3146	CSF_ptau
rs4530821	6	80063503	G	A	0.181653	0.001983	0.007073	0.28036193977095997	0.7792	3146	CSF_ptau
rs10944696	NA	NA	NA	NA	NA	NA	NA	NA	NA	NA	NA
rs667320	6	98673816	A	G	0.872645	-0.005054	0.008343000000000001	-0.605777	0.5447	3146	CSF_ptau
rs2388840	6	99598756	G	A	0.612641	0.002996	0.005398	0.55502	0.579	3146	CSF_ptau
rs240112	6	101059253	C	A	0.542302	0.005911	0.005369	1.10095	0.271	3146	CSF_ptau
rs314281	6	105400605	T	C	0.552393	3.339e-5	0.0053479999999999995	0.00624346	0.995	3146	CSF_ptau
rs6926809	6	111305855	C	G	0.193967	-0.0034549999999999997	0.007481999999999999	-0.46177492649024326	0.6443	3146	CSF_ptau
rs34902403	NA	NA	NA	NA	NA	NA	NA	NA	NA	NA	NA
rs728017	NA	NA	NA	NA	NA	NA	NA	NA	NA	NA	NA
rs62429521	6	140324582	C	A	0.184727	0.004573	0.007506999999999999	0.6091647795390969	0.5424	3146	CSF_ptau
rs1147852	6	147980909	G	A	0.296478	8.609999999999999e-4	0.005703	0.15097317201472907	0.88	3146	CSF_ptau
rs34196349	NA	NA	NA	NA	NA	NA	NA	NA	NA	NA	NA
rs4709655	6	163280204	C	T	0.0905917	-0.001801	0.008657	-0.20803973662931732	0.8352	3146	CSF_ptau
rs190106279	6	170728900	T	C	0.108197	-0.00614	0.01218	-0.5041050903119868	0.6142	3146	CSF_ptau
rs6978112	7	1966841	C	T	0.409356	-8.242000000000001e-4	0.006022	-0.13686482896047827	0.8912	3146	CSF_ptau
rs940780	7	3323848	T	C	0.659215	0.004566	0.005511	0.828525	0.4074	3146	CSF_ptau
rs6977305	7	3943550	G	C	0.186047	-0.0058460000000000005	0.007375	-0.792677966101695	0.4281	3146	CSF_ptau
rs10950397	NA	NA	NA	NA	NA	NA	NA	NA	NA	NA	NA
rs2030672	7	21687925	G	C	0.556707	-0.005813	0.005365	-1.0835	0.2787	3146	CSF_ptau
rs10951340	7	32562408	G	A	0.369113	-0.008103	0.005497999999999999	-1.473808657693707	0.1406	3146	CSF_ptau
rs62456370	7	49893406	A	G	0.740149	0.001512	0.006065	0.249299	0.8032	3146	CSF_ptau
rs3112265	NA	NA	NA	NA	NA	NA	NA	NA	NA	NA	NA
rs7794589	NA	NA	NA	NA	NA	NA	NA	NA	NA	NA	NA
rs11984380	7	70481029	G	A	0.516188	6.077e-4	0.0064849999999999994	0.0937086	0.9254	3146	CSF_ptau
rs6465151	7	88310899	C	T	0.143687	-0.002059	0.007901	-0.26059992406024557	0.7944	3146	CSF_ptau
rs6973090	NA	NA	NA	NA	NA	NA	NA	NA	NA	NA	NA
rs1013307	7	108260762	G	A	0.863587	-0.004601	0.01025	-0.448878	0.6535	3146	CSF_ptau
rs8180817	7	114047542	G	C	0.471616	4.846e-4	0.0053490000000000005	0.09059637315386053	0.9278	3146	CSF_ptau
rs73204027	NA	NA	NA	NA	NA	NA	NA	NA	NA	NA	NA
rs7807019	7	117543063	A	G	0.58194	-0.003961999999999999	0.005312	-0.7458584337349397	0.4558	3146	CSF_ptau
rs17520265	7	119674508	G	A	0.0217865	-0.001527	0.016030000000000003	-0.09525888958203367	0.9241	3146	CSF_ptau
rs6967168	7	132672192	T	G	0.232058	-0.004921	0.006379	-0.7714375293933218	0.4405	3146	CSF_ptau
rs2598293	7	133989882	C	T	0.477786	0.0035380000000000003	0.005882	0.6014960897653859	0.5476	3146	CSF_ptau
rs1731951	7	137075847	T	A	0.489245	0.0019809999999999997	0.005856	0.338285519125683	0.7352	3146	CSF_ptau
rs77875040	NA	NA	NA	NA	NA	NA	NA	NA	NA	NA	NA
rs111512387	8	706097	G	T	0.0314673	4.8600000000000005e-4	0.015880000000000002	0.030604534005037782	0.9756	3146	CSF_ptau
rs7008383	8	9385933	G	A	0.979522	0.005981	0.01835	0.32594	0.7445	3146	CSF_ptau
rs28611339	8	10170037	G	T	0.160805	-0.018080000000000002	0.007802	-2.3173545244809026	0.02059	3146	CSF_ptau
rs2256810	8	14646209	T	C	0.23984	-0.004359	0.0064269999999999996	-0.678232456822779	0.4977	3146	CSF_ptau
rs113973451	8	21906789	G	T	0.15707	0.007973000000000001	0.008801999999999999	0.90581685980459	0.3652	3146	CSF_ptau
rs184551615	NA	NA	NA	NA	NA	NA	NA	NA	NA	NA	NA
rs874168	8	30849450	T	C	0.448968	0.007568000000000001	0.00534	1.4172284644194757	0.1565	3146	CSF_ptau
rs13253948	8	35036434	T	C	0.413654	0.002872	0.0058200000000000005	0.49347079037800684	0.6217	3146	CSF_ptau
rs2565096	8	40376429	G	A	0.741467	-0.00244	0.0060420000000000005	-0.40384	0.6864	3146	CSF_ptau
rs671985	8	60914783	G	A	0.438161	0.001271	0.005297	0.23994713989050406	0.8104	3146	CSF_ptau
rs4588900	8	73890425	G	A	0.512755	-0.002023	0.005301	-0.381626	0.7028	3146	CSF_ptau
rs2170382	8	74689288	C	T	0.10872	0.00492	0.008273	0.5947056690438776	0.5521	3146	CSF_ptau
rs4409363	8	82788255	T	C	0.547403	0.01151	0.005441	2.11542	0.03452	3146	CSF_ptau
rs17643634	NA	NA	NA	NA	NA	NA	NA	NA	NA	NA	NA
rs7844069	8	93277087	T	G	0.564159	5.876e-4	0.00534	0.110037	0.9124	3146	CSF_ptau
rs112600754	NA	NA	NA	NA	NA	NA	NA	NA	NA	NA	NA
rs28552587	8	103356226	A	G	0.449002	0.00151	0.0054399999999999995	0.2775735294117647	0.7814	3146	CSF_ptau
rs10955647	8	114154187	G	T	0.529941	-0.005601	0.005413	-1.03473	0.3009	3146	CSF_ptau
rs13253607	8	115066582	C	T	0.365371	0.005249	0.005536	0.948157514450867	0.3431	3146	CSF_ptau
rs800566	8	116709834	A	G	0.74556	-0.006913	0.0064329999999999995	-1.07462	0.2827	3146	CSF_ptau
rs62523467	8	127253967	C	T	0.37866	-0.006833	0.0055	-1.2423636363636363	0.2143	3146	CSF_ptau
rs6471065	8	133404011	C	T	0.187069	-0.00747	0.00735	-1.0163265306122449	0.3096	3146	CSF_ptau
rs3812442	NA	NA	NA	NA	NA	NA	NA	NA	NA	NA	NA
rs10758593	9	4292083	G	A	0.437296	-8.731e-4	0.005447	-0.16029006792729944	0.8727	3146	CSF_ptau
rs118166957	NA	NA	NA	NA	NA	NA	NA	NA	NA	NA	NA
rs10756571	9	14534505	C	T	0.697628	0.004357	0.006334	0.687875	0.4916	3146	CSF_ptau
rs10811973	9	23831902	A	G	0.287339	-0.009304	0.0060420000000000005	-1.5398874544852696	0.1237	3146	CSF_ptau
rs824264	9	28782175	G	A	0.146589	-0.005162	0.00707	-0.7301272984441302	0.4654	3146	CSF_ptau
rs7020413	9	37002115	A	G	0.280897	-0.002475	0.0059039999999999995	-0.4192073170731708	0.6751	3146	CSF_ptau
rs28600695	NA	NA	NA	NA	NA	NA	NA	NA	NA	NA	NA
rs7044885	9	81739348	C	G	0.526163	0.005681	0.00542	1.04815	0.2947	3146	CSF_ptau
rs10739951	9	96361585	T	C	0.480167	0.01066	0.005432	1.9624447717231221	0.0498	3146	CSF_ptau
rs10819718	9	102778480	T	C	0.114312	0.001674	0.008985	0.18631051752921535	0.8522	3146	CSF_ptau
rs35623509	9	120001431	C	G	0.251999	-1.2009999999999998e-4	0.006021	-0.019946852682278686	0.9841	3146	CSF_ptau
rs1927902	9	120518991	T	C	0.752086	-0.006005	0.006147	-0.976899	0.3287	3146	CSF_ptau
rs12684080	9	125867350	C	T	0.0867199	-0.008916	0.011609999999999999	-0.7679586563307494	0.4425	3146	CSF_ptau
rs11244184	9	133777093	C	T	0.137686	-0.01384	0.007679999999999999	-1.8020833333333335	0.07162	3146	CSF_ptau
rs9411335	9	134901224	G	A	0.703341	-8.701e-4	0.005695	-0.152783	0.8786	3146	CSF_ptau
rs10858247	NA	NA	NA	NA	NA	NA	NA	NA	NA	NA	NA
rs77641763	NA	NA	NA	NA	NA	NA	NA	NA	NA	NA	NA
rs9410111	9	140506058	C	T	0.177203	-7.457e-5	0.007633	-0.009769422245512905	0.9922	3146	CSF_ptau
rs10795462	10	17245119	A	C	0.519818	0.004406	0.005319	0.828351	0.4076	3146	CSF_ptau
rs12251016	10	21821918	A	T	0.32693	0.001265	0.005628	0.22476901208244493	0.8222	3146	CSF_ptau
rs6482430	NA	NA	NA	NA	NA	NA	NA	NA	NA	NA	NA
rs2767624	NA	NA	NA	NA	NA	NA	NA	NA	NA	NA	NA
rs12246855	NA	NA	NA	NA	NA	NA	NA	NA	NA	NA	NA
rs1900489	10	57142963	A	G	0.566448	-0.001505	0.005448	-0.276248	0.7824	3146	CSF_ptau
rs224029	10	64519299	T	C	0.564387	-3.576e-4	0.005494	-0.0650892	0.9481	3146	CSF_ptau
rs10822610	10	67473417	C	T	0.0396595	0.01687	0.011609999999999999	1.4530577088716625	0.1464	3146	CSF_ptau
rs11812551	10	70599221	C	T	0.199819	0.0030039999999999997	0.008935	0.33620593172915497	0.7368	3146	CSF_ptau
rs11001276	10	76825638	A	T	0.288848	0.002497	0.006967	0.35840390411942014	0.72	3146	CSF_ptau
rs7475916	NA	NA	NA	NA	NA	NA	NA	NA	NA	NA	NA
rs67736663	10	89295813	C	T	0.183024	0.0025670000000000003	0.0070079999999999995	0.36629566210045666	0.7141	3146	CSF_ptau
rs11191250	10	104034780	T	C	0.234641	-0.0013289999999999999	0.006751999999999999	-0.19683056872037916	0.8440000000000001	3146	CSF_ptau
rs9787523	10	106460460	T	C	0.382043	-0.009170999999999999	0.005403	-1.6973903387007216	0.08975	3146	CSF_ptau
rs1331156	10	107920521	A	G	0.790863	-4.13e-4	0.006318	-0.0653688	0.9479	3146	CSF_ptau
rs3750805	10	114847143	A	T	0.111091	0.002172	0.008877	0.24467725582967217	0.8067	3146	CSF_ptau
rs7902287	10	120213295	A	G	0.474566	-0.00231	0.00548	-0.4215328467153285	0.6735	3146	CSF_ptau
rs9971199	NA	NA	NA	NA	NA	NA	NA	NA	NA	NA	NA
rs34774469	NA	NA	NA	NA	NA	NA	NA	NA	NA	NA	NA
rs4910472	11	9543119	T	G	0.378467	-0.001984	0.005308	-0.373775433308214	0.7086	3146	CSF_ptau
rs111395229	NA	NA	NA	NA	NA	NA	NA	NA	NA	NA	NA
rs11024433	11	17944125	G	A	0.284911	0.005095000000000001	0.006157999999999999	0.8273790191620658	0.4081	3146	CSF_ptau
rs1509589	11	24593626	T	C	0.611536	-0.004757	0.005549	-0.857272	0.3913	3146	CSF_ptau
rs1806152	11	31851040	C	T	0.165094	6.351e-4	0.006866	0.09249927177395864	0.9263	3146	CSF_ptau
rs10768431	11	38911091	C	T	0.357583	-0.0102	0.007195	-1.417651146629604	0.1564	3146	CSF_ptau
rs72899452	11	45415577	C	T	0.0644339	-0.01114	0.01063	-1.0479774223894638	0.2948	3146	CSF_ptau
rs11605348	11	47606483	G	A	0.383205	-0.01048	0.0056619999999999995	-1.8509360649947015	0.0643	3146	CSF_ptau
rs12807357	11	57656902	C	T	0.348617	0.002878	0.005967	0.4823194234958941	0.6296	3146	CSF_ptau
rs524859	11	66041079	G	A	0.304032	0.0018800000000000002	0.005647999999999999	0.33286118980169976	0.7392	3146	CSF_ptau
rs932074	11	72365663	C	G	0.447601	0.007678	0.0053100000000000005	1.4459510357815442	0.1483	3146	CSF_ptau
rs2008734	NA	NA	NA	NA	NA	NA	NA	NA	NA	NA	NA
rs10898136	11	83274143	A	G	0.392568	-0.0068579999999999995	0.0054009999999999996	-1.269764858359563	0.2043	3146	CSF_ptau
rs2221119	11	88598444	G	C	0.498185	-0.002522	0.005336	-0.4726386806596702	0.6365	3146	CSF_ptau
rs6589988	11	99126016	A	G	0.32131	-0.001741	0.005587	-0.311616252013603	0.7553	3146	CSF_ptau
rs2458167	11	99500748	A	C	0.662172	-0.004311	0.0056630000000000005	-0.761257	0.4466	3146	CSF_ptau
rs7110574	11	107416784	T	C	0.36588	0.009746	0.0060409999999999995	1.613309054792253	0.1068	3146	CSF_ptau
rs1064939	NA	NA	NA	NA	NA	NA	NA	NA	NA	NA	NA
rs45457998	11	118492713	A	G	0.0270712	-0.003247	0.0141	-0.2302836879432624	0.8179	3146	CSF_ptau
rs647905	11	121534938	C	T	0.547602	0.00717	0.005336	1.3437	0.1792	3146	CSF_ptau
rs12273435	NA	NA	NA	NA	NA	NA	NA	NA	NA	NA	NA
rs1440480	NA	NA	NA	NA	NA	NA	NA	NA	NA	NA	NA
rs1541463	12	505759	G	A	0.741373	-0.003719	0.006214	-0.598487	0.5496	3146	CSF_ptau
rs2286729	12	6873818	G	A	0.0594766	2.788e-4	0.01111	0.025094509450945095	0.98	3146	CSF_ptau
rs2668370	12	17637631	G	A	0.0534476	-0.0056549999999999994	0.009613	-0.5882658899407053	0.5564	3146	CSF_ptau
rs1259427	12	31680583	A	G	0.730444	-0.003438	0.00595	-0.577815	0.5634	3146	CSF_ptau
rs1167132	12	43484487	C	T	0.428935	0.002147	0.005381	0.39899646905779595	0.69	3146	CSF_ptau
rs61614746	12	54740214	G	A	0.117984	0.006808	0.008565999999999999	0.7947700210133085	0.4268	3146	CSF_ptau
rs324017	12	57487814	A	C	0.697804	-0.006888	0.006256	-1.10102	0.271	3146	CSF_ptau
rs61921611	12	66367726	T	C	0.275418	-0.002548	0.0057350000000000005	-0.4442894507410636	0.6568	3146	CSF_ptau
rs684118	12	70843231	G	A	0.351959	-0.005183	0.0056560000000000004	-0.9163719943422913	0.3596	3146	CSF_ptau
rs12310246	12	84700945	G	A	0.205584	0.003379	0.006103	0.5536621333770277	0.5799	3146	CSF_ptau
rs1222516	NA	NA	NA	NA	NA	NA	NA	NA	NA	NA	NA
rs201372	NA	NA	NA	NA	NA	NA	NA	NA	NA	NA	NA
rs11113745	NA	NA	NA	NA	NA	NA	NA	NA	NA	NA	NA
rs11113838	12	108755736	G	A	0.280603	0.005944	0.005951	0.9988237271046883	0.3179	3146	CSF_ptau
rs68094047	12	109855201	C	T	0.20809	0.005947	0.0061270000000000005	0.9706218377672596	0.3318	3146	CSF_ptau
rs4767645	12	118385788	G	T	0.453619	-0.001134	0.005425	-0.20903225806451614	0.8344	3146	CSF_ptau
rs11043298	NA	NA	NA	NA	NA	NA	NA	NA	NA	NA	NA
rs28582096	12	123856998	G	A	0.184554	0.008268000000000001	0.006532	1.26576852418861	0.2057	3146	CSF_ptau
rs2265211	13	21305022	T	C	0.367914	0.005142	0.005703	0.9016307206733298	0.3673	3146	CSF_ptau
rs9532325	13	39678937	C	T	0.78416	-0.001024	0.006509	-0.157321	0.875	3146	CSF_ptau
rs9576812	13	40046785	G	A	0.3949	0.0038929999999999998	0.005344	0.7284805389221557	0.4663	3146	CSF_ptau
rs9527083	13	53991125	G	A	0.650618	-0.001194	0.005588	-0.213672	0.8308	3146	CSF_ptau
rs1031654	13	54382035	C	A	0.796444	0.002002	0.006497	0.308142	0.758	3146	CSF_ptau
rs142412036	NA	NA	NA	NA	NA	NA	NA	NA	NA	NA	NA
rs6562066	13	60532796	T	C	0.638302	-0.003847	0.005556	-0.692405	0.4888	3146	CSF_ptau
rs4619277	13	67837288	A	T	0.624229	-0.002867	0.00605	-0.473884	0.6356	3146	CSF_ptau
rs7989827	13	69857608	T	G	0.488385	-6.965e-4	0.005249	-0.1326919413221566	0.8945	3146	CSF_ptau
rs11149313	13	85294881	A	G	0.335091	0.001466	0.005835	0.2512425021422451	0.8016	3146	CSF_ptau
rs2389631	13	96932868	A	C	0.389877	-0.007098	0.005614	-1.2643391521197007	0.2062	3146	CSF_ptau
rs67159568	NA	NA	NA	NA	NA	NA	NA	NA	NA	NA	NA
rs7492220	NA	NA	NA	NA	NA	NA	NA	NA	NA	NA	NA
rs1536053	13	111982291	C	T	0.32976	-0.0065959999999999994	0.005753	-1.1465322440465842	0.2517	3146	CSF_ptau
rs35230291	NA	NA	NA	NA	NA	NA	NA	NA	NA	NA	NA
rs4981170	14	33412996	A	G	0.793831	-0.004821	0.006595	-0.731008	0.4648	3146	CSF_ptau
rs34376636	14	41819755	C	T	0.24873	1.436e-4	0.007262	0.01977416689617185	0.9842	3146	CSF_ptau
rs28538732	14	42596275	C	T	0.641221	-7.641e-4	0.0054009999999999996	-0.141474	0.8875	3146	CSF_ptau
rs55667396	NA	NA	NA	NA	NA	NA	NA	NA	NA	NA	NA
rs35045162	NA	NA	NA	NA	NA	NA	NA	NA	NA	NA	NA
rs12437256	14	71218936	T	A	0.514338	0.002662	0.005411	0.491961	0.6228	3146	CSF_ptau
rs1364603	NA	NA	NA	NA	NA	NA	NA	NA	NA	NA	NA
rs11852064	14	93840352	A	C	0.0953852	-0.004497999999999999	0.008235	-0.5462052216150577	0.585	3146	CSF_ptau
rs2693672	14	99741074	C	G	0.404	-0.002134	0.005487	-0.3889192637142337	0.6973	3146	CSF_ptau
rs1190817	14	101229986	T	C	0.230392	0.0059310000000000005	0.007259999999999999	0.8169421487603308	0.414	3146	CSF_ptau
rs8012775	14	104067809	T	C	0.282878	-0.008567	0.005943	-1.4415278478882718	0.1496	3146	CSF_ptau
rs77614227	NA	NA	NA	NA	NA	NA	NA	NA	NA	NA	NA
rs2082845	15	36359579	G	A	0.516782	0.003152	0.005337	0.590594	0.5548	3146	CSF_ptau
rs12912299	15	38897857	C	T	0.445221	0.001519	0.005957	0.25499412455934195	0.7987	3146	CSF_ptau
rs4300583	15	47211654	A	G	0.355741	-9.01e-5	0.005478	-0.016447608616283315	0.9869	3146	CSF_ptau
rs281223	15	47716002	C	G	0.519869	-0.00149	0.005388	-0.27654	0.7821	3146	CSF_ptau
rs715338	15	57215867	G	A	0.607572	0.008277	0.005496	1.506	0.1322	3146	CSF_ptau
rs4775400	15	61682079	G	T	0.534545	-5.549999999999999e-4	0.0055780000000000005	-0.09949802796701325	0.9208	3146	CSF_ptau
rs11638476	15	67485101	G	A	0.439066	-0.001726	0.005525	-0.3123981900452489	0.7547	3146	CSF_ptau
rs1038093	15	74012409	T	C	0.393246	-0.005711	0.005529999999999999	-1.0327305605786619	0.3018	3146	CSF_ptau
rs4886867	15	74348374	G	A	0.723198	-0.004097	0.006335	-0.646725	0.5178	3146	CSF_ptau
rs149269688	NA	NA	NA	NA	NA	NA	NA	NA	NA	NA	NA
rs176644	NA	NA	NA	NA	NA	NA	NA	NA	NA	NA	NA
rs4702	15	91426560	G	A	0.586	0.007258	0.00584	1.24281	0.2141	3146	CSF_ptau
rs35625885	NA	NA	NA	NA	NA	NA	NA	NA	NA	NA	NA
rs9672549	15	99180105	T	C	0.617994	0.003502	0.006666	0.525353	0.5995	3146	CSF_ptau
rs3184470	16	715164	G	A	0.451357	0.001437	0.0056170000000000005	0.2558305145095246	0.7981	3146	CSF_ptau
rs62017761	16	6552504	T	G	0.518505	0.00109	0.005376	0.20275297619047622	0.8393	3146	CSF_ptau
rs830716	16	12323509	G	C	0.648993	0.002437	0.006531	0.373143	0.7091	3146	CSF_ptau
rs11075260	NA	NA	NA	NA	NA	NA	NA	NA	NA	NA	NA
rs66674044	16	19904344	A	T	0.150109	0.01278	0.007876000000000001	1.6226510919248347	0.1047	3146	CSF_ptau
rs2106450	16	20915247	T	C	0.787532	0.004568	0.0059759999999999995	0.764391	0.4447	3146	CSF_ptau
rs4788203	16	29978827	G	A	0.441606	4.888e-4	0.006809999999999999	0.07177679882525698	0.9428	3146	CSF_ptau
rs1015438	16	51177517	G	A	0.236469	0.004721	0.006662	0.7086460522365656	0.4786	3146	CSF_ptau
rs4238749	16	52639234	C	A	0.416058	-0.004912	0.00549	-0.8947176684881603	0.3711	3146	CSF_ptau
rs1734202	16	54619599	C	G	0.78574	-0.002643	0.005915	-0.44683	0.655	3146	CSF_ptau
rs9931543	16	56128782	T	C	0.283273	-0.0102	0.006118	-1.6672115070284408	0.09562000000000001	3146	CSF_ptau
rs113884328	16	61668297	C	A	0.284019	0.002861	0.005954999999999999	0.4804366078925273	0.6309	3146	CSF_ptau
rs67814273	16	62205563	G	A	0.208273	-0.004334	0.006653	-0.6514354426574478	0.5149	3146	CSF_ptau
rs35322724	16	77137324	C	A	0.50428	-3.275e-4	0.005490999999999999	-0.0596431	0.9524	3146	CSF_ptau
rs7199074	16	83399681	C	A	0.295967	-0.0067599999999999995	0.006481999999999999	-1.042887997531626	0.2971	3146	CSF_ptau
rs3889228	16	87868527	C	A	0.310791	0.009015	0.006024	1.4965139442231077	0.1346	3146	CSF_ptau
rs62068188	NA	NA	NA	NA	NA	NA	NA	NA	NA	NA	NA
rs8066969	17	11197243	A	G	0.30929	-0.0034799999999999996	0.006587999999999999	-0.5282331511839709	0.5974	3146	CSF_ptau
rs150164377	NA	NA	NA	NA	NA	NA	NA	NA	NA	NA	NA
rs8081659	17	27213990	C	T	0.492288	0.005103	0.005784	0.8822614107883817	0.3777	3146	CSF_ptau
rs140700	17	28543389	C	T	0.0885704	-0.004984000000000001	0.010320000000000001	-0.48294573643410854	0.6293	3146	CSF_ptau
rs7214267	17	43157709	G	A	0.584308	-0.003386	0.005365	-0.631128	0.528	3146	CSF_ptau
rs11650182	17	46272609	A	G	0.0885662	0.001463	0.01054	0.13880455407969639	0.8897	3146	CSF_ptau
rs9889282	17	50259142	A	C	0.406559	0.002427	0.005999	0.4045674279046508	0.6858	3146	CSF_ptau
rs8066617	NA	NA	NA	NA	NA	NA	NA	NA	NA	NA	NA
rs8076183	17	61024696	C	T	0.524	-0.002722	0.005302	-0.5133911731422105	0.6077	3146	CSF_ptau
rs9911223	17	78912271	G	A	0.350638	0.001351	0.005763	0.23442651396841924	0.8147	3146	CSF_ptau
rs8074498	NA	NA	NA	NA	NA	NA	NA	NA	NA	NA	NA
rs1719979	18	5603875	T	A	0.665511	0.004817	0.006108	0.788638	0.4304	3146	CSF_ptau
rs11663009	NA	NA	NA	NA	NA	NA	NA	NA	NA	NA	NA
rs12680	18	9537835	G	C	0.062069	-0.024319999999999998	0.01065	-2.283568075117371	0.02246	3146	CSF_ptau
rs11083299	18	26305366	C	T	0.477628	-0.004206	0.005372	-0.782949	0.4338	3146	CSF_ptau
rs9710047	NA	NA	NA	NA	NA	NA	NA	NA	NA	NA	NA
rs12605642	18	31313965	G	T	0.487141	-0.002481	0.005298	-0.46829	0.6396	3146	CSF_ptau
rs10853431	18	31793401	A	G	0.712359	-0.01142	0.006586	-1.73398	0.08304	3146	CSF_ptau
rs11659257	18	42907457	G	A	0.124271	-0.0033710000000000003	0.007619	-0.4424465152907206	0.6582	3146	CSF_ptau
rs62097903	18	50531232	A	G	0.449328	-0.0018989999999999999	0.0055130000000000005	-0.3444585525122437	0.7306	3146	CSF_ptau
rs60565673	18	52906830	T	G	0.375589	0.004807	0.005419	0.8870640339546041	0.3751	3146	CSF_ptau
rs9964420	18	56824041	C	A	0.277657	-0.009007	0.005937	-1.517096176520128	0.1294	3146	CSF_ptau
rs35894154	18	60760459	C	G	0.282601	-0.001142	0.0068650000000000004	-0.1663510560815732	0.8678	3146	CSF_ptau
rs35976374	NA	NA	NA	NA	NA	NA	NA	NA	NA	NA	NA
rs151286028	NA	NA	NA	NA	NA	NA	NA	NA	NA	NA	NA
rs10415156	NA	NA	NA	NA	NA	NA	NA	NA	NA	NA	NA
rs9749166	19	2666008	C	T	0.331747	-0.004086	0.006363000000000001	-0.6421499292786421	0.5208	3146	CSF_ptau
rs12983032	19	5073447	G	A	0.322587	-0.004864	0.005712	-0.8515406162464987	0.3946	3146	CSF_ptau
rs2384991	19	18386634	A	C	0.262814	-0.001504	0.006044	-0.2488418266048974	0.8035	3146	CSF_ptau
rs4808950	19	19518889	A	G	0.172833	0.007776999999999999	0.006939	1.120766681077965	0.2624	3146	CSF_ptau
rs11670844	19	29800673	C	T	0.389676	0.006391	0.005822	1.097732737890759	0.2724	3146	CSF_ptau
rs6510033	19	30710785	A	G	0.227406	-8.33e-4	0.005879	-0.14169076373532913	0.8873	3146	CSF_ptau
rs8192726	NA	NA	NA	NA	NA	NA	NA	NA	NA	NA	NA
rs429358	19	45411941	T	C	0.13181	0.07194	0.006631999999999999	10.847406513872137	9.9e-27	3146	CSF_ptau
rs10420906	NA	NA	NA	NA	NA	NA	NA	NA	NA	NA	NA
rs908668	19	56134038	C	T	0.218126	-0.002229	0.006612000000000001	-0.33711433756805803	0.736	3146	CSF_ptau
rs3997357	19	59044566	T	C	0.399854	-0.0034909999999999997	0.006363000000000001	-0.5486405783435485	0.5833	3146	CSF_ptau
rs11087635	NA	NA	NA	NA	NA	NA	NA	NA	NA	NA	NA
rs743133	20	14804414	G	A	0.101707	-0.009082999999999999	0.008071	-1.1253871887002849	0.2605	3146	CSF_ptau
rs78834911	20	16553754	G	A	0.214964	-0.008143000000000001	0.0065450000000000005	-1.2441558441558442	0.2136	3146	CSF_ptau
rs4911534	NA	NA	NA	NA	NA	NA	NA	NA	NA	NA	NA
rs6119267	NA	NA	NA	NA	NA	NA	NA	NA	NA	NA	NA
rs910187	20	45841052	G	A	0.396295	-0.009136	0.006229	-1.4666880719216566	0.1426	3146	CSF_ptau
rs6019663	20	47774512	T	C	0.752452	-6.926e-4	0.005911	-0.117171	0.9067	3146	CSF_ptau
rs35580017	NA	NA	NA	NA	NA	NA	NA	NA	NA	NA	NA
rs2296529	20	57282381	T	C	0.216874	-0.0059229999999999994	0.006234	-0.9501122874558869	0.3421	3146	CSF_ptau
rs76145129	20	62670427	G	T	0.12246	-0.007932999999999999	0.009525	-0.8328608923884513	0.405	3146	CSF_ptau
rs2823623	21	17535201	G	A	0.6049	0.004262	0.0059310000000000005	0.718597	0.4725	3146	CSF_ptau
rs10368	21	43305619	C	T	0.296727	-0.001023	0.007254000000000001	-0.14102564102564102	0.8879	3146	CSF_ptau
rs2838787	21	46539725	G	A	0.389151	-0.005021	0.00549	-0.9145719489981785	0.3605	3146	CSF_ptau
rs5762426	22	28371541	C	T	0.280603	-4.2380000000000006e-4	0.006072	-0.06979578392621871	0.9444	3146	CSF_ptau
rs59315359	22	31672676	G	A	0.666352	9.642e-4	0.0060079999999999995	0.160486	0.8725	3146	CSF_ptau
rs11090039	22	41496800	G	A	0.26008	7.425e-4	0.006007	0.12360579324121858	0.9016	3146	CSF_ptau
