$`Main MR results`
       Exposure       MR Analysis Causal Estimate         Sd    T-stat
1 beta.exposure               Raw     -0.06045123 0.04470076 -1.352354
2 beta.exposure Outlier-corrected     -0.07184489 0.04252746 -1.689376
     P-value
1 0.17980763
2 0.09481237

$`MR-PRESSO results`
$`MR-PRESSO results`$`Global Test`
$`MR-PRESSO results`$`Global Test`$RSSobs
[1] 113.3758

$`MR-PRESSO results`$`Global Test`$Pvalue
[1] 0.0357


$`MR-PRESSO results`$`Outlier Test`
         RSSobs Pvalue
1  7.386521e-05      1
2  1.008435e-04      1
3  1.227789e-04      1
4  1.054528e-03      1
5  9.691360e-04      1
6  2.494970e-04      1
7  6.605797e-05      1
8  1.224603e-04      1
9  6.301651e-05      1
10 4.994804e-05      1
11 1.993284e-05      1
12 1.199267e-05      1
13 6.727887e-04      1
14 6.553586e-04      1
15 1.520242e-03      1
16 3.522067e-09      1
17 2.457678e-05      1
18 3.147650e-04      1
19 5.225901e-06      1
20 8.398268e-06      1
21 5.327825e-05      1
22 2.588266e-04      1
23 2.379752e-04      1
24 7.416645e-05      1
25 1.401995e-04      1
26 2.687443e-04      1
27 1.011207e-04      1
28 3.967936e-05      1
29 8.529223e-05      1
30 4.111749e-03 0.0435
31 1.008570e-04      1
32 1.763251e-03   0.87
33 2.938343e-06      1
34 2.244101e-03      1
35 7.235569e-05      1
36 9.637940e-06      1
37 1.240518e-03      1
38 1.917986e-03      1
39 1.883339e-04      1
40 1.513655e-04      1
41 1.262981e-04      1
42 8.981017e-05      1
43 4.440001e-04      1
44 7.553529e-04      1
45 7.146302e-04      1
46 2.243874e-04      1
47 3.084760e-04      1
48 3.000651e-04      1
49 7.904718e-05      1
50 3.602347e-06      1
51 2.506632e-05      1
52 1.489290e-05      1
53 7.890188e-05      1
54 1.198103e-04      1
55 2.553433e-06      1
56 4.841749e-04      1
57 5.643752e-03      1
58 1.922023e-04      1
59 2.895488e-05      1
60 1.361926e-04      1
61 1.652579e-04      1
62 6.274304e-05      1
63 1.456960e-03      1
64 9.677657e-06      1
65 5.589027e-08      1
66 7.804636e-05      1
67 4.066108e-04      1
68 3.220016e-04      1
69 1.691764e-04      1
70 7.541103e-05      1
71 4.294649e-06      1
72 1.230577e-03      1
73 1.079304e-03      1
74 1.913198e-04      1
75 2.168621e-04      1
76 1.318226e-03      1
77 1.490280e-03 0.6525
78 1.687629e-04      1
79 9.026865e-05      1
80 3.134956e-04      1
81 4.419105e-05      1
82 1.293667e-06      1
83 4.210317e-04      1
84 2.655023e-03      1
85 8.640384e-05      1
86 3.555183e-04      1
87 1.118575e-04      1

$`MR-PRESSO results`$`Distortion Test`
$`MR-PRESSO results`$`Distortion Test`$`Outliers Indices`
[1] 30

$`MR-PRESSO results`$`Distortion Test`$`Distortion Coefficient`
beta.exposure 
     15.85869 

$`MR-PRESSO results`$`Distortion Test`$Pvalue
[1] 0.8257



