SNP	CHROM	POS	REF	ALT	AF	BETA	SE	Z	P	N	TRAIT
rs72630583	1	7741874	C	T	0.2071	0.0785	0.0745	1.0536912751677854	0.2916	2764	VBI_any
rs2982366	1	11438787	G	A	0.621	0.0615	0.0597	1.0301507537688441	0.3036	2764	VBI_any
rs58300372	1	14661638	C	T	0.1728	0.0269	0.0806	0.3337468982630273	0.7385	2764	VBI_any
rs16861613	1	18453918	G	T	0.0961	-0.0582	0.0995	-0.5849246231155779	0.5585	2764	VBI_any
rs34676516	1	27116463	C	T	0.0894	-0.0272	0.1056	-0.25757575757575757	0.7965	2764	VBI_any
rs7517981	NA	NA	NA	NA	NA	NA	NA	NA	NA	NA	NA
rs915416	NA	NA	NA	NA	NA	NA	NA	NA	NA	NA	NA
rs79703588	NA	NA	NA	NA	NA	NA	NA	NA	NA	NA	NA
rs67752000	1	44597213	G	A	0.2934	0.1641	0.0635	2.584251968503937	0.009715999999999999	2764	VBI_any
rs61788260	1	45893811	G	A	0.0574	0.0712	0.1488	0.478494623655914	0.6321	2764	VBI_any
rs12760654	1	47669325	G	A	0.2079	0.141	0.0698	2.0200573065902576	0.04339	2764	VBI_any
rs269054	NA	NA	NA	NA	NA	NA	NA	NA	NA	NA	NA
rs61796569	1	66476437	C	T	0.2762	-0.0475	0.0661	-0.718608169440242	0.4723	2764	VBI_any
rs12030413	NA	NA	NA	NA	NA	NA	NA	NA	NA	NA	NA
rs34305371	1	72733610	G	A	0.0761	-0.0545	0.1322	-0.4122541603630862	0.6802	2764	VBI_any
rs12567114	1	98527951	G	A	0.2805	-0.0367	0.0652	-0.5628834355828222	0.573	2764	VBI_any
rs61813324	1	156049877	C	T	0.1031	-0.0818	0.131	-0.6244274809160305	0.532	2764	VBI_any
rs1441189	1	163826318	C	T	0.3187	0.0391	0.0621	0.6296296296296297	0.5288	2764	VBI_any
rs1289588	1	164013029	G	A	0.6159	0.0428	0.0586	0.7303754266211604	0.4644	2764	VBI_any
rs1819187	1	168873384	G	A	0.6276	-0.0415	0.0589	-0.7045840407470289	0.48100000000000004	2764	VBI_any
rs2279681	NA	NA	NA	NA	NA	NA	NA	NA	NA	NA	NA
rs823096	1	205679887	G	T	0.4325	-0.0762	0.057999999999999996	-1.313793103448276	0.18899999999999997	2764	VBI_any
rs551894262	NA	NA	NA	NA	NA	NA	NA	NA	NA	NA	NA
rs7527648	1	240011174	C	T	0.5383	0.0081	0.0585	0.13846153846153844	0.8901	2764	VBI_any
rs2042142	2	2154853	C	A	0.3425	0.0147	0.0616	0.23863636363636362	0.8111	2764	VBI_any
rs62120041	2	9185564	T	C	0.0662	0.1403	0.1144	1.2264	0.22	2764	VBI_any
rs13423845	2	14567706	A	G	0.5749	0.0235	0.0586	0.401024	0.6887	2764	VBI_any
rs11689042	NA	NA	NA	NA	NA	NA	NA	NA	NA	NA	NA
rs116196449	NA	NA	NA	NA	NA	NA	NA	NA	NA	NA	NA
rs374153	2	40382712	C	T	0.8458	0.0622	0.0805	0.7726708074534161	0.4396	2764	VBI_any
rs4952355	2	41544519	T	C	0.6628	-0.0354	0.0616	-0.574675	0.5655	2764	VBI_any
rs2717076	2	58061127	C	T	0.6315	0.1215	0.0591	2.0558375634517767	0.03971	2764	VBI_any
rs75539574	NA	NA	NA	NA	NA	NA	NA	NA	NA	NA	NA
rs72804080	2	59358659	A	G	0.1513	-0.0135	0.0887	-0.152198	0.8787	2764	VBI_any
rs35758221	2	60792671	C	A	0.3701	0.0217	0.0644	0.33695652173913043	0.7356	2764	VBI_any
rs10496378	NA	NA	NA	NA	NA	NA	NA	NA	NA	NA	NA
rs7556815	2	114085785	G	A	0.2301	-0.057999999999999996	0.071	-0.8169014084507042	0.4141	2764	VBI_any
rs6712127	2	135762061	A	G	0.2081	0.0805	0.0727	1.10729	0.2686	2764	VBI_any
rs309137	2	136765951	T	C	0.3097	0.078	0.0646	1.20743	0.2275	2764	VBI_any
rs12611523	2	139195328	A	G	0.4494	-0.1128	0.0593	-1.90219	0.057120000000000004	2764	VBI_any
rs79259656	2	144586541	A	C	0.0226	0.0825	0.2407	0.34275	0.7317	2764	VBI_any
rs35662245	NA	NA	NA	NA	NA	NA	NA	NA	NA	NA	NA
rs4538155	2	157040773	C	T	0.6536	0.0073	0.0593	0.12310286677908938	0.9023	2764	VBI_any
rs11885663	2	166944004	C	T	0.2551	0.0565	0.0666	0.8483483483483483	0.3962	2764	VBI_any
rs7571098	2	199211122	C	T	0.1345	0.0959	0.084	1.1416666666666666	0.2534	2764	VBI_any
rs12470733	2	200968215	C	A	0.2065	0.1022	0.0705	1.449645390070922	0.1474	2764	VBI_any
rs2161853	2	205765915	A	G	0.3653	-0.0257	0.0601	-0.427621	0.6685	2764	VBI_any
rs10173260	2	210377845	T	C	0.6121	-0.0268	0.0609	-0.440066	0.6603	2764	VBI_any
rs4539789	2	225485628	G	A	0.5139	0.0605	0.0573	1.055846422338569	0.2905	2764	VBI_any
rs6806208	3	35661030	C	T	0.7067	0.0663	0.063	1.0523809523809524	0.293	2764	VBI_any
rs883212	3	43933954	C	A	0.244	0.0331	0.0676	0.4896449704142012	0.6244	2764	VBI_any
rs35917071	NA	NA	NA	NA	NA	NA	NA	NA	NA	NA	NA
rs112230981	NA	NA	NA	NA	NA	NA	NA	NA	NA	NA	NA
rs57316292	3	61792378	A	G	0.0934	0.12	0.0999	1.2012	0.2297	2764	VBI_any
rs35631154	3	64235683	G	A	0.2849	0.0516	0.066	0.7818181818181817	0.4342	2764	VBI_any
rs17732997	NA	NA	NA	NA	NA	NA	NA	NA	NA	NA	NA
rs9810474	3	74961196	C	T	0.2243	-0.0806	0.0703	-1.1465149359886202	0.2515	2764	VBI_any
rs1694943	3	84962681	A	G	0.5516	-0.0418	0.0583	-0.716981	0.4732	2764	VBI_any
rs7644809	3	107564459	T	C	0.5717	0.0198	0.0589	0.336163	0.736	2764	VBI_any
rs4688116	3	118195601	G	T	0.6062	0.10780000000000001	0.0587	1.8364565587734243	0.06612	2764	VBI_any
rs11928693	3	123275179	G	T	0.2585	-0.0899	0.0651	-1.3809523809523807	0.1676	2764	VBI_any
rs13088093	3	135838598	T	G	0.3077	0.0516	0.0632	0.816456	0.4144	2764	VBI_any
rs7616632	3	137031237	T	G	0.4971	-2e-4	0.0574	-0.00348432	0.9976	2764	VBI_any
rs9842017	3	155568978	T	C	0.2662	0.1125	0.0704	1.59801	0.1097	2764	VBI_any
rs6783516	NA	NA	NA	NA	NA	NA	NA	NA	NA	NA	NA
rs191040087	NA	NA	NA	NA	NA	NA	NA	NA	NA	NA	NA
rs2192528	4	18327896	A	G	0.5427	-0.0532	0.0596	-0.892617	0.3719	2764	VBI_any
rs7686205	4	44535866	A	G	0.3885	-0.0063	0.0592	-0.106419	0.9148	2764	VBI_any
rs2588720	4	66983177	C	A	0.6533	-0.085	0.06	-1.4166666666666667	0.1568	2764	VBI_any
rs17427571	4	82254908	A	G	0.3223	0.0158	0.0613	0.257749	0.7964	2764	VBI_any
rs7666203	4	88548466	A	G	0.7963	-0.0131	0.0778	-0.16838	0.8663	2764	VBI_any
rs35531607	4	92533225	T	C	0.479	-0.0107	0.0576	-0.185764	0.8522	2764	VBI_any
rs13109404	4	102896591	T	G	0.0883	-0.0146	0.1216	-0.120066	0.9043	2764	VBI_any
rs72672112	NA	NA	NA	NA	NA	NA	NA	NA	NA	NA	NA
rs7653924	4	170202862	C	T	0.4896	0.034	0.0575	0.591304347826087	0.5544	2764	VBI_any
rs11738968	5	1423134	A	C	0.6214	-0.0091	0.0661	-0.13767	0.8903	2764	VBI_any
rs365663	5	1428883	A	G	0.4532	0.0224	0.0607	0.369028	0.7121	2764	VBI_any
rs460692	5	3126584	C	T	0.8707	0.0178	0.0938	0.18976545842217485	0.8493	2764	VBI_any
rs4866438	NA	NA	NA	NA	NA	NA	NA	NA	NA	NA	NA
rs7718889	NA	NA	NA	NA	NA	NA	NA	NA	NA	NA	NA
rs72739772	5	18772436	A	G	0.1939	-0.144	0.0767	-1.87744	0.060529999999999994	2764	VBI_any
rs9283702	NA	NA	NA	NA	NA	NA	NA	NA	NA	NA	NA
rs72774742	NA	NA	NA	NA	NA	NA	NA	NA	NA	NA	NA
rs895295	5	87567346	G	A	0.2592	0.1241	0.0663	1.8717948717948718	0.06146	2764	VBI_any
rs56796748	5	89249563	T	C	0.2868	0.1461	0.0701	2.08417	0.03706	2764	VBI_any
rs11135570	5	91785541	A	G	0.657	0.0586	0.0621	0.943639	0.3451	2764	VBI_any
rs56372231	5	102321905	C	T	0.3371	0.1815	0.061	2.9754098360655736	0.002935	2764	VBI_any
rs180769	5	135615615	T	C	0.5729	0.0616	0.061	1.00984	0.3125	2764	VBI_any
rs11567976	5	137654218	C	T	0.5467	0.052000000000000005	0.0578	0.8996539792387545	0.3676	2764	VBI_any
rs799834	NA	NA	NA	NA	NA	NA	NA	NA	NA	NA	NA
rs888957	5	147966674	A	G	0.49370000000000003	0.0215	0.0619	0.347334	0.7281	2764	VBI_any
rs4958318	5	151943054	C	T	0.2901	-0.0154	0.0634	-0.24290220820189276	0.8082	2764	VBI_any
rs17767831	5	175256368	C	T	0.0528	-0.0689	0.1386	-0.4971139971139971	0.619	2764	VBI_any
rs151014368	5	176751059	G	A	0.2088	0.1401	0.0775	1.807741935483871	0.07055	2764	VBI_any
rs11249671	5	179557156	C	A	0.4856	-0.0471	0.0588	-0.8010204081632654	0.4233	2764	VBI_any
rs2206261	NA	NA	NA	NA	NA	NA	NA	NA	NA	NA	NA
rs7452281	6	18538449	T	C	0.1087	-0.0076	0.0934	-0.0813704	0.9352	2764	VBI_any
rs13201341	6	25822661	C	T	0.0586	-0.0456	0.1664	-0.27403846153846156	0.7842	2764	VBI_any
rs72838268	6	27021173	A	G	0.1991	0.1267	0.0804	1.57587	0.1153	2764	VBI_any
rs34556183	6	28584775	A	G	0.2584	0.09	0.0776	1.15979	0.2464	2764	VBI_any
rs1633005	6	29764472	C	T	0.1905	0.0257	0.0936	0.2745726495726496	0.7833	2764	VBI_any
rs2428500	6	31453799	C	T	0.5671	-0.1462	0.0602	-2.428571428571429	0.01521	2764	VBI_any
rs80193650	6	33464363	A	G	0.1652	-0.0892	0.0804	-1.10945	0.2675	2764	VBI_any
rs4714344	6	40354999	G	A	0.2995	-0.0067	0.0621	-0.10789049919484701	0.9141	2764	VBI_any
rs913075	6	41568906	G	A	0.2011	-0.024	0.071	-0.33802816901408456	0.7351	2764	VBI_any
rs9381096	6	41821137	G	A	0.247	0.1407	0.0675	2.0844444444444443	0.03704	2764	VBI_any
rs113113059	6	43160375	T	C	0.1909	-0.0176	0.0753	-0.233732	0.815	2764	VBI_any
rs1547026	6	51825622	T	C	0.2909	0.054	0.0651	0.829493	0.4068	2764	VBI_any
rs9382445	6	54937974	T	C	0.3521	0.0276	0.0602	0.458472	0.6464	2764	VBI_any
rs3909077	6	72578985	T	C	0.1653	0.0275	0.0814	0.337838	0.7352	2764	VBI_any
rs9360616	6	73616236	C	A	0.3141	-0.0545	0.063	-0.8650793650793651	0.3869	2764	VBI_any
rs2231265	6	89790201	A	G	0.765	0.1685	0.0695	2.42446	0.0153	2764	VBI_any
rs9345234	6	93162639	A	C	0.5699	0.0763	0.0584	1.30651	0.1915	2764	VBI_any
rs9377214	6	101212146	G	A	0.4966	0.0924	0.0685	1.348905109489051	0.1776	2764	VBI_any
rs118077449	6	115450372	G	T	0.1011	-0.0076	0.1036	-0.07335907335907337	0.9416	2764	VBI_any
rs13197257	6	128333682	G	T	0.2718	-0.0415	0.0674	-0.615727002967359	0.5384	2764	VBI_any
rs9492542	6	130637874	C	T	0.3179	-0.0734	0.0624	-1.1762820512820515	0.2391	2764	VBI_any
rs34731055	7	2106928	C	T	0.1821	0.0066	0.0784	0.08418367346938775	0.9328	2764	VBI_any
rs41845	7	69025267	G	T	0.3518	0.0432	0.0607	0.7116968698517299	0.4765	2764	VBI_any
rs12670234	NA	NA	NA	NA	NA	NA	NA	NA	NA	NA	NA
rs3801290	7	96638237	A	G	0.3152	-0.0047	0.069	-0.0681159	0.9461	2764	VBI_any
rs401966	NA	NA	NA	NA	NA	NA	NA	NA	NA	NA	NA
rs6979368	NA	NA	NA	NA	NA	NA	NA	NA	NA	NA	NA
rs2079070	NA	NA	NA	NA	NA	NA	NA	NA	NA	NA	NA
rs7807763	7	123702529	G	A	0.3213	0.0045	0.0621	0.07246376811594202	0.9427	2764	VBI_any
rs7806045	7	132610266	T	C	0.2285	0.075	0.0686	1.09329	0.2738	2764	VBI_any
rs10264127	NA	NA	NA	NA	NA	NA	NA	NA	NA	NA	NA
rs7460584	NA	NA	NA	NA	NA	NA	NA	NA	NA	NA	NA
rs73187206	8	3575452	G	T	0.1276	0.081	0.1038	0.7803468208092486	0.4353	2764	VBI_any
rs1878561	8	8092405	A	C	0.4766	-0.0351	0.0585	-0.6	0.5484	2764	VBI_any
rs330088	8	9149746	T	C	0.524	0.0012	0.0602	0.0199336	0.9845	2764	VBI_any
rs4333549	NA	NA	NA	NA	NA	NA	NA	NA	NA	NA	NA
rs73219758	8	14279446	G	A	0.3019	-0.0278	0.0632	-0.43987341772151894	0.6601	2764	VBI_any
rs1809498	NA	NA	NA	NA	NA	NA	NA	NA	NA	NA	NA
rs10113779	NA	NA	NA	NA	NA	NA	NA	NA	NA	NA	NA
rs58153210	8	26271120	C	T	0.5672	-0.1059	0.0584	-1.8133561643835616	0.06981	2764	VBI_any
rs1845627	8	34092531	C	T	0.3934	0.0091	0.0613	0.14845024469820556	0.8822	2764	VBI_any
rs76410510	NA	NA	NA	NA	NA	NA	NA	NA	NA	NA	NA
rs181032103	NA	NA	NA	NA	NA	NA	NA	NA	NA	NA	NA
rs28374712	NA	NA	NA	NA	NA	NA	NA	NA	NA	NA	NA
rs4588900	8	73890425	G	A	0.5268	0.0432	0.0572	0.7552447552447553	0.4501	2764	VBI_any
rs9643333	8	94266168	C	T	0.7689	0.0244	0.0708	0.3446327683615819	0.7305	2764	VBI_any
rs7842473	8	102842760	G	A	0.6121	-0.1083	0.0664	-1.631024096385542	0.1028	2764	VBI_any
rs13252036	8	127954718	T	C	0.4011	-0.014	0.0585	-0.239316	0.8109999999999999	2764	VBI_any
rs7464481	8	136750276	G	A	0.5771	0.1076	0.0588	1.8299319727891157	0.06741	2764	VBI_any
rs10116103	9	1747566	C	T	0.3287	-0.019	0.0599	-0.31719532554257096	0.7508	2764	VBI_any
rs11789587	9	3088740	C	T	0.428	-0.1076	0.0654	-1.6452599388379205	0.09988	2764	VBI_any
rs187322561	NA	NA	NA	NA	NA	NA	NA	NA	NA	NA	NA
rs78757963	9	6282511	G	A	0.0221	0.3345	0.3074	1.0881587508132726	0.2766	2764	VBI_any
rs1323341	9	14453010	A	G	0.7727	0.063	0.0693	0.909091	0.3634	2764	VBI_any
rs10810258	9	14830989	A	G	0.4023	0.0179	0.0588	0.304422	0.76	2764	VBI_any
rs10973207	9	37100525	G	T	0.1529	-0.0865	0.0851	-1.0164512338425382	0.3098	2764	VBI_any
rs138577733	9	82420643	T	C	0.0116	1.9929	2.0261	0.983614	0.3253	2764	VBI_any
rs4364707	9	86222717	A	G	0.1828	0.0323	0.0792	0.407828	0.6836	2764	VBI_any
rs10820727	9	99257987	G	A	0.1838	0.1283	0.0747	1.717536813922356	0.08585	2764	VBI_any
rs803728	NA	NA	NA	NA	NA	NA	NA	NA	NA	NA	NA
rs148251429	9	127581979	G	T	0.0324	0.3913	0.2545	1.537524557956778	0.1242	2764	VBI_any
rs1776776	9	140497072	T	C	0.2337	0.0213	0.0598	0.356187	0.7211	2764	VBI_any
rs943335	10	18292493	T	C	0.5027	-0.0132	0.0567	-0.232804	0.8163	2764	VBI_any
rs80256941	10	19751219	C	T	0.1406	-0.0164	0.0862	-0.19025522041763343	0.8493	2764	VBI_any
rs12246842	10	21830580	A	G	0.5545	-0.0482	0.0597	-0.80737	0.4192	2764	VBI_any
rs10761674	10	64618340	C	T	0.502	-0.0202	0.0701	-0.28815977175463625	0.7735	2764	VBI_any
rs75613164	NA	NA	NA	NA	NA	NA	NA	NA	NA	NA	NA
rs10788612	10	90544705	T	C	0.3528	-0.0131	0.0611	-0.214403	0.8305	2764	VBI_any
rs11185890	10	91575418	G	A	0.2571	0.0723	0.0677	1.06794682422452	0.2853	2764	VBI_any
rs11186965	10	94143306	G	A	0.5429	0.0585	0.0567	1.0317460317460319	0.3025	2764	VBI_any
rs11190970	10	103128332	G	A	0.2029	0.0123	0.0719	0.17107093184979136	0.8643	2764	VBI_any
rs11191274	10	104140350	G	A	0.1242	0.08199999999999999	0.0868	0.944700460829493	0.3449	2764	VBI_any
rs17092671	10	116779483	A	G	0.3359	0.016	0.0627	0.255183	0.7991	2764	VBI_any
rs2532841	10	119069842	A	C	0.5905	0.0197	0.0583	0.337907	0.7351	2764	VBI_any
rs7915425	10	125016501	T	C	0.808	0.0239	0.0735	0.32517	0.7455	2764	VBI_any
rs11245525	NA	NA	NA	NA	NA	NA	NA	NA	NA	NA	NA
rs7943526	NA	NA	NA	NA	NA	NA	NA	NA	NA	NA	NA
rs1517572	11	28829882	A	C	0.5906	-0.0732	0.0594	-1.23232	0.2181	2764	VBI_any
rs4592416	11	43800474	A	G	0.4266	0.1019	0.0596	1.70973	0.08706	2764	VBI_any
rs143386970	11	47139254	T	C	0.1288	0.1453	0.0901	1.61265	0.1068	2764	VBI_any
rs11039544	NA	NA	NA	NA	NA	NA	NA	NA	NA	NA	NA
rs174560	11	61581764	T	C	0.3087	-0.0581	0.0626	-0.928115	0.3531	2764	VBI_any
rs496913	11	70471055	T	C	0.524	-0.0403	0.0582	-0.69244000000000006	0.4891	2764	VBI_any
rs12791153	NA	NA	NA	NA	NA	NA	NA	NA	NA	NA	NA
rs67463881	11	83410061	G	A	0.1814	-0.0473	0.0754	-0.6273209549071619	0.5303	2764	VBI_any
rs1553132	11	88297740	A	G	0.223	0.0134	0.0739	0.181326	0.8565	2764	VBI_any
rs12224352	NA	NA	NA	NA	NA	NA	NA	NA	NA	NA	NA
rs1939455	11	101520886	G	T	0.1035	0.1623	0.0978	1.6595092024539877	0.09712	2764	VBI_any
rs1079727	11	113289182	T	C	0.153	-0.0166	0.0819	-0.202686	0.8391	2764	VBI_any
rs7115462	11	113408517	G	A	0.0133	-0.1447	0.3767	-0.38412529864613754	0.7009	2764	VBI_any
rs1263056	11	116576415	A	G	0.4861	0.0057	0.0582	0.0979381	0.9218	2764	VBI_any
rs7951019	11	118358027	T	G	0.0274	-0.1645	0.235	-0.7	0.484	2764	VBI_any
rs3751046	11	122828342	A	G	0.1432	0.1279	0.0836	1.5299	0.1262	2764	VBI_any
rs10790897	11	127376897	T	C	0.1908	-0.1758	0.0769	-2.28609	0.02226	2764	VBI_any
rs10506092	12	32667330	G	T	0.0532	-0.1799	0.1325	-1.3577358490566038	0.1746	2764	VBI_any
rs34354917	12	38764559	C	A	0.2928	-0.0936	0.0766	-1.2219321148825066	0.2217	2764	VBI_any
rs141823772	NA	NA	NA	NA	NA	NA	NA	NA	NA	NA	NA
rs3809162	12	54674235	A	G	0.39	0.0586	0.0594	0.986532	0.3241	2764	VBI_any
rs61937595	12	57682956	C	T	0.0835	-0.1212	0.1383	-0.8763557483731019	0.3808	2764	VBI_any
rs11113605	12	108352157	C	T	0.1542	-0.0572	0.0835	-0.6850299401197605	0.4935	2764	VBI_any
rs11614986	12	110007939	A	G	0.1825	0.0798	0.075	1.064	0.2872	2764	VBI_any
rs4767550	12	117951150	A	G	0.4112	-0.057	0.0591	-0.964467	0.3347	2764	VBI_any
rs7309586	12	120274323	T	C	0.1709	-0.033	0.0747	-0.441767	0.6589	2764	VBI_any
rs73231956	12	123791649	T	C	0.1447	0.0844	0.0907	0.93054	0.3519	2764	VBI_any
rs542936194	NA	NA	NA	NA	NA	NA	NA	NA	NA	NA	NA
rs9552469	13	22286216	C	T	0.5582	0.0195	0.0599	0.32554257095158595	0.7453	2764	VBI_any
rs4559781	NA	NA	NA	NA	NA	NA	NA	NA	NA	NA	NA
rs6561715	NA	NA	NA	NA	NA	NA	NA	NA	NA	NA	NA
rs308604	13	62759003	G	A	0.8114	-0.0695	0.0751	-0.9254327563249002	0.3543	2764	VBI_any
rs4491389	13	70066316	G	T	0.3643	-0.0284	0.0601	-0.47254575707154745	0.6364	2764	VBI_any
rs9547272	13	86162219	A	G	0.2049	-0.0203	0.0732	-0.277322	0.7813	2764	VBI_any
rs9300351	13	97047639	G	A	0.353	4e-4	0.0646	0.006191950464396284	0.9956	2764	VBI_any
rs6575005	14	26954078	T	C	0.2446	0.008	0.0665	0.120301	0.9047	2764	VBI_any
rs4539509	14	28295936	T	G	0.7898	0.0461	0.0726	0.634986	0.5252	2764	VBI_any
rs10483350	14	29816155	A	G	0.2097	-0.055	0.0725	-0.758621	0.4483	2764	VBI_any
rs7142586	NA	NA	NA	NA	NA	NA	NA	NA	NA	NA	NA
rs61985058	14	60233841	C	T	0.1485	0.1289	0.0844	1.527251184834123	0.1267	2764	VBI_any
rs55658675	14	65554638	C	T	0.3393	0.0295	0.0608	0.4851973684210526	0.6276	2764	VBI_any
rs2180769	NA	NA	NA	NA	NA	NA	NA	NA	NA	NA	NA
rs35213196	NA	NA	NA	NA	NA	NA	NA	NA	NA	NA	NA
rs11621908	14	78495761	C	T	0.088	-0.1484	0.1046	-1.4187380497131932	0.1559	2764	VBI_any
rs12883674	14	84950085	G	A	0.4226	-0.0056	0.0575	-0.09739130434782609	0.9221	2764	VBI_any
rs2664299	14	99742187	T	C	0.4141	-0.0316	0.0588	-0.537415	0.5913	2764	VBI_any
rs11853131	15	22907319	G	A	0.4971	-0.0137	0.0571	-0.23992994746059546	0.8109999999999999	2764	VBI_any
rs8038326	15	47989799	A	G	0.2924	0.1251	0.0633	1.9763	0.04813	2764	VBI_any
rs117930259	15	60828103	C	A	0.0117	0.1718	0.4494	0.38228749443702714	0.7023	2764	VBI_any
rs12900174	15	66853962	A	G	0.3008	-0.0202	0.0642	-0.314642	0.7529	2764	VBI_any
rs7168674	15	69965329	C	T	0.1666	0.08800000000000001	0.0964	0.9128630705394192	0.3616	2764	VBI_any
rs8027476	15	70722685	A	G	0.8047	0.0099	0.0749	0.132176	0.8944	2764	VBI_any
rs55842233	NA	NA	NA	NA	NA	NA	NA	NA	NA	NA	NA
rs4581677	15	87834892	G	A	0.3339	-0.005	0.0617	-0.08103727714748785	0.9354	2764	VBI_any
rs3095508	16	6550400	C	A	0.4059	0.1258	0.0577	2.1802426343154244	0.02943	2764	VBI_any
rs11648073	16	10128189	T	C	0.1397	-0.0209	0.0866	-0.241339	0.8093	2764	VBI_any
rs28651105	16	19987636	A	G	0.2052	0.063	0.0738	0.853659	0.3933	2764	VBI_any
rs12598706	16	20395000	C	T	0.4999	-0.028999999999999998	0.0567	-0.5114638447971781	0.609	2764	VBI_any
rs11643715	NA	NA	NA	NA	NA	NA	NA	NA	NA	NA	NA
rs9937053	16	53799507	G	A	0.4424	0.0146	0.0578	0.2525951557093426	0.8008	2764	VBI_any
rs8050478	16	56120461	G	A	0.4916	0.0265	0.0588	0.45068027210884354	0.6524	2764	VBI_any
rs11076411	NA	NA	NA	NA	NA	NA	NA	NA	NA	NA	NA
rs8053111	16	61477622	G	T	0.3268	0.066	0.0653	1.0107197549770293	0.3121	2764	VBI_any
rs7191888	16	73581058	A	G	0.177	-0.0292	0.0756	-0.386243	0.6990000000000001	2764	VBI_any
rs2325978	17	4154730	A	G	0.3713	-0.0325	0.0594	-0.547138	0.585	2764	VBI_any
rs7503199	17	8134275	C	T	0.2701	0.0062	0.0647	0.09582689335394128	0.9235	2764	VBI_any
rs205024	17	11227352	C	T	0.3877	-0.042	0.0588	-0.7142857142857143	0.4746	2764	VBI_any
rs62060970	17	11945223	C	T	0.3033	0.1116	0.0622	1.7942122186495177	0.07288	2764	VBI_any
rs8072993	17	21335627	T	G	0.6654	0.4222	0.3622	1.16565	0.2437	2764	VBI_any
rs55651053	17	30597301	A	G	0.2758	0.0447	0.0667	0.670165	0.5026	2764	VBI_any
rs147114641	NA	NA	NA	NA	NA	NA	NA	NA	NA	NA	NA
rs2696429	17	44335274	G	A	0.1844	-0.0025	0.0828	-0.030193236714975848	0.9761	2764	VBI_any
rs553223732	NA	NA	NA	NA	NA	NA	NA	NA	NA	NA	NA
rs538476570	NA	NA	NA	NA	NA	NA	NA	NA	NA	NA	NA
rs9895274	17	45539117	C	T	0.5183	-0.0018	0.057999999999999996	-0.03103448275862069	0.9754	2764	VBI_any
rs9903973	17	50571227	C	T	0.8606	0.0731	0.0824	0.8871359223300971	0.3752	2764	VBI_any
rs8074498	NA	NA	NA	NA	NA	NA	NA	NA	NA	NA	NA
rs79783687	18	901957	C	T	0.2542	-0.0711	0.0707	-1.0056577086280056	0.3147	2764	VBI_any
rs35236861	NA	NA	NA	NA	NA	NA	NA	NA	NA	NA	NA
rs138662741	NA	NA	NA	NA	NA	NA	NA	NA	NA	NA	NA
rs4799937	18	35105028	A	G	0.9387	0.4529	0.1356	3.33997	8.347000000000002e-4	2764	VBI_any
rs1942085	18	39017178	A	G	0.0913	0.1238	0.1004	1.23307	0.2174	2764	VBI_any
rs12607679	18	53059748	T	C	0.2626	-0.1033	0.0661	-1.56278	0.11800000000000001	2764	VBI_any
rs11151115	18	73060397	C	T	0.2311	-0.1112	0.0714	-1.5574229691876749	0.1195	2764	VBI_any
rs10421649	NA	NA	NA	NA	NA	NA	NA	NA	NA	NA	NA
rs10518272	19	31196775	G	A	0.0487	0.1696	0.1539	1.102014294996751	0.2704	2764	VBI_any
rs35126035	19	34986767	A	C	0.4938	-0.1019	0.0665	-1.53233	0.1255	2764	VBI_any
rs13346368	19	48198675	A	G	0.2721	-0.0676	0.0657	-1.02892	0.3039	2764	VBI_any
rs73058052	19	50099422	C	T	0.1727	-0.0268	0.0779	-0.34403080872913994	0.7311	2764	VBI_any
rs4815270	20	2474081	T	C	0.9086	8e-4	0.1017	0.00786627	0.9941	2764	VBI_any
rs6043178	20	15273156	T	G	0.5944	0.0374	0.0602	0.621262	0.5341	2764	VBI_any
rs2072727	20	43538733	T	C	0.5617	0.0518	0.0589	0.879457	0.3794	2764	VBI_any
rs12152085	NA	NA	NA	NA	NA	NA	NA	NA	NA	NA	NA
rs73208119	21	39234343	G	A	0.1299	-0.0924	0.0904	-1.0221238938053097	0.3068	2764	VBI_any
rs2837913	21	42424186	T	G	0.3474	-0.1068	0.0643	-1.66096	0.09679	2764	VBI_any
rs9610500	22	22221167	A	G	0.3706	0.0251	0.0604	0.415563	0.6778	2764	VBI_any
rs3788337	22	23412017	G	A	0.3795	0.0075	0.0584	0.12842465753424656	0.8977	2764	VBI_any
rs9611007	22	39077058	C	T	0.1192	0.0196	0.0918	0.21350762527233114	0.8314	2764	VBI_any
rs2272848	22	50646318	G	A	0.6389	0.0326	0.0612	0.5326797385620915	0.5945	2764	VBI_any
