SNP	CHROM	POS	REF	ALT	AF	BETA	SE	Z	P	N	TRAIT
rs35672141	1	1691050	C	T	0.524918	0.00471	0.006229	0.7561406325252849	0.4496	3146	CSF_tau
rs34394051	1	6853091	A	G	0.172545	0.01119	0.007597	1.4729498486244572	0.141	3146	CSF_tau
rs11121177	1	8445946	G	A	0.157796	-0.008012	0.0071909999999999995	-1.114170490891392	0.2653	3146	CSF_tau
rs56169608	NA	NA	NA	NA	NA	NA	NA	NA	NA	NA	NA
rs10799615	1	20541370	A	G	0.7041	-6.28e-4	0.006885	-0.0912128	0.9273	3146	CSF_tau
rs590013	1	29155738	T	C	0.335761	-0.009056	0.005918	-1.5302467049678947	0.1261	3146	CSF_tau
rs12044095	NA	NA	NA	NA	NA	NA	NA	NA	NA	NA	NA
rs12030372	1	41762029	A	G	0.194878	-0.01135	0.006848000000000001	-1.6574182242990654	0.09747	3146	CSF_tau
rs12076635	1	44026656	G	C	0.788133	0.009618	0.006756	1.42362	0.1547	3146	CSF_tau
rs1738050	1	44707295	G	C	0.593044	0.003854	0.005905	0.652667	0.514	3146	CSF_tau
rs11211123	1	45957609	G	A	0.17876	0.009531	0.006784	1.4049233490566038	0.1602	3146	CSF_tau
rs666868	1	57719736	C	T	0.31468	0.0019100000000000002	0.006047	0.3158591036877791	0.7521	3146	CSF_tau
rs2764684	1	58537919	C	T	0.867658	0.002851	0.0075450000000000005	0.377866	0.7056	3146	CSF_tau
rs2989476	1	61059259	G	C	0.354915	-0.01248	0.0057020000000000005	-2.1887057172921778	0.02866	3146	CSF_tau
rs4915735	NA	NA	NA	NA	NA	NA	NA	NA	NA	NA	NA
rs34305371	NA	NA	NA	NA	NA	NA	NA	NA	NA	NA	NA
rs12044742	1	74541083	T	C	0.378981	-0.01086	0.005854	-1.8551417833959687	0.06365	3146	CSF_tau
rs79994730	1	75562222	C	T	0.0226367	0.0031190000000000002	0.015059999999999999	0.20710491367861888	0.8359	3146	CSF_tau
rs12401738	1	78446761	G	A	0.366533	0.006659999999999999	0.005995	1.11092577147623	0.2667	3146	CSF_tau
rs1008078	NA	NA	NA	NA	NA	NA	NA	NA	NA	NA	NA
rs145702246	NA	NA	NA	NA	NA	NA	NA	NA	NA	NA	NA
rs3754200	1	94137890	C	G	0.0286439	-0.002329	0.017580000000000002	-0.1324800910125142	0.8946	3146	CSF_tau
rs6690195	1	96221653	C	T	0.509807	-0.006817	0.005818	-1.1717084908903403	0.2414	3146	CSF_tau
rs10875121	1	98417446	G	C	0.825898	-0.007322	0.007732999999999999	-0.946851	0.3438	3146	CSF_tau
rs575113	1	110046373	G	A	0.345788	-0.008176000000000001	0.006734	-1.2141372141372142	0.2248	3146	CSF_tau
rs333078	1	110534914	C	A	0.351127	0.008476000000000001	0.006340999999999999	1.3366976817536669	0.1815	3146	CSF_tau
rs76577427	NA	NA	NA	NA	NA	NA	NA	NA	NA	NA	NA
rs6573	1	112255389	C	A	0.172006	0.00635	0.007904000000000001	0.8033906882591092	0.4218	3146	CSF_tau
rs12746551	1	114374966	C	G	0.0268408	-0.0046159999999999994	0.01694	-0.2724911452184179	0.7853	3146	CSF_tau
rs55776425	NA	NA	NA	NA	NA	NA	NA	NA	NA	NA	NA
rs35550545	1	151000183	G	A	0.153204	-0.003146	0.009266	-0.33952082883660695	0.7342	3146	CSF_tau
rs939592	NA	NA	NA	NA	NA	NA	NA	NA	NA	NA	NA
rs3026996	NA	NA	NA	NA	NA	NA	NA	NA	NA	NA	NA
rs10918345	1	166065145	C	A	0.181736	0.0014060000000000001	0.007238	0.19425255595468363	0.8459	3146	CSF_tau
rs34720381	1	171455322	C	T	0.0838747	-0.014230000000000001	0.01053	-1.3513770180436848	0.1766	3146	CSF_tau
rs12088073	1	174497642	A	C	0.45908	-0.00371	0.005631000000000001	-0.6588527792576807	0.51	3146	CSF_tau
rs532799	NA	NA	NA	NA	NA	NA	NA	NA	NA	NA	NA
rs80065677	NA	NA	NA	NA	NA	NA	NA	NA	NA	NA	NA
rs6697584	1	181509718	T	C	0.209408	-0.0028640000000000002	0.006942	-0.4125612215499856	0.68	3146	CSF_tau
rs77106231	1	181660389	A	C	0.0198238	-0.0063149999999999994	0.01856	-0.3402478448275862	0.7337	3146	CSF_tau
rs4272628	1	189603032	A	G	0.482915	0.0032670000000000004	0.005778	0.5654205607476636	0.5718	3146	CSF_tau
rs1747817	1	197711492	C	T	0.750545	0.01616	0.006934999999999999	2.33021	0.01989	3146	CSF_tau
rs1890132	1	199427321	T	C	0.245102	0.011640000000000001	0.0062759999999999995	1.8546845124282987	0.0638	3146	CSF_tau
rs8024	1	201845575	C	A	0.337231	0.009367	0.00603	1.5533996683250415	0.1204	3146	CSF_tau
rs11588857	1	204587047	G	A	0.242276	0.006164	0.006847	0.900248283919965	0.3681	3146	CSF_tau
rs9651106	NA	NA	NA	NA	NA	NA	NA	NA	NA	NA	NA
rs3111251	1	211409844	C	T	0.376451	0.001006	0.006076	0.16556945358788677	0.8685	3146	CSF_tau
rs12563167	NA	NA	NA	NA	NA	NA	NA	NA	NA	NA	NA
rs4846724	1	221967817	G	A	0.55	0.01332	0.005676	2.34672	0.01898	3146	CSF_tau
rs1329125	1	234740880	C	T	0.395332	0.004604	0.006566	0.7011879378617119	0.4833	3146	CSF_tau
rs6687021	NA	NA	NA	NA	NA	NA	NA	NA	NA	NA	NA
rs114593137	1	241876565	A	T	0.169735	-0.007026	0.007162000000000001	-0.981010890812622	0.3267	3146	CSF_tau
rs3897821	1	243420388	A	G	0.345497	-0.002297	0.00606	-0.37904290429042903	0.7047	3146	CSF_tau
rs545710	1	244449336	C	T	0.474191	0.0019190000000000001	0.006132	0.3129484670580561	0.7543	3146	CSF_tau
rs12614263	2	4123797	G	A	0.472767	-0.003573	0.0057	-0.6268421052631579	0.5308	3146	CSF_tau
rs7603132	2	4951548	G	A	0.174392	-0.005788000000000001	0.007219	-0.8017730987671424	0.4228	3146	CSF_tau
rs35739581	NA	NA	NA	NA	NA	NA	NA	NA	NA	NA	NA
rs76076331	2	10977585	C	T	0.233806	-9.553e-6	0.008457	-0.0011295967837294549	0.9991	3146	CSF_tau
rs62124717	2	12817006	G	A	0.0690217	0.0017870000000000002	0.010190000000000001	0.17536800785083415	0.8608	3146	CSF_tau
rs1991585	2	16647170	C	T	0.69077	-0.001472	0.006309	-0.233317	0.8156	3146	CSF_tau
rs312957	2	21342312	A	G	0.406	0.005175	0.005872	0.8813010899182562	0.3783	3146	CSF_tau
rs12616418	2	22435519	T	C	0.486751	-0.004903	0.005715	-0.8579177602799651	0.391	3146	CSF_tau
rs4358081	2	29100642	A	C	0.456871	0.0013310000000000002	0.0057	0.23350877192982458	0.8154	3146	CSF_tau
rs13001260	2	29578251	A	G	0.543304	0.01062	0.005668	1.87368	0.061020000000000005	3146	CSF_tau
rs6752813	NA	NA	NA	NA	NA	NA	NA	NA	NA	NA	NA
rs994249	2	40597273	C	G	0.417181	-0.008764	0.0056630000000000005	-1.5475896168108774	0.1218	3146	CSF_tau
rs12712775	2	41750515	A	G	0.391661	-0.009263	0.005957	-1.5549773375860334	0.12	3146	CSF_tau
rs12468040	2	44854981	T	G	0.575728	1.312e-4	0.00576	0.0227778	0.9818	3146	CSF_tau
rs4953155	NA	NA	NA	NA	NA	NA	NA	NA	NA	NA	NA
rs56012105	2	49080934	G	T	0.636298	0.0065970000000000004	0.00572	1.15332	0.2488	3146	CSF_tau
rs17502934	2	50994255	G	T	0.168121	-5.807000000000001e-4	0.008107	-0.07162945602565685	0.9429	3146	CSF_tau
rs72807818	2	51819019	G	A	0.0949436	0.01026	0.008401	1.2212831805737412	0.222	3146	CSF_tau
rs3948495	2	57383133	G	T	0.455556	-0.0032869999999999996	0.005822	-0.5645826176571624	0.5724	3146	CSF_tau
rs10189857	2	60713235	A	G	0.442831	0.00155	0.005693	0.2722641840857193	0.7854	3146	CSF_tau
rs9679654	2	61836773	T	C	0.385413	-0.001801	0.006214	-0.2898294174444802	0.772	3146	CSF_tau
rs12613959	2	62769988	G	A	0.0955321	-0.01151	0.009655	-1.1921284308648368	0.2332	3146	CSF_tau
rs7570647	2	65463665	A	G	0.302992	-0.0051649999999999995	0.006149	-0.8399739795088631	0.401	3146	CSF_tau
rs6731373	NA	NA	NA	NA	NA	NA	NA	NA	NA	NA	NA
rs1918863	2	73644481	A	G	0.233745	-0.003981	0.006731	-0.5914425791115734	0.5542	3146	CSF_tau
rs112806496	2	80421805	C	G	0.0791634	-0.0127	0.01151	-1.103388357949609	0.2697	3146	CSF_tau
rs11894424	2	80588091	A	C	0.0559041	0.018119999999999997	0.01211	1.4962840627580511	0.1346	3146	CSF_tau
rs13392189	2	81910615	T	A	0.142623	-0.004122	0.007803	-0.5282583621683967	0.5974	3146	CSF_tau
rs62155350	NA	NA	NA	NA	NA	NA	NA	NA	NA	NA	NA
rs13018640	2	100821545	T	C	0.404484	-0.004439	0.005808	-0.7642906336088154	0.4448	3146	CSF_tau
rs115260964	2	101267526	A	G	0.0486212	-0.01721	0.01459	-1.1795750514050718	0.2381	3146	CSF_tau
rs2570497	2	104441546	C	T	0.615902	-0.002161	0.005807	-0.372137	0.7099	3146	CSF_tau
rs62155873	2	105969362	C	T	0.107195	0.005016	0.009215000000000001	0.5443298969072164	0.5863	3146	CSF_tau
rs1013014	NA	NA	NA	NA	NA	NA	NA	NA	NA	NA	NA
rs13402497	2	115826318	A	T	0.482727	0.003235	0.005639	0.573683	0.5662	3146	CSF_tau
rs56331807	NA	NA	NA	NA	NA	NA	NA	NA	NA	NA	NA
rs4848924	2	124991887	A	C	0.338182	-0.001419	0.006288	-0.2256679389312977	0.8215	3146	CSF_tau
rs76509453	2	126023667	A	G	0.0929685	-0.006794	0.009788	-0.6941152431548835	0.4876	3146	CSF_tau
rs7600500	2	127939148	G	A	0.44521	-0.005952000000000001	0.005717	-1.0411054748994228	0.2979	3146	CSF_tau
rs168287	2	140307047	C	T	0.642415	-0.007029	0.006032	-1.16529	0.244	3146	CSF_tau
rs74787922	2	141598681	A	C	0.0546705	-0.009663	0.011179999999999999	-0.8643112701252237	0.3876	3146	CSF_tau
rs6733026	2	141964111	G	A	0.454306	0.0012109999999999998	0.005716	0.21186144156752973	0.8323	3146	CSF_tau
rs77609760	2	142358950	A	G	0.0866884	0.01484	0.01174	1.264054514480409	0.2063	3146	CSF_tau
rs1320139	2	144158177	C	G	0.546148	0.008298	0.00564	1.47128	0.1413	3146	CSF_tau
rs7575637	2	145796251	G	A	0.376909	0.00938	0.005684000000000001	1.6502463054187189	0.09898	3146	CSF_tau
rs13029418	NA	NA	NA	NA	NA	NA	NA	NA	NA	NA	NA
rs13422673	2	155474355	C	T	0.519419	-0.001356	0.005835	-0.23239074550128536	0.8163	3146	CSF_tau
rs72899420	2	157262430	A	G	0.0843002	0.01241	0.012159999999999999	1.0205592105263157	0.3075	3146	CSF_tau
rs7419274	2	161385291	C	T	0.206502	-0.009604000000000001	0.007608	-1.262355415352261	0.207	3146	CSF_tau
rs11678980	NA	NA	NA	NA	NA	NA	NA	NA	NA	NA	NA
rs7560348	2	166167166	T	A	0.301756	-0.01127	0.006611	-1.704734533353502	0.08835	3146	CSF_tau
rs17428076	2	172851936	C	G	0.2259	-0.007122	0.006666	-1.0684068406840683	0.2854	3146	CSF_tau
rs13009008	2	174043233	A	G	0.65435	-0.004573	0.006043	-0.756743	0.4493	3146	CSF_tau
rs4972400	NA	NA	NA	NA	NA	NA	NA	NA	NA	NA	NA
rs12613500	2	180928465	G	C	0.392624	-0.004032	0.0057469999999999995	-0.7015834348355664	0.4831	3146	CSF_tau
rs10205057	2	186139826	C	T	0.546431	0.008424	0.005684000000000001	1.48205	0.1384	3146	CSF_tau
rs9288115	2	186283756	G	C	0.56634	0.004251	0.005816	0.730915	0.4649	3146	CSF_tau
rs1439895	2	188928433	G	A	0.724553	-0.006335	0.0061920000000000005	-1.02309	0.3064	3146	CSF_tau
rs4850810	NA	NA	NA	NA	NA	NA	NA	NA	NA	NA	NA
rs10931821	2	199495830	A	T	0.444424	-4.171e-4	0.005611	-0.0743361	0.9408	3146	CSF_tau
rs994280	2	201240086	A	G	0.325154	0.0077989999999999995	0.0061340000000000006	1.2714378871861751	0.2036	3146	CSF_tau
rs12619019	2	203459179	C	G	0.187705	-0.016040000000000002	0.008156	-1.9666503187837177	0.04937	3146	CSF_tau
rs62182994	2	212599303	T	C	0.326625	0.002659	0.006167	0.43116588292524727	0.6664	3146	CSF_tau
rs34330588	2	215031077	G	A	0.478198	0.0045130000000000005	0.006062	0.7444737710326627	0.4567	3146	CSF_tau
rs4673840	2	215363241	T	C	0.132203	-0.00515	0.0074730000000000005	-0.689147598019537	0.4908	3146	CSF_tau
rs1971218	2	221835288	A	G	0.506557	-1.3630000000000003e-4	0.005722	-0.02382034253757428	0.981	3146	CSF_tau
rs1368885	NA	NA	NA	NA	NA	NA	NA	NA	NA	NA	NA
rs12614411	2	226297530	G	A	0.825898	-0.007667	0.007495	-1.02295	0.3064	3146	CSF_tau
rs4500930	2	228985505	C	T	0.307314	0.01039	0.005915	1.7565511411665258	0.07896	3146	CSF_tau
rs6704768	2	233592501	G	A	0.546676	-0.004576	0.0057280000000000005	-0.798883	0.4244	3146	CSF_tau
rs4663617	NA	NA	NA	NA	NA	NA	NA	NA	NA	NA	NA
rs6731967	2	237145606	G	C	0.301132	-0.004132	0.007148999999999999	-0.5779829346761786	0.5633	3146	CSF_tau
rs72993796	NA	NA	NA	NA	NA	NA	NA	NA	NA	NA	NA
rs11679356	2	242356894	C	T	0.218853	0.004319	0.007243	0.5962998757420958	0.551	3146	CSF_tau
rs4685448	3	252344	G	A	0.528846	0.002061	0.005707	0.36113544769581213	0.7181	3146	CSF_tau
rs17048855	3	8258174	G	A	0.362	-0.01184	0.006143	-1.9273970372782028	0.05395	3146	CSF_tau
rs382196	3	9145554	G	T	0.370962	0.006353	0.006285	1.0108194112967384	0.3122	3146	CSF_tau
rs9855241	3	11602910	C	T	0.178272	-0.001082	0.007412	-0.14597949271451702	0.8839	3146	CSF_tau
rs56301739	3	13122996	T	C	0.218568	-0.008322	0.00692	-1.2026011560693641	0.2292	3146	CSF_tau
rs9882532	3	16865845	T	C	0.39261	0.001859	0.005902	0.31497797356828194	0.7528	3146	CSF_tau
rs11129067	3	22474494	A	T	0.278986	-0.007873	0.006703	-1.174548709533045	0.2403	3146	CSF_tau
rs57909730	3	23368532	T	G	0.211176	-0.005726	0.00688	-0.8322674418604652	0.4053	3146	CSF_tau
rs13085461	3	24950387	C	G	0.511927	0.001104	0.005742000000000001	0.192268	0.8476	3146	CSF_tau
rs6793728	3	28926923	T	C	0.363884	0.006840000000000001	0.005879	1.1634631740091854	0.2448	3146	CSF_tau
rs6550267	3	34279612	C	T	0.243459	4.686e-5	0.006416	0.007303615960099751	0.9942	3146	CSF_tau
rs4328757	NA	NA	NA	NA	NA	NA	NA	NA	NA	NA	NA
rs7629643	3	39145186	G	A	0.184249	5.195e-4	0.0070409999999999995	0.07378213321971311	0.9412	3146	CSF_tau
rs11720680	3	48159232	A	G	0.0585668	-6.036e-4	0.0131	-0.0460763358778626	0.9633	3146	CSF_tau
rs9859556	3	49455986	G	T	0.307575	0.0022199999999999998	0.006144	0.36132812499999994	0.7179	3146	CSF_tau
rs77719387	NA	NA	NA	NA	NA	NA	NA	NA	NA	NA	NA
rs11130380	3	53758950	G	T	0.652849	-0.004124	0.006259000000000001	-0.658891	0.51	3146	CSF_tau
rs6769553	3	54427795	G	A	0.267078	2.525e-4	0.006152	0.04104356306892067	0.9673	3146	CSF_tau
rs11715144	3	56541635	G	C	0.658009	-0.00171	0.006031	-0.283535	0.7768	3146	CSF_tau
rs6803651	NA	NA	NA	NA	NA	NA	NA	NA	NA	NA	NA
rs12638072	3	65654480	A	G	0.674582	-0.002075	0.006271	-0.330888	0.7407	3146	CSF_tau
rs902249	3	68944949	T	C	0.558118	0.002408	0.0057009999999999995	0.422382	0.6728	3146	CSF_tau
rs115000530	3	69930625	A	T	0.04814	-0.009293000000000001	0.01273	-0.7300078554595445	0.4655	3146	CSF_tau
rs55736314	3	71586293	C	G	0.361496	-0.008945999999999999	0.0062640000000000005	-1.4281609195402296	0.1533	3146	CSF_tau
rs4404485	3	74947398	C	T	0.847464	0.003967	0.00743	0.533917	0.5935	3146	CSF_tau
rs6771882	3	82552414	G	A	0.157847	0.009425	0.0075780000000000005	1.24373185537081	0.2137	3146	CSF_tau
rs66568921	3	85672018	T	G	0.37936	-2.829e-4	0.006047	-0.04678352902265586	0.9627	3146	CSF_tau
rs9857944	3	86254105	G	C	0.881841	-8.654e-5	0.00827	-0.0104643	0.9917	3146	CSF_tau
rs9853928	3	103295384	C	T	0.200182	0.002418	0.006806	0.3552747575668528	0.7224	3146	CSF_tau
rs1610243	3	104225506	C	T	0.623679	-0.002345	0.006377000000000001	-0.367728	0.7131	3146	CSF_tau
rs7431531	3	105198374	T	C	0.328431	0.005225	0.005993	0.8718504922409477	0.3834	3146	CSF_tau
rs28513882	3	107296628	G	A	0.169455	0.0022789999999999998	0.007683	0.2966289209944032	0.7668	3146	CSF_tau
rs2290601	3	108112760	C	T	0.772117	-0.005955	0.006705	-0.888143	0.3745	3146	CSF_tau
rs9837013	NA	NA	NA	NA	NA	NA	NA	NA	NA	NA	NA
rs1717204	NA	NA	NA	NA	NA	NA	NA	NA	NA	NA	NA
rs34067381	3	123594419	T	G	0.628634	0.009025	0.005864	1.53905	0.1239	3146	CSF_tau
rs9289300	3	127144988	T	C	0.126999	-0.0016179999999999999	0.007606999999999999	-0.212698830024977	0.8315	3146	CSF_tau
rs6795373	NA	NA	NA	NA	NA	NA	NA	NA	NA	NA	NA
rs148935320	NA	NA	NA	NA	NA	NA	NA	NA	NA	NA	NA
rs7650602	NA	NA	NA	NA	NA	NA	NA	NA	NA	NA	NA
rs2885198	NA	NA	NA	NA	NA	NA	NA	NA	NA	NA	NA
rs12054166	3	150093445	C	G	0.248368	-0.004451	0.006522	-0.682459368291935	0.495	3146	CSF_tau
rs6440854	3	152948430	A	G	0.190215	0.01525	0.008927	1.7083006609163214	0.08777	3146	CSF_tau
rs7617204	3	160821969	A	G	0.496187	0.0033909999999999995	0.00563	0.6023090586145647	0.5469	3146	CSF_tau
rs6799905	NA	NA	NA	NA	NA	NA	NA	NA	NA	NA	NA
rs6799725	3	167223598	G	A	0.362713	0.006257	0.006023	1.038851070894903	0.2989	3146	CSF_tau
rs16853094	3	168782421	G	A	0.253908	-0.008895	0.0067269999999999995	-1.3222833358109114	0.1862	3146	CSF_tau
rs8192675	3	170724883	T	C	0.281613	0.004538	0.006118	0.7417456685191239	0.4583	3146	CSF_tau
rs72622559	3	175672897	C	T	0.243805	-4.339e-5	0.00657	-0.006604261796042618	0.9947	3146	CSF_tau
rs77025239	3	180734185	G	A	0.166001	1.4509999999999998e-4	0.007712	0.01881483402489626	0.985	3146	CSF_tau
rs9824882	3	185783143	G	A	0.815513	-0.001244	0.007070999999999999	-0.17593	0.8603	3146	CSF_tau
rs10937590	3	193300287	T	G	0.539827	-0.01096	0.0056159999999999995	-1.9515669515669516	0.051160000000000004	3146	CSF_tau
rs6779233	3	196023723	A	C	0.73393	-0.01298	0.007025	-1.84769	0.06475	3146	CSF_tau
rs13327482	3	196788363	A	G	0.172113	-0.01679	0.007475	-2.246153846153846	0.02481	3146	CSF_tau
rs6599400	4	1785025	A	C	0.74504	-0.005333	0.006257	-0.852325	0.3941	3146	CSF_tau
rs2137835	NA	NA	NA	NA	NA	NA	NA	NA	NA	NA	NA
rs363096	4	3180021	T	C	0.564042	7.21e-4	0.005767	0.125022	0.9005	3146	CSF_tau
rs4689684	NA	NA	NA	NA	NA	NA	NA	NA	NA	NA	NA
rs2008221	4	5221213	G	T	0.468421	0.0028280000000000002	0.005788000000000001	0.48859709744298546	0.6252	3146	CSF_tau
rs13133213	4	15646794	A	G	0.49873	-8.866e-4	0.0055899999999999995	-0.1586046511627907	0.8740000000000001	3146	CSF_tau
rs9291652	4	17048274	T	C	0.56	3.54e-4	0.005568	0.0635776	0.9493	3146	CSF_tau
rs2011603	NA	NA	NA	NA	NA	NA	NA	NA	NA	NA	NA
rs4467547	NA	NA	NA	NA	NA	NA	NA	NA	NA	NA	NA
rs10021733	4	28609476	T	C	0.865385	-0.005635	0.008369	-0.673318	0.5008	3146	CSF_tau
rs4557224	4	30796107	T	C	0.50618	0.001536	0.005639	0.272389	0.7854	3146	CSF_tau
rs12644635	NA	NA	NA	NA	NA	NA	NA	NA	NA	NA	NA
rs337637	4	38604470	G	A	0.321182	0.008017	0.005966	1.3437814280925242	0.1791	3146	CSF_tau
rs6812533	4	39687838	T	C	0.278442	0.01144	0.006402	1.7869415807560138	0.07403	3146	CSF_tau
rs17462266	4	44616903	T	G	0.130663	0.002107	0.008447	0.2494376701787617	0.8031	3146	CSF_tau
rs13130765	NA	NA	NA	NA	NA	NA	NA	NA	NA	NA	NA
rs2055940	4	46997913	G	A	0.243431	0.006497	0.006425	1.0112062256809338	0.312	3146	CSF_tau
rs10461357	4	57205553	C	T	0.112844	-0.004646	0.008614	-0.539354539122359	0.5897	3146	CSF_tau
rs66697178	4	62128069	T	C	0.210134	-0.002425	0.0067870000000000005	-0.3573007219684691	0.7209	3146	CSF_tau
rs11734722	4	65789995	G	A	0.622864	-6.455e-4	0.005782	-0.11164	0.9111	3146	CSF_tau
rs4860734	4	67096904	G	A	0.32021	-0.009401999999999999	0.00672	-1.3991071428571427	0.1619	3146	CSF_tau
rs12506221	4	67899235	T	G	0.531034	-0.007692	0.005626	-1.36722	0.1716	3146	CSF_tau
rs28377689	NA	NA	NA	NA	NA	NA	NA	NA	NA	NA	NA
rs2034631	4	82225529	T	C	0.334649	0.004520000000000001	0.006031	0.7494611175592771	0.4536	3146	CSF_tau
rs7692359	4	83209346	T	C	0.254268	-0.01051	0.006764	-1.5538143110585452	0.1203	3146	CSF_tau
rs12503522	4	94543233	C	T	0.284699	0.006287	0.0063479999999999995	0.9903906742281035	0.3221	3146	CSF_tau
rs72672718	4	96030564	G	A	0.337882	-0.001419	0.006364	-0.22297297297297297	0.8236	3146	CSF_tau
rs13127398	4	102921704	T	A	0.03609	-0.010329999999999999	0.01299	-0.7952270977675134	0.4265	3146	CSF_tau
rs28375734	NA	NA	NA	NA	NA	NA	NA	NA	NA	NA	NA
rs7683416	4	106152984	T	C	0.519629	5.265e-4	0.005611	0.0938335	0.9252	3146	CSF_tau
rs7662502	4	112504966	G	T	0.599491	-0.008203	0.005804999999999999	-1.41309	0.1578	3146	CSF_tau
rs67432955	4	116410662	G	A	0.371361	-0.003815	0.005799	-0.6578720469046386	0.5107	3146	CSF_tau
rs1955250	4	118514236	A	C	0.0806744	-0.00647	0.009420999999999999	-0.6867636132045432	0.4923	3146	CSF_tau
rs13145650	4	122963344	C	T	0.912681	0.009341	0.01005	0.929453	0.3528	3146	CSF_tau
rs2034497	4	129862073	C	T	0.489257	0.00634	0.0056159999999999995	1.12892	0.2591	3146	CSF_tau
rs2728741	4	130661863	C	T	0.76098	-0.01784	0.006586	-2.70878	0.006804999999999999	3146	CSF_tau
rs11733040	4	137480493	G	A	0.371827	-0.0033590000000000004	0.005850999999999999	-0.5740898991625365	0.5659	3146	CSF_tau
rs12647336	4	140643071	A	G	0.163343	-0.005913	0.007723999999999999	-0.7655359917141378	0.444	3146	CSF_tau
rs12643771	NA	NA	NA	NA	NA	NA	NA	NA	NA	NA	NA
rs969512	4	147872742	A	T	0.391249	0.002806	0.005877	0.4774544835800578	0.633	3146	CSF_tau
rs7672622	NA	NA	NA	NA	NA	NA	NA	NA	NA	NA	NA
rs6842542	4	158375017	A	G	0.143507	-0.01102	0.007049	-1.5633423180592994	0.11800000000000001	3146	CSF_tau
rs2081652	4	159862913	T	A	0.669231	0.001593	0.005972	0.266745	0.7897	3146	CSF_tau
rs4691866	4	163738040	A	G	0.852177	-0.007037	0.007511	-0.936893	0.3489	3146	CSF_tau
rs10866336	4	170257160	C	G	0.499274	-0.002109	0.006177	-0.341428	0.7328	3146	CSF_tau
rs12646523	4	170944698	C	T	0.226	0.001663	0.006692	0.24850567842199642	0.8038	3146	CSF_tau
rs1358596	4	172432296	C	A	0.889949	0.007452	0.0073620000000000005	1.01222	0.3115	3146	CSF_tau
rs17598675	4	176647637	T	C	0.464623	-0.0013	0.005725	-0.22707423580786024	0.8204	3146	CSF_tau
rs7681853	4	176917085	T	C	0.212409	-0.001251	0.006889	-0.1815938452605603	0.8559	3146	CSF_tau
rs1128956	NA	NA	NA	NA	NA	NA	NA	NA	NA	NA	NA
rs34059433	NA	NA	NA	NA	NA	NA	NA	NA	NA	NA	NA
rs11724690	4	186764747	G	T	0.28317	-0.002502	0.006214	-0.4026392018023817	0.6872	3146	CSF_tau
rs7706278	NA	NA	NA	NA	NA	NA	NA	NA	NA	NA	NA
rs11741296	5	2928538	A	G	0.550218	0.002355	0.005717	0.411929	0.6804	3146	CSF_tau
rs13163845	NA	NA	NA	NA	NA	NA	NA	NA	NA	NA	NA
rs12515392	5	7392933	G	A	0.264353	-0.00592	0.006954000000000001	-0.8513085993672705	0.3946	3146	CSF_tau
rs162445	5	7943246	G	A	0.0593682	0.0016170000000000002	0.009806	0.16489904140322253	0.8690000000000001	3146	CSF_tau
rs2434672	NA	NA	NA	NA	NA	NA	NA	NA	NA	NA	NA
rs7719595	5	22233416	T	A	0.494759	0.008142	0.005664	1.4375	0.1507	3146	CSF_tau
rs2174528	5	24588151	T	C	0.171134	-0.002747	0.0067280000000000005	-0.4082936979785969	0.6831	3146	CSF_tau
rs17563464	NA	NA	NA	NA	NA	NA	NA	NA	NA	NA	NA
rs10940921	5	30808645	T	G	0.549265	4.666e-4	0.0058	0.0804483	0.9359	3146	CSF_tau
rs17243165	5	43145154	A	G	0.104	-0.0022789999999999998	0.008773999999999999	-0.2597447002507408	0.7951	3146	CSF_tau
rs62367470	5	45192276	C	T	0.15062	-0.0042439999999999995	0.007298999999999999	-0.5814495136320044	0.5609	3146	CSF_tau
rs7724301	5	57114080	C	T	0.773173	0.007048	0.006447	1.09322	0.2744	3146	CSF_tau
rs245491	5	57633855	C	T	0.563452	-0.01057	0.005725	-1.84629	0.06487000000000001	3146	CSF_tau
rs298075	5	58983849	C	T	0.385647	0.007056000000000001	0.005732	1.2309839497557573	0.2185	3146	CSF_tau
rs6449503	NA	NA	NA	NA	NA	NA	NA	NA	NA	NA	NA
rs10805383	5	63034606	G	A	0.528353	-0.005945000000000001	0.005654	-1.0514679872656527	0.2931	3146	CSF_tau
rs42302	5	74965554	A	G	0.653455	0.01007	0.006055	1.66309	0.09636	3146	CSF_tau
rs2202115	5	81161753	T	C	0.66146	-0.003753	0.005999	-0.625604	0.5316	3146	CSF_tau
rs61104616	5	88163771	G	A	0.566401	-0.003047	0.005664	-0.537959	0.5907	3146	CSF_tau
rs1698135	NA	NA	NA	NA	NA	NA	NA	NA	NA	NA	NA
rs2973827	5	90985856	A	C	0.204975	-0.01495	0.006686	-2.2360155548908165	0.02539	3146	CSF_tau
rs888814	5	92186429	G	T	0.49799	0.010579999999999999	0.005954	1.776956667786362	0.07582	3146	CSF_tau
rs145120402	5	93174765	A	C	0.0210374	0.015080000000000001	0.013969999999999998	1.0794559770937726	0.2804	3146	CSF_tau
rs74643044	5	102535528	T	C	0.0567235	0.001674	0.01432	0.11689944134078212	0.9069	3146	CSF_tau
rs4235642	5	103818412	A	G	0.365916	-0.01167	0.006266	-1.8624321736354932	0.06269	3146	CSF_tau
rs252991	5	106767346	A	G	0.662554	-0.002271	0.0059	-0.384915	0.7004	3146	CSF_tau
rs17489649	NA	NA	NA	NA	NA	NA	NA	NA	NA	NA	NA
rs660001	5	113866598	G	A	0.198465	-0.0116	0.00701	-1.6547788873038516	0.09807	3146	CSF_tau
rs62379838	5	120102028	T	C	0.342556	0.003387	0.006221	0.5444462305095643	0.5862	3146	CSF_tau
rs17474406	NA	NA	NA	NA	NA	NA	NA	NA	NA	NA	NA
rs10060023	NA	NA	NA	NA	NA	NA	NA	NA	NA	NA	NA
rs329124	5	133865452	A	G	0.443575	1.339e-4	0.005711	0.023445981439327614	0.9813	3146	CSF_tau
rs1434630	5	136557055	T	G	0.880029	0.002284	0.007896	0.28926	0.7724	3146	CSF_tau
rs12519073	5	136776762	C	T	0.229235	-0.001498	0.006541	-0.22901696988228099	0.8189	3146	CSF_tau
rs251023	5	140893410	A	G	0.410186	-0.0077269999999999995	0.005985	-1.291060985797828	0.1968	3146	CSF_tau
rs62372773	5	145650887	T	C	0.314031	-0.0039380000000000005	0.005821	-0.6765160625322111	0.4988	3146	CSF_tau
rs2288799	5	149631413	A	G	0.441627	-0.002698	0.005739	-0.4701167450775396	0.6383	3146	CSF_tau
rs2964255	5	152052332	G	A	0.288287	0.0066370000000000005	0.006222	1.0666988106718098	0.2862	3146	CSF_tau
rs182902112	NA	NA	NA	NA	NA	NA	NA	NA	NA	NA	NA
rs173768	5	160747541	G	A	0.23692	-0.01643	0.0064659999999999995	-2.5409836065573774	0.01112	3146	CSF_tau
rs42210	5	166408788	G	C	0.746543	-0.01004	0.006732999999999999	-1.49116	0.1362	3146	CSF_tau
rs6890434	NA	NA	NA	NA	NA	NA	NA	NA	NA	NA	NA
rs251252	5	172485959	T	C	0.64812	-0.004662	0.0060609999999999995	-0.76918	0.4418	3146	CSF_tau
rs62398693	5	176416516	C	A	0.201867	0.01292	0.007585	1.7033618984838497	0.08867	3146	CSF_tau
rs2545795	5	176887106	A	C	0.48833	-0.003055	0.005737	-0.532508	0.5944	3146	CSF_tau
rs7447517	NA	NA	NA	NA	NA	NA	NA	NA	NA	NA	NA
rs10491478	5	179369288	T	C	0.280657	-0.01285	0.006958	-1.8467950560505892	0.06482	3146	CSF_tau
rs12524795	NA	NA	NA	NA	NA	NA	NA	NA	NA	NA	NA
rs112603734	6	6069588	A	C	0.180703	-0.005476	0.006837	-0.8009360830773731	0.4232	3146	CSF_tau
rs3864311	NA	NA	NA	NA	NA	NA	NA	NA	NA	NA	NA
rs4715931	6	14897346	C	A	0.232944	-0.00469	0.00703	-0.6671408250355618	0.5048	3146	CSF_tau
rs180002	NA	NA	NA	NA	NA	NA	NA	NA	NA	NA	NA
rs72829857	6	16966052	A	G	0.219579	0.009904000000000001	0.0065379999999999995	1.5148363413888042	0.1299	3146	CSF_tau
rs72828517	6	19036035	T	C	0.154516	0.005522999999999999	0.00746	0.74034852546916885	0.4592	3146	CSF_tau
rs2179152	6	26325888	T	C	0.662541	4.119e-4	0.0058909999999999995	0.0699202	0.9443	3146	CSF_tau
rs115383412	6	29196418	G	A	0.0356626	-0.01817	0.013569999999999999	-1.3389830508474576	0.1806	3146	CSF_tau
rs2256965	6	31555130	A	G	0.557278	-0.002293	0.0057350000000000005	-0.399826	0.6893	3146	CSF_tau
rs57349798	NA	NA	NA	NA	NA	NA	NA	NA	NA	NA	NA
rs2436760	6	40374288	C	T	0.986938	-0.001863	0.01641	-0.113528	0.9096	3146	CSF_tau
rs912883	6	41552040	T	C	0.357169	0.008764	0.006012	1.4577511643379906	0.145	3146	CSF_tau
rs2186213	6	48739842	T	A	0.536572	-0.003117	0.005679	-0.548864	0.5832	3146	CSF_tau
rs78648104	NA	NA	NA	NA	NA	NA	NA	NA	NA	NA	NA
rs584124	6	52838196	G	A	0.546478	0.003847	0.005744	0.669742	0.5031	3146	CSF_tau
rs7449561	6	66215549	G	A	0.204215	-0.0017530000000000002	0.0069299999999999995	-0.252958152958153	0.8003	3146	CSF_tau
rs9363753	6	68125255	C	T	0.161255	-0.0061	0.0072310000000000004	-0.8435900981883557	0.39899999999999997	3146	CSF_tau
rs1006997	6	69677322	T	C	0.839804	-0.01754	0.007988	-2.19579	0.02822	3146	CSF_tau
rs9442722	6	72662074	T	A	0.198479	0.008387	0.006619	1.2671098353225563	0.2053	3146	CSF_tau
rs13212041	6	78171124	C	T	0.789913	0.003114	0.007206999999999999	0.43208	0.6657	3146	CSF_tau
rs4352658	6	88279872	C	T	0.0825455	0.02812	0.01039	2.706448508180943	0.006843999999999999	3146	CSF_tau
rs9359939	6	92133241	C	A	0.285324	0.005649	0.006629	0.8521647307286166	0.3941	3146	CSF_tau
rs9386319	6	96566419	A	G	0.404753	-0.003433	0.005768	-0.5951803051317615	0.5518	3146	CSF_tau
rs760829	6	97550414	G	A	0.762337	0.009384	0.006773	1.3855	0.166	3146	CSF_tau
rs9375188	6	98555272	C	T	0.465996	-1.2030000000000001e-4	0.005686999999999999	-0.021153508000703362	0.9831	3146	CSF_tau
rs2802290	6	108905680	G	A	0.562477	-0.006677	0.005879	-1.13574	0.2562	3146	CSF_tau
rs2691171	6	110977970	A	G	0.275862	3.487e-4	0.006197	0.056269162497982896	0.9551	3146	CSF_tau
rs10080647	6	114742335	C	A	0.170603	0.007094	0.007969	0.8901995231522147	0.3735	3146	CSF_tau
rs11542663	6	119215402	A	C	0.341913	-0.009148	0.006029	-1.5173328910267043	0.1293	3146	CSF_tau
rs13197257	6	128333682	G	T	0.338354	-0.007537	0.0064719999999999995	-1.16455500618047	0.2443	3146	CSF_tau
rs11757516	NA	NA	NA	NA	NA	NA	NA	NA	NA	NA	NA
rs9492774	6	131302489	G	C	0.414369	0.006684000000000001	0.005843	1.143932911175766	0.2527	3146	CSF_tau
rs9373363	6	143150043	A	G	0.25817	0.01047	0.006670999999999999	1.569479838105232	0.1166	3146	CSF_tau
rs6914161	6	143694800	C	T	0.216088	-0.007445	0.007087	-1.0505150275151687	0.2936	3146	CSF_tau
rs7744222	6	145144381	C	A	0.372592	-0.0024129999999999998	0.006177	-0.39064270681560626	0.6962	3146	CSF_tau
rs11155529	6	148274693	A	G	0.371038	0.004064	0.005944	0.6837146702557201	0.4942	3146	CSF_tau
rs6557171	6	152234593	T	C	0.723412	-0.01153	0.006152	-1.87419	0.06097	3146	CSF_tau
rs76532655	6	153437499	C	T	0.250273	0.007241	0.0074	0.9785135135135135	0.3279	3146	CSF_tau
rs12660494	6	155534676	A	G	0.173723	0.005378	0.007547	0.7126010335232543	0.4761	3146	CSF_tau
rs113588399	NA	NA	NA	NA	NA	NA	NA	NA	NA	NA	NA
rs9295365	6	167132189	C	T	0.896558	-0.01354	0.009393	-1.4415	0.1496	3146	CSF_tau
rs12665391	6	167614733	T	C	0.230574	0.007982	0.006603	1.208844464637286	0.2268	3146	CSF_tau
rs6924023	6	170076041	A	G	0.262967	-2.591e-4	0.0066549999999999995	-0.03893313298271976	0.9689	3146	CSF_tau
rs4605959	7	893297	G	C	0.429608	-0.01069	0.0057079999999999995	-1.8728100911002104	0.06116	3146	CSF_tau
rs62442924	NA	NA	NA	NA	NA	NA	NA	NA	NA	NA	NA
rs13240401	7	2194396	T	C	0.179324	-0.01124	0.006954999999999999	-1.6161035226455789	0.1062	3146	CSF_tau
rs4719944	7	3496032	T	C	0.453983	0.005565	0.005741	0.9693433199790977	0.3325	3146	CSF_tau
rs38007	7	8041747	G	A	0.527545	0.00245	0.005699	0.4299	0.6673	3146	CSF_tau
rs7777571	7	11758271	T	G	0.239115	0.003251	0.006371	0.5102809606027311	0.6099	3146	CSF_tau
rs6977237	7	14027991	T	C	0.545973	0.007429	0.005647	1.31557	0.1884	3146	CSF_tau
rs62442809	7	21132591	C	T	0.240459	0.004423	0.006773	0.6530341060091539	0.5138	3146	CSF_tau
rs35929923	7	21400525	G	A	0.24373	0.012980000000000002	0.006697	1.9381812751978502	0.052770000000000004	3146	CSF_tau
rs2906667	NA	NA	NA	NA	NA	NA	NA	NA	NA	NA	NA
rs79265434	7	24621381	A	G	0.124593	-0.007379999999999999	0.009056999999999999	-0.8148393507784034	0.4152	3146	CSF_tau
rs10240905	7	32263069	T	C	0.668852	0.003795	0.005942	0.638674	0.5231	3146	CSF_tau
rs6978797	7	34909303	T	C	0.309826	0.002707	0.005972	0.4532819825853986	0.6503	3146	CSF_tau
rs10951590	7	39091043	C	T	0.334723	0.008826	0.005991	1.4732098147220833	0.1408	3146	CSF_tau
rs13235423	7	40302219	G	A	0.441728	0.0067599999999999995	0.005666	1.1930815390045886	0.2329	3146	CSF_tau
rs799447	7	44776574	T	G	0.609859	0.007109	0.00625	1.13744	0.2555	3146	CSF_tau
rs12670376	7	48823154	G	A	0.475481	-0.007708	0.005743	-1.3421556677694584	0.1796	3146	CSF_tau
rs17551064	7	49869771	A	G	0.164359	0.004427	0.007909999999999999	0.5596713021491784	0.5757	3146	CSF_tau
rs4288328	7	54304617	C	A	0.53447	0.005548	0.0057079999999999995	0.971969	0.3312	3146	CSF_tau
rs6959891	7	54714000	A	G	0.266715	-0.0026550000000000002	0.0062640000000000005	-0.4238505747126437	0.6717	3146	CSF_tau
rs74675246	7	70195619	G	A	0.0873592	0.004767	0.010159999999999999	0.46919291338582686	0.639	3146	CSF_tau
rs35417702	7	71739916	C	T	0.514202	0.004735	0.005757	0.822477	0.4108	3146	CSF_tau
rs1167827	7	75163169	A	G	0.537873	-0.002805	0.005921	-0.473738	0.6357	3146	CSF_tau
rs4728638	NA	NA	NA	NA	NA	NA	NA	NA	NA	NA	NA
rs55923193	7	79453008	G	A	0.281216	0.001786	0.006908	0.25854082223508973	0.7959999999999999	3146	CSF_tau
rs1208890	7	88921059	T	A	0.861837	0.02334	0.008975	2.60056	0.009344	3146	CSF_tau
rs41371748	7	91708219	T	C	0.364791	-0.001115	0.00598	-0.18645484949832777	0.8522	3146	CSF_tau
rs10215082	NA	NA	NA	NA	NA	NA	NA	NA	NA	NA	NA
rs2404976	NA	NA	NA	NA	NA	NA	NA	NA	NA	NA	NA
rs401966	NA	NA	NA	NA	NA	NA	NA	NA	NA	NA	NA
rs9655780	NA	NA	NA	NA	NA	NA	NA	NA	NA	NA	NA
rs3807884	7	111845773	T	C	0.119993	-0.005482	0.008367	-0.6551930201983985	0.5124	3146	CSF_tau
rs117521646	7	112881626	C	A	0.0366739	-0.009161	0.01859	-0.4927918235610544	0.6222	3146	CSF_tau
rs10215153	7	116399131	G	A	0.308252	-0.004593	0.0061070000000000004	-0.7520877681349271	0.4521	3146	CSF_tau
rs6969783	NA	NA	NA	NA	NA	NA	NA	NA	NA	NA	NA
rs11769307	7	126460664	T	A	0.37804	0.0019100000000000002	0.0062829999999999995	0.30399490689161235	0.7611	3146	CSF_tau
rs113520408	7	128402782	G	A	0.22959	-0.001342	0.006768000000000001	-0.19828605200945626	0.8428	3146	CSF_tau
rs7795598	7	132559273	G	A	0.716	5.333e-4	0.006093	0.0875267	0.9303	3146	CSF_tau
rs57352738	7	133304694	T	A	0.187066	0.006723999999999999	0.006906	0.973646104836374	0.3303	3146	CSF_tau
rs4732142	7	135443815	G	A	0.36329	0.02016	0.0057009999999999995	3.5362217154885114	4.127e-4	3146	CSF_tau
rs1047586	NA	NA	NA	NA	NA	NA	NA	NA	NA	NA	NA
rs4726070	7	151328218	G	A	0.535766	0.003966	0.005777	0.686515	0.4925	3146	CSF_tau
rs4716882	7	157818850	T	C	0.758527	0.01186	0.006381	1.85864	0.0631	3146	CSF_tau
rs12676895	8	763540	A	G	0.242821	-0.009695	0.006802	-1.4253160835048515	0.1542	3146	CSF_tau
rs12678075	NA	NA	NA	NA	NA	NA	NA	NA	NA	NA	NA
rs73191311	8	4796094	G	A	0.370417	-0.0031260000000000003	0.006113	-0.5113692131522984	0.6092	3146	CSF_tau
rs6994287	8	9340932	G	A	0.358811	0.002026	0.005678	0.3568157802042973	0.7213	3146	CSF_tau
rs575079	8	9782145	G	A	0.820533	-0.006632	0.007089	-0.935534	0.3496	3146	CSF_tau
rs1105218	NA	NA	NA	NA	NA	NA	NA	NA	NA	NA	NA
rs2898458	8	17913813	G	A	0.664969	-0.001619	0.006007	-0.269519	0.7875	3146	CSF_tau
rs17408078	8	19378213	A	T	0.156635	0.005677000000000001	0.007552	0.7517213983050849	0.4522	3146	CSF_tau
rs34807077	8	28680769	C	A	0.158373	-0.0125	0.007693000000000001	-1.6248537631613154	0.1044	3146	CSF_tau
rs2725370	8	30852826	T	C	0.731468	3.58e-4	0.006197	0.0577699	0.9539	3146	CSF_tau
rs4376462	8	31359814	T	G	0.616055	0.003955	0.00572	0.691434	0.4894	3146	CSF_tau
rs56131485	NA	NA	NA	NA	NA	NA	NA	NA	NA	NA	NA
rs2923424	8	42382222	A	G	0.392942	-0.001685	0.005823	-0.28936974068349647	0.7723	3146	CSF_tau
rs2929032	8	56371745	A	G	0.563547	-0.002056	0.0057	-0.360702	0.7183	3146	CSF_tau
rs1866823	8	57436577	G	A	0.568314	-0.004464	0.005691	-0.784396	0.4328	3146	CSF_tau
rs16930419	8	64307305	A	G	0.103561	-0.005712	0.009049	-0.6312299701624489	0.5279	3146	CSF_tau
rs4384017	8	66522662	G	A	0.33246	-0.004455	0.0061329999999999996	-0.7263981738137942	0.4677	3146	CSF_tau
rs13275199	8	68345016	G	A	0.15174	-0.006742000000000001	0.0077069999999999994	-0.8747891527183081	0.3818	3146	CSF_tau
rs66983327	8	76588178	G	A	0.35113	0.002555	0.006161	0.4147054049667262	0.6784	3146	CSF_tau
rs56099375	NA	NA	NA	NA	NA	NA	NA	NA	NA	NA	NA
rs4320563	8	87769961	A	G	0.560131	0.008988	0.005683	1.5815590357205702	0.1139	3146	CSF_tau
rs2631013	8	91908782	G	A	0.354433	0.005841	0.006025	0.969460580912863	0.3324	3146	CSF_tau
rs35606437	8	93327532	G	A	0.298077	-0.006109000000000001	0.006408	-0.9533395755305869	0.3405	3146	CSF_tau
rs9642928	8	95613926	T	A	0.378076	0.004075	0.005954999999999999	0.6842989084802686	0.4939	3146	CSF_tau
rs1786313	8	101737075	C	T	0.351072	0.002442	0.006163	0.39623559954567583	0.6920000000000001	3146	CSF_tau
rs7012546	8	105067737	C	T	0.42984	-0.007515000000000001	0.005794	-1.2970314118053161	0.1947	3146	CSF_tau
rs139031984	NA	NA	NA	NA	NA	NA	NA	NA	NA	NA	NA
rs7812810	8	107604587	G	A	0.159826	0.01168	0.007681	1.520635333940893	0.1284	3146	CSF_tau
rs72672052	8	115798424	T	A	0.172909	0.002209	0.007314	0.302023516543615	0.7627	3146	CSF_tau
rs4298514	8	118932887	C	T	0.656137	-0.01939	0.006189	-3.13298	0.001749	3146	CSF_tau
rs13261773	8	120187090	G	C	0.164488	0.0048119999999999994	0.0075379999999999996	0.6383656142212788	0.5232	3146	CSF_tau
rs401526	8	130929166	T	C	0.458621	0.0101	0.005789	1.7446882017619623	0.08102999999999999	3146	CSF_tau
rs13270165	8	132144401	C	T	0.437341	0.00107	0.005761	0.18573164381183824	0.8527	3146	CSF_tau
rs62524716	8	135450378	A	G	0.333696	-0.01167	0.006051	-1.9286068418443232	0.05379	3146	CSF_tau
rs2977467	8	141547712	T	C	0.184567	0.002611	0.007243	0.3604859864696949	0.7185	3146	CSF_tau
rs4437700	8	142247539	T	G	0.605741	-0.009289	0.005995	-1.54946	0.1214	3146	CSF_tau
rs746839	8	142617261	C	G	0.393989	0.013380000000000001	0.0059689999999999995	2.2415815044396052	0.02505	3146	CSF_tau
rs144336753	NA	NA	NA	NA	NA	NA	NA	NA	NA	NA	NA
rs2306386	NA	NA	NA	NA	NA	NA	NA	NA	NA	NA	NA
rs7849487	9	1757274	T	G	0.364182	-0.004596	0.00598	-0.768561872909699	0.4422	3146	CSF_tau
rs11535405	9	3109407	A	G	0.369636	0.01256	0.006052	2.075346992729676	0.038060000000000004	3146	CSF_tau
rs56290664	9	4364846	C	G	0.339339	3.2189999999999996e-4	0.006406	0.050249765844520754	0.9599	3146	CSF_tau
rs10511592	9	14149280	T	G	0.138838	0.010459999999999999	0.00815	1.2834355828220858	0.1996	3146	CSF_tau
rs1323339	9	14444316	G	T	0.363735	-9.406000000000001e-4	0.0058	-0.1621724137931035	0.8712	3146	CSF_tau
rs10733289	9	14775859	G	A	0.624864	0.003787	0.005645000000000001	0.670859	0.5024	3146	CSF_tau
rs7029718	9	23358495	G	A	0.367733	0.004352	0.005786	0.7521603871413757	0.452	3146	CSF_tau
rs4977885	9	23687983	G	A	0.397628	-0.00134	0.006182	-0.2167583306373342	0.8285	3146	CSF_tau
rs1758726	9	25352201	C	T	0.200181	-0.004739	0.006763	-0.7007245305337868	0.4835	3146	CSF_tau
rs7041702	9	33053430	A	G	0.238941	0.02021	0.006393	3.161270139214766	0.001586	3146	CSF_tau
rs2381400	9	35776419	G	A	0.328113	0.0010199999999999999	0.0066370000000000005	0.15368389332529753	0.8779	3146	CSF_tau
rs11138947	9	72110562	C	T	0.751822	-0.004542	0.0062439999999999996	-0.727418	0.4671	3146	CSF_tau
rs9886703	9	82246351	A	T	0.85118	0.009264	0.007853	1.17968	0.2383	3146	CSF_tau
rs55887402	9	82432283	T	A	0.415544	-0.006175	0.005827000000000001	-1.0597219838681997	0.2893	3146	CSF_tau
rs10780443	9	83242260	C	T	0.783745	-0.009434	0.006462999999999999	-1.45969	0.1445	3146	CSF_tau
rs7040995	9	92226172	C	G	0.455904	-0.007146	0.006135	-1.1647921760391198	0.2442	3146	CSF_tau
rs62554475	NA	NA	NA	NA	NA	NA	NA	NA	NA	NA	NA
rs10761251	9	96421546	T	A	0.688707	0.006225	0.005850999999999999	1.06392	0.2874	3146	CSF_tau
rs7031988	NA	NA	NA	NA	NA	NA	NA	NA	NA	NA	NA
rs7868164	9	108896130	T	C	0.836113	-0.008233	0.007232	-1.13841	0.2551	3146	CSF_tau
rs2134063	9	109695139	A	G	0.178869	-0.01205	0.00837	-1.4396654719235362	0.1499	3146	CSF_tau
rs10979613	9	111687584	T	C	0.389655	-4.7880000000000004e-4	0.005909	-0.08102893890675242	0.9354	3146	CSF_tau
rs76235882	9	121096681	A	G	0.0445652	-0.016390000000000002	0.01677	-0.9773404889683961	0.3285	3146	CSF_tau
rs10760023	NA	NA	NA	NA	NA	NA	NA	NA	NA	NA	NA
rs1024708	9	122293908	T	C	0.549528	0.001106	0.0057799999999999995	0.191349	0.8482	3146	CSF_tau
rs7044106	9	123494062	C	G	0.78956	-0.00417	0.0073620000000000005	-0.566422	0.5711	3146	CSF_tau
rs12375949	9	124617900	T	C	0.575218	0.01081	0.005738	1.88393	0.059739999999999994	3146	CSF_tau
rs10760213	NA	NA	NA	NA	NA	NA	NA	NA	NA	NA	NA
rs9411331	9	134883419	C	A	0.704471	7.816e-4	0.006064	0.128892	0.8975	3146	CSF_tau
rs1045740	9	135569919	A	G	0.261706	0.0046700000000000005	0.006853	0.6814533780825917	0.4956	3146	CSF_tau
rs145587141	NA	NA	NA	NA	NA	NA	NA	NA	NA	NA	NA
rs73581580	NA	NA	NA	NA	NA	NA	NA	NA	NA	NA	NA
rs66797613	10	1090469	C	T	0.159833	4.005e-4	0.007215000000000001	0.0555093555093555	0.9557	3146	CSF_tau
rs6601785	NA	NA	NA	NA	NA	NA	NA	NA	NA	NA	NA
rs7894722	10	9972046	C	T	0.28735	-0.007853	0.00586	-1.3401023890784984	0.1803	3146	CSF_tau
rs12783907	10	10874218	G	A	0.203848	0.002002	0.0072120000000000005	0.2775929007210205	0.7813	3146	CSF_tau
rs1747714	10	11161316	T	C	0.486192	-4.0990000000000004e-4	0.0056359999999999995	-0.07272888573456353	0.9420000000000001	3146	CSF_tau
rs2183271	10	21957229	T	C	0.33745	0.008015000000000001	0.005877	1.3637910498553685	0.1727	3146	CSF_tau
rs11598765	10	23953725	G	A	0.220156	-0.002444	0.006957	-0.3513008480666954	0.7254	3146	CSF_tau
rs806816	10	32285942	T	A	0.781136	-0.003446	0.006684000000000001	-0.51556	0.6062	3146	CSF_tau
rs2007655	10	34586689	T	G	0.492562	0.004385	0.00566	0.7747349823321554	0.4385	3146	CSF_tau
rs11003463	NA	NA	NA	NA	NA	NA	NA	NA	NA	NA	NA
rs2127609	10	52908686	G	A	0.118607	-0.01374	0.01081	-1.27104532839963	0.2038	3146	CSF_tau
rs12573018	10	55842553	C	T	0.666986	0.001187	0.006124	0.193828	0.8464	3146	CSF_tau
rs2588917	10	63524979	C	A	0.38155	-0.007520999999999999	0.0060479999999999996	-1.2435515873015872	0.2138	3146	CSF_tau
rs7924036	10	65191645	G	T	0.526919	0.004504	0.005604	0.803712	0.4216	3146	CSF_tau
rs10996167	10	66813928	C	G	0.35547	0.001707	0.0060420000000000005	0.28252234359483613	0.7776	3146	CSF_tau
rs7920624	10	67963186	A	T	0.44665	0.002646	0.005693999999999999	0.4647	0.6421	3146	CSF_tau
rs9415068	10	74113333	T	C	0.595923	-0.009069	0.005853	-1.54946	0.1214	3146	CSF_tau
rs2488697	10	77054052	T	C	0.67973	0.003223	0.006464	0.498608	0.6181	3146	CSF_tau
rs10786544	10	83243165	C	T	0.666911	-0.003502	0.005925	-0.591055	0.5544	3146	CSF_tau
rs7910403	10	87039251	G	T	0.178702	-0.010329999999999999	0.007164	-1.441931881630374	0.1495	3146	CSF_tau
rs1426619	10	90091540	C	T	0.450655	-6.037999999999999e-4	0.005765999999999999	-0.1047173083593479	0.9166	3146	CSF_tau
rs7077656	NA	NA	NA	NA	NA	NA	NA	NA	NA	NA	NA
rs506023	10	99696316	T	C	0.201063	0.0019140000000000001	0.0071010000000000005	0.26953950147866496	0.7875	3146	CSF_tau
rs17882802	10	101983413	G	A	0.407788	-0.00446	0.005871	-0.7596661556804634	0.4475	3146	CSF_tau
rs73344830	10	103816828	A	G	0.59793	0.002142	0.005659	0.378512	0.705	3146	CSF_tau
rs790647	10	106776484	C	A	0.232423	9.082000000000001e-4	0.006698999999999999	0.135572473503508	0.8922	3146	CSF_tau
rs12571549	10	111770013	G	A	0.103192	0.002426	0.008079000000000001	0.3002846886990964	0.764	3146	CSF_tau
rs1865955	10	118837990	C	T	0.826686	-0.001926	0.007319	-0.263151	0.7924	3146	CSF_tau
rs11594455	10	122597757	T	C	0.0565217	0.02567	0.01685	1.5234421364985162	0.1277	3146	CSF_tau
rs4384309	NA	NA	NA	NA	NA	NA	NA	NA	NA	NA	NA
rs12761761	10	133775375	C	T	0.22776	-0.0077670000000000005	0.006901999999999999	-1.125325992465952	0.2606	3146	CSF_tau
rs7083603	10	133938279	C	T	0.51634	-4.599e-4	0.006056000000000001	-0.07594121532364596	0.9395	3146	CSF_tau
rs10870290	NA	NA	NA	NA	NA	NA	NA	NA	NA	NA	NA
rs12765185	10	134977077	T	A	0.309628	-0.00509	0.006541	-0.7781684757682311	0.4365	3146	CSF_tau
rs12419444	NA	NA	NA	NA	NA	NA	NA	NA	NA	NA	NA
rs7928622	11	11670871	A	T	0.379041	-0.004535	0.0064010000000000004	-0.7084830495235119	0.4787	3146	CSF_tau
rs4757957	11	12881398	G	C	0.737368	0.00112	0.0061909999999999995	0.180908	0.8565	3146	CSF_tau
rs11023764	NA	NA	NA	NA	NA	NA	NA	NA	NA	NA	NA
rs7109593	11	24722990	A	G	0.25345	0.011179999999999999	0.006640000000000001	1.6837349397590358	0.09247999999999999	3146	CSF_tau
rs12789313	11	25058937	T	C	0.510174	0.002023	0.005628	0.35945273631840796	0.7193	3146	CSF_tau
rs11030102	11	27681596	C	G	0.219898	0.01036	0.006603	1.5689837952445855	0.1166	3146	CSF_tau
rs4923556	11	28687766	T	C	0.374818	0.007537	0.00603	1.249917081260365	0.2114	3146	CSF_tau
rs324291	11	29703452	T	C	0.435067	-0.005482	0.0058119999999999995	-0.9432209222298693	0.3456	3146	CSF_tau
rs2199409	11	39915234	T	C	0.173328	0.009076	0.006899	1.3155529786925644	0.1884	3146	CSF_tau
rs12224434	11	43157011	C	T	0.0520305	-0.01091	0.009923999999999999	-1.0993550987505039	0.2716	3146	CSF_tau
rs79728014	11	46062245	A	G	0.143349	-0.01231	0.008339	-1.4761961865931168	0.14	3146	CSF_tau
rs58385891	NA	NA	NA	NA	NA	NA	NA	NA	NA	NA	NA
rs1783976	11	57462752	T	C	0.593634	0.003773	0.00566	0.666608	0.5051	3146	CSF_tau
rs17827816	11	61464525	C	T	0.42792	-0.01158	0.0058119999999999995	-1.9924294562973162	0.046360000000000005	3146	CSF_tau
rs1058678	NA	NA	NA	NA	NA	NA	NA	NA	NA	NA	NA
rs181164682	NA	NA	NA	NA	NA	NA	NA	NA	NA	NA	NA
rs76878669	NA	NA	NA	NA	NA	NA	NA	NA	NA	NA	NA
rs72962169	NA	NA	NA	NA	NA	NA	NA	NA	NA	NA	NA
rs10899271	11	76441077	C	T	0.244902	-0.008443	0.006497	-1.2995228567030939	0.1938	3146	CSF_tau
rs79604156	11	79143687	A	G	0.0985481	0.008870999999999999	0.008974	0.9885223980387786	0.32299999999999995	3146	CSF_tau
rs10897561	NA	NA	NA	NA	NA	NA	NA	NA	NA	NA	NA
rs72941198	NA	NA	NA	NA	NA	NA	NA	NA	NA	NA	NA
rs1783805	11	90430375	T	G	0.341703	0.003954	0.005802000000000001	0.6814891416752843	0.4956	3146	CSF_tau
rs73538816	11	91825462	A	G	0.261248	0.0066489999999999995	0.006249	1.064010241638662	0.2874	3146	CSF_tau
rs1792337	11	92431686	T	C	0.301564	0.0018559999999999998	0.006014	0.30861323578317257	0.7577	3146	CSF_tau
rs488476	11	95543715	C	G	0.343023	-0.01108	0.005779	-1.917286727807579	0.055279999999999996	3146	CSF_tau
rs4754647	11	99714232	G	T	0.624909	-0.001718	0.0056549999999999994	-0.303802	0.7613	3146	CSF_tau
rs582479	11	105812436	T	C	0.611414	-0.001639	0.005787	-0.283221	0.777	3146	CSF_tau
rs12288600	11	107187963	C	A	0.232812	-0.005085	0.006711	-0.7577112203844435	0.4486	3146	CSF_tau
rs2212430	11	109289538	C	T	0.326664	-0.004228	0.0061979999999999995	-0.6821555340432398	0.4952	3146	CSF_tau
rs11213482	NA	NA	NA	NA	NA	NA	NA	NA	NA	NA	NA
rs17565975	11	111586950	G	A	0.547001	-0.004982	0.005711	-0.872352	0.3831	3146	CSF_tau
rs4561221	11	120444179	C	T	0.462605	0.009917	0.005848	1.6957934336525309	0.09004	3146	CSF_tau
rs10892807	NA	NA	NA	NA	NA	NA	NA	NA	NA	NA	NA
rs12574281	11	131205421	A	C	0.369463	-0.002344	0.006018	-0.38949817215021604	0.6969	3146	CSF_tau
rs78833645	NA	NA	NA	NA	NA	NA	NA	NA	NA	NA	NA
rs9633970	11	132502212	C	T	0.775994	0.007305	0.0070019999999999995	1.04327	0.2969	3146	CSF_tau
rs12273435	NA	NA	NA	NA	NA	NA	NA	NA	NA	NA	NA
rs7311746	12	947363	C	T	0.518909	0.002018	0.005693999999999999	0.3544081489286969	0.7231	3146	CSF_tau
rs4766424	12	1954096	C	G	0.911925	-0.0112	0.008489	-1.31935	0.1873	3146	CSF_tau
rs2239016	12	2283392	A	G	0.364978	-0.005489	0.006412999999999999	-0.855917667238422	0.3921	3146	CSF_tau
rs11053635	12	10300753	A	G	0.490737	6.048e-4	0.005946	0.10171543895055499	0.919	3146	CSF_tau
rs10772644	12	13417617	G	C	0.863041	-0.009152	0.009641	-0.949279	0.3426	3146	CSF_tau
rs7974852	12	14511679	A	C	0.398683	-0.00526	0.005629	-0.9344466157399182	0.3501	3146	CSF_tau
rs58368403	NA	NA	NA	NA	NA	NA	NA	NA	NA	NA	NA
rs17607432	NA	NA	NA	NA	NA	NA	NA	NA	NA	NA	NA
rs61920325	12	26721619	C	T	0.245818	-0.001778	0.007370999999999999	-0.24121557454890794	0.8094	3146	CSF_tau
rs7972246	12	27209328	C	T	0.334259	0.002109	0.00592	0.35625	0.7217	3146	CSF_tau
rs3844104	NA	NA	NA	NA	NA	NA	NA	NA	NA	NA	NA
rs10844179	12	32469601	A	G	0.727776	0.007619	0.006683	1.14006	0.2543	3146	CSF_tau
rs80257979	12	49402562	T	G	0.0716358	-0.008268000000000001	0.016669999999999997	-0.4959808038392323	0.62	3146	CSF_tau
rs11168862	NA	NA	NA	NA	NA	NA	NA	NA	NA	NA	NA
rs17110109	12	54668908	T	C	0.405047	0.0036030000000000003	0.005771	0.624328539247964	0.5324	3146	CSF_tau
rs1689510	12	56396768	G	C	0.313061	-5.355000000000001e-4	0.006032	-0.088776525198939	0.9293	3146	CSF_tau
rs3751331	12	58290278	G	A	0.368702	0.004508	0.005889	0.7654949906605535	0.444	3146	CSF_tau
rs11173452	12	60819044	T	G	0.191026	0.006038	0.007431	0.8125420535594132	0.4165	3146	CSF_tau
rs2951531	12	62474357	A	G	0.232064	-0.005154	0.006486	-0.7946345975948196	0.4269	3146	CSF_tau
rs1161092	12	67722012	G	A	0.658666	-0.00251	0.006032	-0.416114	0.6773	3146	CSF_tau
rs7954407	12	74127780	C	A	0.342717	-0.0032689999999999998	0.005928	-0.5514507422402158	0.5814	3146	CSF_tau
rs4600256	12	78612680	G	A	0.843555	-0.006414	0.007854	-0.816654	0.4142	3146	CSF_tau
rs11115053	12	82243872	C	T	0.159826	-0.003949	0.007659999999999999	-0.5155352480417755	0.6062	3146	CSF_tau
rs717996	12	84133820	C	T	0.497097	-0.006819	0.005799	-1.17589	0.2397	3146	CSF_tau
rs2216144	12	97666478	T	C	0.469328	-0.004289	0.005549	-0.7729320598306001	0.4396	3146	CSF_tau
rs10507090	NA	NA	NA	NA	NA	NA	NA	NA	NA	NA	NA
rs2131167	12	99633189	G	A	0.409553	-0.01377	0.00607	-2.268533772652389	0.02339	3146	CSF_tau
rs2098432	12	107677693	G	A	0.378683	-0.007470999999999999	0.005707	-1.3090940949710879	0.1906	3146	CSF_tau
rs7977614	12	110115286	A	G	0.246638	0.010020000000000001	0.006683	1.4993266497082152	0.134	3146	CSF_tau
rs145480052	12	111140401	C	T	0.0865173	-0.01403	0.009483	-1.4794896129916695	0.139	3146	CSF_tau
rs12310837	12	120880572	A	G	0.133599	-0.0054210000000000005	0.007333	-0.7392608754943407	0.4598	3146	CSF_tau
rs697854	NA	NA	NA	NA	NA	NA	NA	NA	NA	NA	NA
rs12830351	NA	NA	NA	NA	NA	NA	NA	NA	NA	NA	NA
rs10773208	12	122970156	T	C	0.758041	7.676e-4	0.006506999999999999	0.117965	0.9061	3146	CSF_tau
rs10773002	12	123746961	A	T	0.778324	-0.01074	0.006462000000000001	-1.66202	0.09676	3146	CSF_tau
rs10794424	12	132230857	C	G	0.513067	0.008764	0.005768	1.5194174757281553	0.1288	3146	CSF_tau
rs6490618	13	21338343	C	T	0.377592	0.00115	0.005986	0.19211493484797862	0.8476	3146	CSF_tau
rs1571188	13	31641831	C	T	0.516194	-0.001028	0.005738	-0.179157	0.8578	3146	CSF_tau
rs9529146	13	31785404	T	C	0.732652	-4.851e-4	0.006789	-0.0714538	0.943	3146	CSF_tau
rs12873895	13	36299419	A	G	0.138556	0.0027129999999999997	0.008217	0.3301691614944626	0.7413	3146	CSF_tau
rs9594624	13	42313317	C	T	0.310752	-8.625999999999999e-4	0.006007	-0.14359913434326618	0.8858	3146	CSF_tau
rs770381	13	51140911	G	A	0.552622	9.091e-4	0.005635	0.161331	0.8718	3146	CSF_tau
rs12552	13	53625781	A	G	0.589422	-0.007395	0.0061649999999999995	-1.19951	0.2304	3146	CSF_tau
rs12875339	13	55722033	A	C	0.335027	-2.3409999999999997e-4	0.0058850000000000005	-0.03977909940526762	0.9683	3146	CSF_tau
rs1334297	13	58335375	G	A	0.727883	0.002742	0.006426	0.42670400000000003	0.6696	3146	CSF_tau
rs9645948	13	62269878	T	C	0.395818	-0.006481000000000001	0.005836	-1.1105209047292668	0.2669	3146	CSF_tau
rs12864905	13	66933167	C	T	0.500363	-0.001375	0.005683	-0.2419496744677107	0.8088	3146	CSF_tau
rs7321274	13	69146186	A	G	0.190172	-0.0157	0.007276	-2.157778999450247	0.031030000000000002	3146	CSF_tau
rs9542674	13	71955743	G	T	0.265744	0.003761	0.00647	0.5812982998454405	0.5611	3146	CSF_tau
rs9530292	13	74831966	A	G	0.21683	0.0032	0.006383	0.5013316622277926	0.6161	3146	CSF_tau
rs2478208	13	81471113	G	C	0.576518	0.006701	0.006029	1.11146	0.2665	3146	CSF_tau
rs1927719	13	85822395	T	A	0.769203	-1.595e-4	0.0065569999999999995	-0.0243251	0.9806	3146	CSF_tau
rs7326331	13	91615838	G	A	0.3	-0.004035	0.006312	-0.6392585551330799	0.5227	3146	CSF_tau
rs11620355	13	92044587	G	A	0.112745	-0.0122	0.01069	-1.1412535079513566	0.2537	3146	CSF_tau
rs9516119	13	93331053	G	T	0.19615	-0.008556	0.007166	-1.1939715322355569	0.2325	3146	CSF_tau
rs9556958	13	99100046	C	T	0.488659	9.705e-4	0.005634	0.172258	0.8633	3146	CSF_tau
rs7984311	13	100741752	G	A	0.350909	0.004386	0.006222999999999999	0.7048047565482887	0.4811	3146	CSF_tau
rs4772462	13	103000035	G	C	0.188679	0.007548999999999999	0.006795000000000001	1.1109639440765267	0.2667	3146	CSF_tau
rs332649	13	108595347	G	A	0.551724	0.01377	0.005696	2.41749	0.01567	3146	CSF_tau
rs8004294	14	21824283	G	A	0.876862	-0.01195	0.009381	-1.27385	0.203	3146	CSF_tau
rs11157931	14	23403193	A	C	0.62064	0.004928	0.005879	0.838238	0.4019	3146	CSF_tau
rs178183	14	26979412	T	C	0.779673	-0.009448	0.006556	-1.44112	0.1497	3146	CSF_tau
rs176218	14	29600506	G	T	0.217241	0.00292	0.007072	0.41289592760180993	0.6797	3146	CSF_tau
rs3783297	14	30064026	T	C	0.360718	0.006464	0.005901	1.09540755804101	0.2734	3146	CSF_tau
rs1475067	14	34016771	G	A	0.444747	-4.814e-4	0.005784	-0.0832295988934993	0.9337	3146	CSF_tau
rs61994920	14	37125263	C	T	0.255721	-0.004654	0.006305	-0.7381443298969073	0.4605	3146	CSF_tau
rs72679494	14	40202513	C	T	0.0644283	-0.015080000000000001	0.0127	-1.1874015748031497	0.2353	3146	CSF_tau
rs72672601	14	42671683	A	G	0.464091	-6.188e-4	0.005804999999999999	-0.10659776055124894	0.9151	3146	CSF_tau
rs79099042	14	44758427	G	C	0.0862382	-0.008601000000000001	0.01013	-0.8490621915103653	0.3957	3146	CSF_tau
rs28432035	14	45307328	C	T	0.0749546	-0.008668	0.01182	-0.7333333333333333	0.4634	3146	CSF_tau
rs12885303	14	56467692	T	C	0.0758345	-0.007878	0.009322	-0.8450976185367945	0.3981	3146	CSF_tau
rs61997667	14	57280046	C	T	0.143117	-0.001857	0.00839	-0.22133492252681763	0.8249	3146	CSF_tau
rs2180870	14	58782779	T	C	0.114674	0.006940000000000001	0.008244	0.8418243571082	0.3999	3146	CSF_tau
rs4899012	14	61003889	G	C	0.661314	0.001921	0.005808	0.330751	0.7409	3146	CSF_tau
rs1256059	14	64710417	A	G	0.574437	-0.01107	0.005741	-1.92824	0.05387	3146	CSF_tau
rs1147444	14	66466707	C	T	0.385118	0.003399	0.006406	0.5305963159537933	0.5957	3146	CSF_tau
rs12888615	14	72435705	C	T	0.237732	-0.01154	0.007259000000000001	-1.5897506543601045	0.11199999999999999	3146	CSF_tau
rs2332752	14	72552726	G	C	0.917185	0.005629	0.01059	0.531539	0.595	3146	CSF_tau
rs8015382	14	73879279	A	G	0.710156	-0.001664	0.006414	-0.259432	0.7953	3146	CSF_tau
rs730384	14	74889870	G	A	0.413258	0.0036479999999999998	0.006224	0.5861182519280205	0.5579	3146	CSF_tau
rs2998299	14	84997363	T	G	0.767539	-0.007703	0.006851	-1.12436	0.261	3146	CSF_tau
rs6575022	14	89279099	A	G	0.572313	-0.00122	0.005824	-0.209478	0.8341	3146	CSF_tau
rs4904523	14	89723630	G	A	0.567297	-0.001082	0.005672	-0.190762	0.8487	3146	CSF_tau
rs12880900	14	89847011	C	T	0.532446	-0.0029579999999999997	0.00607	-0.4873146622734761	0.6261	3146	CSF_tau
rs2496482	NA	NA	NA	NA	NA	NA	NA	NA	NA	NA	NA
rs2277463	NA	NA	NA	NA	NA	NA	NA	NA	NA	NA	NA
rs2401044	NA	NA	NA	NA	NA	NA	NA	NA	NA	NA	NA
rs8008382	14	104054425	T	C	0.690229	1.504e-4	0.006176	0.0243523	0.9806	3146	CSF_tau
rs7167688	15	26813137	C	T	0.45537	0.001806	0.0055899999999999995	0.323077	0.7467	3146	CSF_tau
rs891793	15	27256021	G	C	0.519084	8.289e-4	0.005692	0.145625	0.8842	3146	CSF_tau
rs4068854	NA	NA	NA	NA	NA	NA	NA	NA	NA	NA	NA
rs2176783	15	37413999	A	G	0.233479	0.009745	0.006928	1.4066108545034641	0.1597	3146	CSF_tau
rs4924258	15	38696191	A	T	0.054262	-0.001149	0.01056	-0.10880681818181819	0.9134	3146	CSF_tau
rs12909095	15	43558142	A	G	0.194921	0.003508	0.006725	0.5216356877323419	0.602	3146	CSF_tau
rs6493265	15	47513253	C	T	0.344283	0.003012	0.005811	0.518327310273619	0.6042	3146	CSF_tau
rs35514320	15	51404934	G	A	0.423201	-0.004242	0.005825	-0.7282403433476394	0.4666	3146	CSF_tau
rs12438177	15	55951432	A	G	0.604499	0.002651	0.0058130000000000005	0.456047	0.6485	3146	CSF_tau
rs7171405	15	61466893	G	A	0.29902	-0.0047090000000000005	0.006573999999999999	-0.7163066626102831	0.4738	3146	CSF_tau
rs72745220	NA	NA	NA	NA	NA	NA	NA	NA	NA	NA	NA
rs4984295	15	63792023	T	C	0.17247	-0.0010689999999999999	0.008066	-0.1325316141829903	0.8946	3146	CSF_tau
rs12591647	15	65959729	T	C	0.221517	-0.01005	0.007312000000000001	-1.3744529540481398	0.1695	3146	CSF_tau
rs936228	15	75132164	T	C	0.664275	-0.007414	0.0061649999999999995	-1.2026	0.2292	3146	CSF_tau
rs2469226	15	77246990	T	A	0.238009	-0.005067	0.006995	-0.7243745532523231	0.4688	3146	CSF_tau
rs56391344	NA	NA	NA	NA	NA	NA	NA	NA	NA	NA	NA
rs28883606	15	82509054	A	G	0.389797	-0.002096	0.005797	-0.3615663274107297	0.7177	3146	CSF_tau
rs62009354	NA	NA	NA	NA	NA	NA	NA	NA	NA	NA	NA
rs4778058	NA	NA	NA	NA	NA	NA	NA	NA	NA	NA	NA
rs2575425	15	96397777	T	C	0.105044	-0.003312	0.009852	-0.33617539585870887	0.7368	3146	CSF_tau
rs4984541	NA	NA	NA	NA	NA	NA	NA	NA	NA	NA	NA
rs8030487	15	97119595	A	G	0.282112	0.0033880000000000004	0.006226	0.5441696113074206	0.5863	3146	CSF_tau
rs4984913	16	740466	A	G	0.311087	0.008824	0.006765	1.3043606799704361	0.1922	3146	CSF_tau
rs9933256	16	1246748	A	G	0.443472	0.0018809999999999999	0.005686	0.3308125219838199	0.7408	3146	CSF_tau
rs1859249	16	3563566	C	G	0.189542	0.005667	0.007273000000000001	0.7791832806269764	0.436	3146	CSF_tau
rs34098770	16	12237812	G	A	0.146151	0.005209	0.008029999999999999	0.6486924034869241	0.5166	3146	CSF_tau
rs9924758	16	13616484	G	C	0.65625	8.74e-4	0.006202	0.140922	0.8879	3146	CSF_tau
rs9927842	16	15153717	T	C	0.864441	0.003396	0.008006000000000001	0.424182	0.6715	3146	CSF_tau
rs6497339	16	19277493	A	T	0.58137	0.00818	0.006219	1.31532	0.1885	3146	CSF_tau
rs8049014	16	24698903	G	A	0.736162	-0.004353	0.006751999999999999	-0.644698	0.5192	3146	CSF_tau
rs4787457	16	28555400	A	G	0.417492	-0.008126999999999999	0.006059	-1.341310447268526	0.1799	3146	CSF_tau
rs67693285	NA	NA	NA	NA	NA	NA	NA	NA	NA	NA	NA
rs28612075	16	48768937	T	A	0.218261	0.001577	0.006998000000000001	0.22535010002857958	0.8217	3146	CSF_tau
rs2292156	16	49765133	G	T	0.13805	-6.703999999999999e-4	0.007667	-0.08743967653580278	0.9303	3146	CSF_tau
rs2052285	NA	NA	NA	NA	NA	NA	NA	NA	NA	NA	NA
rs3809634	16	53538157	A	G	0.313975	-0.004723	0.006097999999999999	-0.7745162348310922	0.4387	3146	CSF_tau
rs17248751	16	61579618	A	G	0.165701	-0.002741	0.007114	-0.3852965982569581	0.7001	3146	CSF_tau
rs9929556	16	62193640	T	G	0.42886	0.0017239999999999998	0.006151	0.28027962932856443	0.7792	3146	CSF_tau
rs818391	16	65439486	A	G	0.161349	-0.005966	0.006808	-0.8763219741480611	0.3809	3146	CSF_tau
rs7193537	16	67755808	A	G	0.179435	-2.701e-4	0.007883	-0.034263605226436636	0.9727	3146	CSF_tau
rs17604349	16	72210865	G	A	0.196772	-0.01816	0.007262	-2.5006885155604515	0.012459999999999999	3146	CSF_tau
rs4888010	NA	NA	NA	NA	NA	NA	NA	NA	NA	NA	NA
rs12149425	16	76247076	T	C	0.301668	-0.01	0.006312	-1.5842839036755387	0.1131	3146	CSF_tau
rs9929762	16	78169675	A	G	0.448069	-0.0127	0.005571	-2.2796625381439597	0.022690000000000002	3146	CSF_tau
rs11645901	NA	NA	NA	NA	NA	NA	NA	NA	NA	NA	NA
rs61527214	NA	NA	NA	NA	NA	NA	NA	NA	NA	NA	NA
rs74415461	16	89990843	C	T	0.0763089	-0.001289	0.010920000000000001	-0.11804029304029304	0.9059999999999999	3146	CSF_tau
rs8068017	17	1321116	T	C	0.693448	0.003838	0.0061070000000000004	0.628459	0.5298	3146	CSF_tau
rs2447097	NA	NA	NA	NA	NA	NA	NA	NA	NA	NA	NA
rs34400969	NA	NA	NA	NA	NA	NA	NA	NA	NA	NA	NA
rs17732878	17	7362359	T	C	0.169507	-0.003472	0.0068769999999999994	-0.5048713101643159	0.6137	3146	CSF_tau
rs62063062	17	8023025	A	G	0.0879898	-0.006116	0.009571	-0.639013687180023	0.5228	3146	CSF_tau
rs4924813	NA	NA	NA	NA	NA	NA	NA	NA	NA	NA	NA
rs12602286	17	19236954	G	T	0.867684	0.003135	0.009164	0.3421	0.7323	3146	CSF_tau
rs11653144	17	27675226	C	T	0.302359	0.003415	0.005896	0.5792062415196744	0.5625	3146	CSF_tau
rs1842713	17	33200385	A	G	0.217818	-0.0038350000000000003	0.006776999999999999	-0.565884609709311	0.5715	3146	CSF_tau
rs17619821	17	34944593	G	A	0.418245	0.0061259999999999995	0.005765999999999999	1.0624349635796047	0.2881	3146	CSF_tau
rs45530735	NA	NA	NA	NA	NA	NA	NA	NA	NA	NA	NA
rs11871429	17	42920929	A	G	0.243459	-0.008564	0.006827	-1.2544309359894537	0.2098	3146	CSF_tau
rs56319902	17	43871982	C	T	0.148202	-0.0031580000000000002	0.0071	-0.4447887323943662	0.6565	3146	CSF_tau
rs1008834	17	46968008	G	C	0.512244	0.009832	0.0057729999999999995	1.7031	0.08866	3146	CSF_tau
rs1359928	17	50386095	G	T	0.331157	-0.004399	0.005914	-0.7438282042610754	0.457	3146	CSF_tau
rs2320083	17	50746474	A	G	0.24373	-0.0037840000000000005	0.006876	-0.5503199534613148	0.5821	3146	CSF_tau
rs8071798	17	56153553	A	T	0.833575	0.01136	0.007684000000000001	1.4784	0.1394	3146	CSF_tau
rs56794817	17	60001978	G	A	0.18882	-0.001105	0.007670999999999999	-0.14404901577369317	0.8855	3146	CSF_tau
rs72845875	17	61639269	T	C	0.249817	0.0014960000000000002	0.0066560000000000005	0.2247596153846154	0.8222	3146	CSF_tau
rs2159911	17	65706501	C	T	0.760687	0.004488	0.006691	0.670752	0.5024	3146	CSF_tau
rs68145588	17	75864805	G	T	0.116309	0.005737	0.008915000000000001	0.6435221536735838	0.52	3146	CSF_tau
rs7406130	NA	NA	NA	NA	NA	NA	NA	NA	NA	NA	NA
rs11657342	NA	NA	NA	NA	NA	NA	NA	NA	NA	NA	NA
rs9797233	NA	NA	NA	NA	NA	NA	NA	NA	NA	NA	NA
rs11869798	NA	NA	NA	NA	NA	NA	NA	NA	NA	NA	NA
rs3936100	18	5872442	G	T	0.346672	0.01012	0.005915999999999999	1.7106152805949968	0.08732999999999999	3146	CSF_tau
rs12967010	NA	NA	NA	NA	NA	NA	NA	NA	NA	NA	NA
rs8097125	18	13005473	T	C	0.58847	-0.007628	0.005922	-1.28808	0.1978	3146	CSF_tau
rs303752	NA	NA	NA	NA	NA	NA	NA	NA	NA	NA	NA
rs10460095	18	22624708	G	A	0.53633	-1.656e-4	0.0058850000000000005	-0.0281393	0.9775	3146	CSF_tau
rs111852224	NA	NA	NA	NA	NA	NA	NA	NA	NA	NA	NA
rs7226824	18	27676827	C	T	0.574074	-0.01224	0.005567	-2.19867	0.027989999999999998	3146	CSF_tau
rs11082011	18	35145122	C	T	0.705828	0.004491	0.006168	0.728113	0.4666	3146	CSF_tau
rs74782457	18	36904982	C	T	0.14311	-0.004953	0.007756	-0.638602372356885	0.5231	3146	CSF_tau
rs12957463	18	37412228	A	G	0.239485	-0.00704	0.006939	-1.014555411442571	0.3104	3146	CSF_tau
rs4890239	18	40160038	A	T	0.679118	-0.006528	0.006268	-1.04148	0.2977	3146	CSF_tau
rs2247784	18	44746997	G	A	0.423747	0.00355	0.005614	0.6323477021731386	0.5272	3146	CSF_tau
rs10469016	18	50326885	G	A	0.149709	-0.004671	0.007437999999999999	-0.6279913955364346	0.5301	3146	CSF_tau
rs17411339	18	50807359	A	G	0.478955	-0.002212	0.005835	-0.3790916880891174	0.7046	3146	CSF_tau
rs35691742	18	53303546	T	G	0.55078	0.005591	0.005625	0.993956	0.3204	3146	CSF_tau
rs8095129	18	62492835	A	G	0.626952	0.006717	0.005713	1.17574	0.2398	3146	CSF_tau
rs72944064	18	63516255	T	C	0.279192	-0.003826	0.006601999999999999	-0.5795213571644957	0.5623	3146	CSF_tau
rs7227792	18	64330079	C	A	0.431223	-0.007781000000000001	0.005804	-1.3406271536871124	0.1801	3146	CSF_tau
rs2554835	NA	NA	NA	NA	NA	NA	NA	NA	NA	NA	NA
rs11081529	18	75902735	T	C	0.315502	0.001891	0.0068920000000000006	0.274376088218224	0.7838	3146	CSF_tau
rs2447435	18	76744831	T	C	0.778745	-0.003172	0.0071849999999999995	-0.441475	0.6589	3146	CSF_tau
rs75631874	18	77439239	G	C	0.0376912	0.0161	0.01305	1.2337164750957854	0.2175	3146	CSF_tau
rs11663602	18	77578191	C	A	0.292198	0.001006	0.006405	0.1570647931303669	0.8752	3146	CSF_tau
rs4807189	NA	NA	NA	NA	NA	NA	NA	NA	NA	NA	NA
rs56291613	19	2323197	G	A	0.367782	-0.002843	0.005947999999999999	-0.4779757901815737	0.6328	3146	CSF_tau
rs75177132	NA	NA	NA	NA	NA	NA	NA	NA	NA	NA	NA
rs2602735	19	4947426	G	A	0.138254	0.003239	0.0072180000000000005	0.4487392629537268	0.6537	3146	CSF_tau
rs2287838	19	9959014	G	A	0.602004	0.004473	0.005738	0.77954	0.4357	3146	CSF_tau
rs12151248	NA	NA	NA	NA	NA	NA	NA	NA	NA	NA	NA
rs62120394	19	18338709	G	A	0.27992	-0.00672	0.0064670000000000005	-1.0391216947580022	0.2988	3146	CSF_tau
rs12981405	19	19651577	C	T	0.167333	0.005207	0.0076	0.6851315789473684	0.4933	3146	CSF_tau
rs7254263	NA	NA	NA	NA	NA	NA	NA	NA	NA	NA	NA
rs3859523	19	32972296	C	T	0.816909	0.002834	0.007684999999999999	0.36877	0.7123	3146	CSF_tau
rs173003	19	36240960	A	C	0.517311	0.008363	0.005681	1.4721	0.1411	3146	CSF_tau
rs2278433	NA	NA	NA	NA	NA	NA	NA	NA	NA	NA	NA
rs76246107	NA	NA	NA	NA	NA	NA	NA	NA	NA	NA	NA
rs17516383	NA	NA	NA	NA	NA	NA	NA	NA	NA	NA	NA
rs192436652	NA	NA	NA	NA	NA	NA	NA	NA	NA	NA	NA
rs73075037	NA	NA	NA	NA	NA	NA	NA	NA	NA	NA	NA
rs1108641	20	14702391	C	T	0.718932	-0.002181	0.006037	-0.361272	0.718	3146	CSF_tau
rs6135558	20	15797818	A	G	0.462237	-0.009239	0.006021	-1.5344627138349112	0.125	3146	CSF_tau
rs175325	NA	NA	NA	NA	NA	NA	NA	NA	NA	NA	NA
rs57485242	20	34185296	C	G	0.104651	-0.002248	0.010159999999999999	-0.22125984251968506	0.8249	3146	CSF_tau
rs4369924	20	41954383	G	A	0.129985	0.0035960000000000002	0.007943	0.4527256704016115	0.6508	3146	CSF_tau
rs6065784	20	43717435	C	G	0.335646	-0.001227	0.006019	-0.20385446087389933	0.8385	3146	CSF_tau
rs3092073	20	44595649	G	A	0.439444	-0.0033799999999999998	0.005678	-0.5952800281789362	0.5516	3146	CSF_tau
rs4810894	20	47532999	A	G	0.614644	-0.001105	0.005921	-0.186624	0.8519	3146	CSF_tau
rs4811076	20	49109845	A	G	0.548381	0.007783	0.006023	1.29221	0.1964	3146	CSF_tau
rs6123924	20	58219764	A	G	0.141664	0.0077599999999999995	0.008391	0.9248003813609821	0.3552	3146	CSF_tau
rs6065080	20	59832791	T	C	0.625818	-0.01001	0.005871	-1.70499	0.0884	3146	CSF_tau
rs6061580	20	60058986	C	T	0.0603698	0.0179	0.01178	1.5195246179966042	0.1287	3146	CSF_tau
rs6061619	NA	NA	NA	NA	NA	NA	NA	NA	NA	NA	NA
rs13050131	21	20018118	C	A	0.681686	0.003736	0.005942	0.628745	0.5296	3146	CSF_tau
rs232496	21	22734409	T	C	0.613139	-0.007373	0.005871	-1.25583	0.2093	3146	CSF_tau
rs1544	21	33085585	G	A	0.235401	-0.004424	0.006906	-0.6406023747465972	0.5219	3146	CSF_tau
rs2834247	21	35056729	G	A	0.265251	3.9410000000000004e-4	0.006934999999999999	0.05682768565248739	0.9547	3146	CSF_tau
rs743316	21	35252696	T	C	0.226329	-0.004364	0.00688	-0.6343023255813953	0.5259	3146	CSF_tau
rs2838006	21	42653567	T	C	0.620783	-0.001521	0.005909	-0.257404	0.7969	3146	CSF_tau
rs8130074	21	46498684	C	G	0.669029	-4.238e-4	0.006057	-0.0699686	0.9442	3146	CSF_tau
rs2297293	21	47125046	C	G	0.641352	-0.002666	0.006501000000000001	-0.410091	0.6818	3146	CSF_tau
rs638956	NA	NA	NA	NA	NA	NA	NA	NA	NA	NA	NA
rs737945	22	30202774	G	C	0.414114	0.006441	0.005649	1.1402018056293148	0.2543	3146	CSF_tau
rs7288964	22	31419209	A	G	0.74764	0.00181	0.006628	0.273084	0.7848	3146	CSF_tau
rs5754753	22	34296751	C	T	0.769482	0.005211	0.006374	0.81754	0.4136	3146	CSF_tau
rs66792787	22	38817857	A	G	0.109894	0.01616	0.01037	1.558341369334619	0.1192	3146	CSF_tau
rs143743568	NA	NA	NA	NA	NA	NA	NA	NA	NA	NA	NA
rs11912357	NA	NA	NA	NA	NA	NA	NA	NA	NA	NA	NA
rs137079	22	42977907	C	T	0.114115	0.011590000000000001	0.008013	1.4463996006489457	0.1483	3146	CSF_tau
rs1894544	NA	NA	NA	NA	NA	NA	NA	NA	NA	NA	NA
rs9616947	22	51151631	C	T	0.405784	0.005993	0.006342	0.944970040996531	0.3448	3146	CSF_tau
