$`Main MR results`
       Exposure       MR Analysis Causal Estimate         Sd     T-stat
1 beta.exposure               Raw    0.0230715799 0.01561369 1.47765107
2 beta.exposure Outlier-corrected    0.0005600716 0.01621657 0.03453698
    P-value
1 0.1434274
2 0.9725361

$`MR-PRESSO results`
$`MR-PRESSO results`$`Global Test`
$`MR-PRESSO results`$`Global Test`$RSSobs
[1] 117.0862

$`MR-PRESSO results`$`Global Test`$Pvalue
[1] 0.0085


$`MR-PRESSO results`$`Outlier Test`
         RSSobs Pvalue
1  1.876468e-06      1
2  3.759615e-04      1
3  7.392027e-05      1
4  3.802532e-06      1
5  4.983105e-05      1
6  3.049146e-05      1
7  5.215582e-05      1
8  3.827672e-07      1
9  1.364620e-06      1
10 4.359234e-05      1
11 1.649873e-04      1
12 9.998107e-06      1
13 8.100448e-06      1
14 1.663290e-04      1
15 2.080091e-06      1
16 3.665867e-05      1
17 7.145628e-05      1
18 1.326835e-05      1
19 5.497125e-05      1
20 4.045003e-05      1
21 7.894834e-07      1
22 4.870182e-06      1
23 3.265947e-05      1
24 4.643314e-07      1
25 2.115331e-05      1
26 2.161236e-07      1
27 4.577359e-05      1
28 2.259210e-05      1
29 4.949058e-06      1
30 1.816304e-04      1
31 7.022367e-07      1
32 1.047045e-06      1
33 1.846771e-06      1
34 5.797446e-05      1
35 7.802670e-06      1
36 9.014035e-05      1
37 6.371212e-05      1
38 3.526256e-05      1
39 5.893313e-07      1
40 1.412000e-05      1
41 1.725008e-06      1
42 7.855321e-06      1
43 2.204853e-04      1
44 1.364911e-08      1
45 1.267373e-06      1
46 2.026817e-06      1
47 5.843227e-05      1
48 1.649539e-04      1
49 2.132321e-04 0.6642
50 6.191211e-05      1
51 3.137298e-05      1
52 3.000947e-07      1
53 4.376969e-06      1
54 3.360686e-04 0.4455
55 3.817153e-06      1
56 4.395171e-05      1
57 3.383063e-04 0.7776
58 7.853121e-07      1
59 8.787155e-05      1
60 5.654660e-05      1
61 9.078686e-07      1
62 9.519692e-05      1
63 3.254181e-05      1
64 7.716033e-05      1
65 5.412412e-05      1
66 2.452601e-04      1
67 7.924361e-05      1
68 4.487942e-06      1
69 2.291609e-03 0.0324
70 4.692094e-06      1
71 3.515250e-05      1
72 1.368801e-03      1
73 1.468344e-08      1
74 6.650023e-05      1
75 3.252255e-05      1
76 9.641953e-06      1
77 1.034719e-04      1
78 5.448316e-05      1
79 1.123644e-04      1
80 3.334989e-04      1
81 3.116214e-07      1

$`MR-PRESSO results`$`Distortion Test`
$`MR-PRESSO results`$`Distortion Test`$`Outliers Indices`
[1] 69

$`MR-PRESSO results`$`Distortion Test`$`Distortion Coefficient`
beta.exposure 
     4019.398 

$`MR-PRESSO results`$`Distortion Test`$Pvalue
[1] 0.0096



