$`Main MR results`
       Exposure       MR Analysis Causal Estimate         Sd   T-stat
1 beta.exposure               Raw      0.02414356 0.01398799 1.726021
2 beta.exposure Outlier-corrected              NA         NA       NA
     P-value
1 0.08689614
2         NA

$`MR-PRESSO results`
$`MR-PRESSO results`$`Global Test`
$`MR-PRESSO results`$`Global Test`$RSSobs
[1] 157.9504

$`MR-PRESSO results`$`Global Test`$Pvalue
[1] 0.0197


$`MR-PRESSO results`$`Outlier Test`
          RSSobs Pvalue
1   2.210762e-06      1
2   1.836383e-06      1
3   2.055645e-06      1
4   3.772207e-04      1
5   7.325264e-05      1
6   4.513214e-06      1
7   3.907388e-06      1
8   4.940356e-05      1
9   3.010953e-05      1
10  1.473978e-05      1
11  5.299420e-05      1
12  3.215231e-07      1
13  1.457540e-06      1
14  1.202621e-07      1
15  4.316164e-05      1
16  1.633071e-04      1
17  2.279722e-05      1
18  1.027983e-05      1
19  7.915547e-06      1
20  5.736713e-05      1
21  1.623765e-06      1
22  3.032698e-05      1
23  1.670305e-04      1
24  9.845667e-05      1
25  1.125956e-04      1
26  2.191693e-06      1
27  3.730652e-05      1
28  7.076881e-05      1
29  1.309305e-05      1
30  9.104004e-07      1
31  5.398743e-05      1
32  1.632155e-05      1
33  3.416694e-05      1
34  4.099765e-05      1
35  2.381030e-05      1
36  6.842818e-07      1
37  4.366422e-06      1
38  1.932007e-05      1
39  3.331771e-05      1
40  4.165704e-07      1
41  2.046349e-05      1
42  2.363209e-07      1
43  4.635465e-05      1
44  2.302158e-05      1
45  4.665666e-06      1
46  1.842440e-04      1
47  6.378131e-07      1
48  1.738871e-06      1
49  9.778748e-07      1
50  1.937397e-06      1
51  2.603625e-05      1
52  5.849280e-05      1
53  2.182832e-05      1
54  7.397829e-06      1
55  7.630344e-06      1
56  3.882445e-05      1
57  5.089183e-05      1
58  9.090577e-05      1
59  6.298140e-05      1
60  3.563910e-05      1
61  5.254711e-07      1
62  1.384256e-05      1
63  1.849859e-06      1
64  1.286736e-04      1
65  8.068258e-06      1
66  1.518237e-04      1
67  2.224655e-04      1
68  6.904995e-05      1
69  2.011570e-08      1
70  1.343641e-06      1
71  8.463124e-08      1
72  1.918912e-06      1
73  2.150210e-04      1
74  5.765745e-05      1
75  8.034363e-05      1
76  1.657464e-04      1
77  5.086081e-05      1
78  4.604214e-05      1
79  2.137806e-04  0.976
80  3.728341e-06      1
81  6.245233e-05      1
82  3.104912e-05      1
83  3.769636e-06      1
84  3.348310e-07      1
85  1.377370e-06      1
86  1.292341e-05      1
87  4.512236e-06      1
88  3.356403e-04 0.6954
89  3.641834e-06      1
90  8.579443e-06      1
91  4.467240e-05      1
92  3.363925e-04      1
93  8.461631e-07      1
94  1.270231e-04      1
95  8.852473e-05      1
96  5.765158e-05      1
97  8.565240e-07      1
98  9.695587e-05      1
99  3.132082e-05      1
100 7.661076e-05      1
101 5.350294e-05      1
102 2.430439e-04      1
103 7.869478e-05      1
104 4.707611e-06      1
105 2.131823e-03 0.1098
106 8.038850e-06      1
107 4.378003e-06      1
108 1.373011e-04      1
109 3.554549e-05      1
110 1.348757e-03      1
111 2.403061e-08      1
112 6.711375e-05      1
113 3.302975e-05      1
114 9.437540e-06      1
115 7.664168e-05      1
116 4.146689e-08      1
117 1.026701e-04      1
118 5.353495e-05      1
119 1.128594e-04      1
120 3.348171e-04      1
121 4.350214e-06      1
122 2.170266e-07      1

$`MR-PRESSO results`$`Distortion Test`
$`MR-PRESSO results`$`Distortion Test`$`Outliers Indices`
[1] "No significant outliers"

$`MR-PRESSO results`$`Distortion Test`$`Distortion Coefficient`
[1] NA

$`MR-PRESSO results`$`Distortion Test`$Pvalue
[1] NA



