$`Main MR results`
       Exposure       MR Analysis Causal Estimate       Sd    T-stat   P-value
1 beta.exposure               Raw        2266.249 2614.453 0.8668156 0.3885421
2 beta.exposure Outlier-corrected        2320.441 2372.120 0.9782138 0.3308812

$`MR-PRESSO results`
$`MR-PRESSO results`$`Global Test`
$`MR-PRESSO results`$`Global Test`$RSSobs
[1] 165.9101

$`MR-PRESSO results`$`Global Test`$Pvalue
[1] "<1e-04"


$`MR-PRESSO results`$`Outlier Test`
         RSSobs  Pvalue
1  2.640356e+05  0.1596
2  8.602911e+03       1
3  3.911591e+01       1
4  1.094719e+02       1
5  5.919549e+02       1
6  1.201302e+04       1
7  1.356138e+04       1
8  1.599434e+04       1
9  9.813313e+03       1
10 3.341777e+03       1
11 4.529794e+03       1
12 1.966794e+04       1
13 2.285573e+04       1
14 2.609603e+04       1
15 5.810801e+03       1
16 1.126889e+04       1
17 2.548095e+02       1
18 8.827936e+03       1
19 6.470647e+03       1
20 8.591847e+02       1
21 2.709519e+04       1
22 2.474501e+04       1
23 7.180686e+03       1
24 1.015770e+06 <0.0084
25 1.641198e+04       1
26 5.245770e+04       1
27 2.909362e+04       1
28 3.575227e+03       1
29 1.003398e+05       1
30 3.330953e+05       1
31 1.415126e+03       1
32 6.390692e+04       1
33 2.134767e+04       1
34 1.063842e+05       1
35 7.411462e+04       1
36 2.395699e+02       1
37 8.767541e+04       1
38 3.888161e+04       1
39 2.739388e+01       1
40 2.790984e+04       1
41 8.333535e+05       1
42 6.441492e+01       1
43 4.384901e+03       1
44 1.684758e+05  0.0252
45 5.998286e+04       1
46 1.074653e+04       1
47 1.817336e+03       1
48 1.434325e+04       1
49 2.676170e+03       1
50 3.427971e+04       1
51 1.327684e+02       1
52 1.126876e+05   0.462
53 3.301723e+04       1
54 2.161246e+04       1
55 2.798770e+04       1
56 1.669803e+04       1
57 5.575235e+03       1
58 2.977984e+03       1
59 2.600077e+03       1
60 1.289183e+04       1
61 5.010572e+03       1
62 4.652406e+04       1
63 1.739284e+04       1
64 1.792023e+03       1
65 3.765989e+03       1
66 3.665348e+05       1
67 1.835932e+00       1
68 2.599452e+04       1
69 3.002868e+04       1
70 4.695475e+04       1
71 5.847872e+03       1
72 1.067888e+05       1
73 9.187062e+02       1
74 1.082503e+05       1
75 4.119971e+03       1
76 7.172816e+02       1
77 7.120770e+03       1
78 2.824029e+04       1
79 1.284833e+05  0.0588
80 5.016293e+03       1
81 4.189552e+04       1
82 3.195617e+04       1
83 2.411470e+04       1
84 8.982715e+00       1

$`MR-PRESSO results`$`Distortion Test`
$`MR-PRESSO results`$`Distortion Test`$`Outliers Indices`
[1] 24 44

$`MR-PRESSO results`$`Distortion Test`$`Distortion Coefficient`
beta.exposure 
    -2.335425 

$`MR-PRESSO results`$`Distortion Test`$Pvalue
[1] 0.9813



