SNP	CHR	POS	Effect_allele	Non_Effect_allele	EAF	Beta	SE	P	r2	N
rs10789062	1	58914980	T	C	0.2021	-0.0208	0.0202	0.3012	1.395312369152e-4	54162
rs10191160	2	224802504	G	A	0.819	-0.0131	0.0242	0.5878	5.087858958000002e-5	54162
rs579837	3	7009205	T	C	0.0867	-0.0042	0.0317	0.8947	2.7935801207999994e-6	54162
rs78323057	4	11184331	C	G	0.0455	-0.0164	0.0535	0.7598	2.3361731120000003e-5	54162
rs1229984	4	100239319	T	C	0.0576	0.0444	0.0424	0.295	2.140196732928e-4	54162
rs147909804	NA	NA	NA	NA	NA	NA	NA	NA	NA	NA
rs1028427	6	52383676	A	G	0.2769	0.0044	0.0173	0.8004	7.7527658208e-6	54162
rs111312143	8	66500288	A	C	0.0591	0.0115	0.0404	0.7754	1.4708101754999999e-5	54162
rs4590429	8	69409738	C	T	0.6187	-0.029	0.016	0.06963	3.9680114142e-4	54162
rs2006682	9	6227045	G	C	0.6956	0.0291	0.0175	0.09563	3.5860818271680003e-4	54162
rs13296886	9	84338045	G	C	0.9133	0.0253	0.0275	0.3575	1.0136863375979999e-4	54162
rs79171978	12	17798824	C	G	0.101	0.0416	0.0258	0.1069	3.1426623488e-4	54162
rs9571413	13	34888192	G	C	0.96	0.0088	0.0355	0.804	5.947392000000005e-6	54162
rs187025437	NA	NA	NA	NA	NA	NA	NA	NA	NA	NA
rs870089	14	57891292	G	C	0.87	-0.018	0.0238	0.4497	7.32888e-5	54162
rs77694582	14	102895904	A	G	0.0316	0.0349	0.0454	0.4414	7.454571986880001e-5	54162
rs56328486	16	17406306	T	C	0.12	-0.0224	0.027	0.406	1.0597171199999999e-4	54162
rs7240201	18	8509783	T	C	0.2578	0.0034	0.019	0.8586	4.423761379199999e-6	54162
rs8088633	18	72946216	A	G	0.0263	0.0522	0.0503	0.2998	1.3955709484080004e-4	54162
rs5768156	22	48314463	A	G	0.3935	0.0282	0.016	0.0772	3.7958037822000005e-4	54162
