$`Main MR results`
       Exposure       MR Analysis Causal Estimate        Sd   T-stat    P-value
1 beta.exposure               Raw       0.3264433 0.1296851 2.517200 0.01345107
2 beta.exposure Outlier-corrected       0.2882237 0.1244365 2.316231 0.02265079

$`MR-PRESSO results`
$`MR-PRESSO results`$`Global Test`
$`MR-PRESSO results`$`Global Test`$RSSobs
[1] 133.288

$`MR-PRESSO results`$`Global Test`$Pvalue
[1] 0.0155


$`MR-PRESSO results`$`Outlier Test`
         RSSobs Pvalue
1  1.805699e-03      1
2  6.095153e-03      1
3  4.585900e-02      1
4  2.159495e-02 0.2673
5  4.026656e-03      1
6  3.488150e-04      1
7  1.625987e-03      1
8  8.018846e-03      1
9  1.800022e-03      1
10 3.166580e-04      1
11 5.695884e-04      1
12 5.514267e-02 0.3366
13 1.113201e-03      1
14 8.359932e-03      1
15 4.272558e-04      1
16 2.950469e-03      1
17 1.363870e-04      1
18 1.870032e-03      1
19 4.345885e-03      1
20 6.671284e-06      1
21 5.212143e-03      1
22 5.128781e-04      1
23 1.131027e-03      1
24 1.457855e-03      1
25 2.258071e-03      1
26 1.435553e-03      1
27 2.916384e-04      1
28 1.341474e-03      1
29 1.418447e-02      1
30 7.445602e-03      1
31 1.823139e-03      1
32 7.810062e-03      1
33 9.546468e-04      1
34 1.808761e-03      1
35 1.195039e-04      1
36 3.859354e-04      1
37 5.015818e-01      1
38 3.391516e-03      1
39 5.570735e-05      1
40 7.907440e-04      1
41 3.173345e-03      1
42 3.264034e-05      1
43 7.962023e-04      1
44 9.252797e-04      1
45 9.884157e-04      1
46 4.955475e-02      1
47 1.182560e-03      1
48 5.843826e-04      1
49 2.426664e-04      1
50 1.159996e-04      1
51 5.569236e-04      1
52 5.926823e-03      1
53 7.693423e-03      1
54 2.682933e-03      1
55 9.795433e-04      1
56 3.437692e-04      1
57 4.805140e-03      1
58 1.851715e-07      1
59 2.263242e-03      1
60 3.333987e-03      1
61 4.000830e-03      1
62 2.634208e-03      1
63 4.785525e-03      1
64 2.445768e-03      1
65 6.360458e-03      1
66 3.756334e-03      1
67 4.600189e-04      1
68 5.429443e-04      1
69 1.177333e-04      1
70 2.914082e-04      1
71 3.318425e-05      1
72 1.891265e-03      1
73 8.311942e-04      1
74 7.684623e-04      1
75 1.984296e-03      1
76 1.343267e-02      1
77 2.594886e-03      1
78 2.591199e-03      1
79 1.397436e-04      1
80 6.297269e-03      1
81 2.392827e-04      1
82 1.602948e-03      1
83 1.331972e-03      1
84 3.768358e-03      1
85 3.304186e-03      1
86 4.935316e-02      1
87 5.546116e-03      1
88 4.512008e-01 0.0396
89 1.528056e-02 0.5742
90 7.159068e-04      1
91 3.691049e-04      1
92 1.173186e-03      1
93 2.204705e-02      1
94 2.727080e-02 0.4851
95 1.247520e-03      1
96 2.968586e-03      1
97 1.963926e-03      1
98 1.026883e-02      1
99 4.679538e-04      1

$`MR-PRESSO results`$`Distortion Test`
$`MR-PRESSO results`$`Distortion Test`$`Outliers Indices`
[1] 88

$`MR-PRESSO results`$`Distortion Test`$`Distortion Coefficient`
beta.exposure 
     13.26041 

$`MR-PRESSO results`$`Distortion Test`$Pvalue
[1] 0.734



