SNP	CHROM	POS	REF	ALT	AF	BETA	SE	Z	P	N	TRAIT
rs78520929	NA	NA	NA	NA	NA	NA	NA	NA	NA	NA	NA
rs112725535	1	6494086	G	A	0.16321	-0.01616	0.0072829999999999995	-2.2188658519840727	0.02655	3146	CSF_ab42
rs12027345	1	46239991	G	A	0.485499	0.005234	0.005382	0.9725009290226682	0.3309	3146	CSF_ab42
rs475788	1	88748147	G	A	0.681851	0.008183	0.005856	1.39737	0.1624	3146	CSF_ab42
rs149871135	NA	NA	NA	NA	NA	NA	NA	NA	NA	NA	NA
rs112344141	1	154983036	T	G	0.037609	-0.0074129999999999995	0.01595	-0.46476489028213164	0.6421	3146	CSF_ab42
rs7525101	1	165109131	C	T	0.499636	0.0065959999999999994	0.0065060000000000005	1.013833384568091	0.3108	3146	CSF_ab42
rs1930287	NA	NA	NA	NA	NA	NA	NA	NA	NA	NA	NA
rs823116	1	205720483	G	A	0.563362	-0.002659	0.005405	-0.491952	0.6228	3146	CSF_ab42
rs10927035	1	243703982	C	T	0.63671	0.008086	0.0060420000000000005	1.3383	0.1809	3146	CSF_ab42
rs55914108	2	5894781	A	G	0.278446	-0.002023	0.00722	-0.2801939058171745	0.7794	3146	CSF_ab42
rs6727631	2	43470408	C	T	0.158143	-2.146e-5	0.006481999999999999	-0.0033107065720456657	0.9974	3146	CSF_ab42
rs354196	NA	NA	NA	NA	NA	NA	NA	NA	NA	NA	NA
rs11675512	2	104605219	A	T	0.120646	0.0056619999999999995	0.009401000000000001	0.6022763535794063	0.547	3146	CSF_ab42
rs1483141	2	142287827	G	T	0.619004	0.002392	0.005477	0.436735	0.6623	3146	CSF_ab42
rs62188635	2	208082510	C	T	0.52243	0.00316	0.005841	0.541003	0.5885	3146	CSF_ab42
rs16848458	2	213227254	T	C	0.126323	-0.01636	0.007790999999999999	-2.099858811449108	0.03581	3146	CSF_ab42
rs881026	NA	NA	NA	NA	NA	NA	NA	NA	NA	NA	NA
rs185305370	NA	NA	NA	NA	NA	NA	NA	NA	NA	NA	NA
rs13065253	3	71421814	G	T	0.316709	-0.0037119999999999996	0.006177	-0.6009389671361501	0.5479	3146	CSF_ab42
rs13093972	3	114987255	A	G	0.410857	0.0021550000000000002	0.0058590000000000005	0.36781020651988394	0.7131	3146	CSF_ab42
rs3942629	3	121724038	G	A	0.26123	-0.004848	0.006854000000000001	-0.7073241902538663	0.4794	3146	CSF_ab42
rs55853808	3	182053946	A	G	0.170588	0.01168	0.008284	1.4099468855625301	0.1585	3146	CSF_ab42
rs35414371	4	17530692	T	A	0.141219	0.001927	0.007855	0.24532145130490135	0.8062	3146	CSF_ab42
rs2140147	4	57792682	G	A	0.614865	0.005577	0.005416	1.02973	0.3032	3146	CSF_ab42
rs10475169	5	2555514	A	C	0.126722	0.01267	0.008371	1.5135587146099632	0.1302	3146	CSF_ab42
rs143557844	NA	NA	NA	NA	NA	NA	NA	NA	NA	NA	NA
rs6453022	5	73076511	C	A	0.477856	0.005854	0.005268	1.11124	0.2666	3146	CSF_ab42
rs59247093	5	91832192	G	A	0.421455	-9.903e-4	0.00595	-0.16643697478991595	0.8678	3146	CSF_ab42
rs306574	5	94049523	A	G	0.505087	-0.004929	0.0052439999999999995	-0.939931	0.3473	3146	CSF_ab42
rs7706429	5	107586783	A	G	0.759098	5.005e-4	0.005778	0.0866217	0.9309999999999999	3146	CSF_ab42
rs13171669	5	148601243	A	G	0.387659	-0.01695	0.006075	-2.7901234567901234	0.0053159999999999995	3146	CSF_ab42
rs72828337	5	149042673	T	A	0.0990207	0.003107	0.009434	0.32934068263726946	0.7419	3146	CSF_ab42
rs7702534	5	158857473	T	G	0.771885	-0.006156	0.006741	-0.913218	0.3612	3146	CSF_ab42
rs112467094	5	168960943	G	T	0.0598859	-0.015609999999999999	0.01211	-1.2890173410404624	0.1974	3146	CSF_ab42
rs4976666	5	176358608	T	C	0.921291	0.009855	0.008634000000000001	1.14142	0.2538	3146	CSF_ab42
rs12660376	6	16771451	T	C	0.0223393	-0.01209	0.01636	-0.738997555012225	0.4599	3146	CSF_ab42
rs1928176	6	21968899	A	G	0.49582	-0.0024460000000000003	0.005863	-0.417192563534027	0.6765	3146	CSF_ab42
rs13204736	NA	NA	NA	NA	NA	NA	NA	NA	NA	NA	NA
rs62646255	NA	NA	NA	NA	NA	NA	NA	NA	NA	NA	NA
rs217287	6	84407466	C	T	0.460436	-0.006852	0.0054329999999999995	-1.2611816675869685	0.2073	3146	CSF_ab42
rs7755649	6	107818864	G	A	0.860131	0.01496	0.007069	2.11628	0.0344	3146	CSF_ab42
rs9493627	6	133789728	G	A	0.295926	0.005361	0.005593	0.9585195780439836	0.3379	3146	CSF_ab42
rs6934436	6	136257057	G	A	0.405229	-3.165e-4	0.005259000000000001	-0.06018254420992583	0.9520000000000001	3146	CSF_ab42
rs2236401	6	158504981	C	T	0.500911	-0.009329	0.0053560000000000005	-1.74178	0.08162	3146	CSF_ab42
rs55906803	7	3712744	C	T	0.338863	-0.00613	0.005446	-1.12559676827029	0.2604	3146	CSF_ab42
rs11773306	7	19987449	G	C	0.322508	9.490999999999999e-4	0.005659	0.16771514401837778	0.8668	3146	CSF_ab42
rs4947828	7	50805115	T	G	0.770334	-0.01504	0.006534999999999999	-2.30145	0.02143	3146	CSF_ab42
rs13247891	NA	NA	NA	NA	NA	NA	NA	NA	NA	NA	NA
rs274625	7	86276142	C	A	0.554024	-0.002188	0.005464	-0.400439	0.6889	3146	CSF_ab42
rs12537384	7	115025708	T	C	0.400775	-0.001007	0.005495	-0.18325750682438582	0.8546	3146	CSF_ab42
rs7780696	7	138473889	C	T	0.604221	0.004423	0.005362	0.824879	0.4095	3146	CSF_ab42
rs9691831	7	138498348	A	G	0.559397	0.009629	0.005871	1.6401	0.1011	3146	CSF_ab42
rs3890736	8	21532239	G	A	0.399126	0.003334	0.005957	0.5596776901124728	0.5757	3146	CSF_ab42
rs57918891	8	38048137	G	A	0.191134	0.007898	0.00618	1.2779935275080907	0.2013	3146	CSF_ab42
rs76837345	8	82668818	A	G	0.0622279	0.004582999999999999	0.011340000000000001	0.4041446208112874	0.6859999999999999	3146	CSF_ab42
rs200089766	NA	NA	NA	NA	NA	NA	NA	NA	NA	NA	NA
rs66614869	8	121056428	G	A	0.394862	0.0031940000000000002	0.00555	0.5754954954954955	0.565	3146	CSF_ab42
rs1962104	NA	NA	NA	NA	NA	NA	NA	NA	NA	NA	NA
rs516609	9	78069679	C	T	0.130585	-8.075e-4	0.0077930000000000004	-0.10361863210573591	0.9175	3146	CSF_ab42
rs12156559	NA	NA	NA	NA	NA	NA	NA	NA	NA	NA	NA
rs7849229	9	135475937	C	T	0.121366	-0.004555	0.009119	-0.4995065248382498	0.6175	3146	CSF_ab42
rs12781051	NA	NA	NA	NA	NA	NA	NA	NA	NA	NA	NA
rs4948502	10	63839417	T	C	0.410247	-0.0044280000000000005	0.0054210000000000005	-0.8168234643054787	0.4141	3146	CSF_ab42
rs2270550	NA	NA	NA	NA	NA	NA	NA	NA	NA	NA	NA
rs11596052	NA	NA	NA	NA	NA	NA	NA	NA	NA	NA	NA
rs1097215	10	94787804	G	A	0.455754	0.004194	0.005913	0.7092846270928462	0.4781	3146	CSF_ab42
rs12570859	10	104257226	C	T	0.542243	0.002305	0.005405	0.426457	0.6698	3146	CSF_ab42
rs7089120	10	126627280	T	C	0.737218	-0.00586	0.006804000000000001	-0.861258	0.3891	3146	CSF_ab42
rs10901863	10	126812270	C	T	0.267395	6.069e-4	0.007102	0.08545480146437623	0.9319	3146	CSF_ab42
rs55635402	11	8056913	A	G	0.218944	0.004469	0.0074129999999999995	0.6028598408201807	0.5467	3146	CSF_ab42
rs141403654	NA	NA	NA	NA	NA	NA	NA	NA	NA	NA	NA
rs2878346	NA	NA	NA	NA	NA	NA	NA	NA	NA	NA	NA
rs147893329	NA	NA	NA	NA	NA	NA	NA	NA	NA	NA	NA
rs566673	11	66401373	T	G	0.413297	8.492e-4	0.0058390000000000004	0.14543586230518923	0.8844	3146	CSF_ab42
rs7951935	11	89030399	G	T	0.356336	0.0013130000000000001	0.0056229999999999995	0.23350524630979907	0.8153	3146	CSF_ab42
rs67307131	11	118480223	T	C	0.302616	1.553e-4	0.006959999999999999	0.0223132183908046	0.9822	3146	CSF_ab42
rs56126089	12	91764837	C	T	0.189135	-0.005195	0.00695	-0.7474820143884893	0.4548	3146	CSF_ab42
rs7313797	12	109896165	T	C	0.502217	-0.0012050000000000001	0.00535	-0.22523364485981312	0.8217	3146	CSF_ab42
rs12304875	12	117591404	C	T	0.49927	-0.005563	0.005362	-1.0374860126818353	0.2996	3146	CSF_ab42
rs17440433	12	118639312	G	A	0.154334	-7.699e-4	0.007991	-0.09634588912526593	0.9233	3146	CSF_ab42
rs35887622	NA	NA	NA	NA	NA	NA	NA	NA	NA	NA	NA
rs12552	13	53625781	A	G	0.589422	-0.002707	0.005883	-0.460139	0.6454	3146	CSF_ab42
rs9530470	13	76416638	G	A	0.614	0.001674	0.00554	0.302166	0.7626	3146	CSF_ab42
rs56076859	13	97064121	C	A	0.408543	-0.001233	0.006267	-0.1967448539971278	0.8440000000000001	3146	CSF_ab42
rs9517282	13	99059183	C	A	0.509815	-0.001327	0.00587	-0.226065	0.8212	3146	CSF_ab42
rs4417423	13	111115854	G	A	0.581573	0.002098	0.005386	0.389528	0.6969	3146	CSF_ab42
rs1566129	14	52514912	T	C	0.642468	0.008367	0.005321	1.57245	0.11599999999999999	3146	CSF_ab42
rs4519287	14	73961821	T	C	0.211149	0.001423	0.0064069999999999995	0.2221008272202279	0.8242	3146	CSF_ab42
rs62015206	NA	NA	NA	NA	NA	NA	NA	NA	NA	NA	NA
rs12898997	15	75090349	C	T	0.604502	-0.009599	0.00566	-1.69594	0.09003	3146	CSF_ab42
rs67802907	NA	NA	NA	NA	NA	NA	NA	NA	NA	NA	NA
rs4132250	15	89229000	C	G	0.184956	0.005296	0.006431	0.8235111180220805	0.4103	3146	CSF_ab42
rs4786087	16	6203162	A	C	0.528334	0.002977	0.005368	0.554583	0.5792	3146	CSF_ab42
rs34560935	16	11354723	A	G	0.156681	-0.008903	0.007051999999999999	-1.2624787294384572	0.2069	3146	CSF_ab42
rs72801832	16	53491171	T	C	0.0911873	-0.010759999999999999	0.006299	-1.7082076520082552	0.0877	3146	CSF_ab42
rs62033400	16	53811788	A	G	0.434617	0.003776	0.0055119999999999995	0.6850507982583455	0.4933	3146	CSF_ab42
rs78528263	16	55492759	T	A	0.21751	0.002226	0.00646	0.3445820433436533	0.7304	3146	CSF_ab42
rs12938775	17	2574821	G	A	0.475699	-0.006940000000000001	0.0057090000000000005	-1.2156244526186724	0.2242	3146	CSF_ab42
rs17671352	17	7127718	T	C	0.65	-0.009933	0.005403	-1.83842	0.06611	3146	CSF_ab42
rs9797112	NA	NA	NA	NA	NA	NA	NA	NA	NA	NA	NA
rs382362	NA	NA	NA	NA	NA	NA	NA	NA	NA	NA	NA
rs4794426	17	46167874	C	T	0.833999	0.003423	0.007109999999999999	0.481435	0.6303	3146	CSF_ab42
rs4611552	18	52636091	T	C	0.235668	-7.932999999999999e-4	0.006540000000000001	-0.12129969418960242	0.9035	3146	CSF_ab42
rs10423793	NA	NA	NA	NA	NA	NA	NA	NA	NA	NA	NA
rs12976445	NA	NA	NA	NA	NA	NA	NA	NA	NA	NA	NA
rs1189966	20	26237858	G	A	0.721788	0.003566	0.005978	0.596521	0.5509	3146	CSF_ab42
rs475142	21	32811608	C	T	0.733587	-8.481e-4	0.007145	-0.118698	0.9055	3146	CSF_ab42
rs132929	22	38487002	G	A	0.43607	-5.276e-4	0.00536	-0.09843283582089553	0.9216	3146	CSF_ab42
rs6519367	NA	NA	NA	NA	NA	NA	NA	NA	NA	NA	NA
rs36062310	NA	NA	NA	NA	NA	NA	NA	NA	NA	NA	NA
