$`Main MR results`
       Exposure       MR Analysis Causal Estimate      Sd      T-stat   P-value
1 beta.exposure               Raw       -63.14963 1291.13 -0.04891035 0.9611003
2 beta.exposure Outlier-corrected              NA      NA          NA        NA

$`MR-PRESSO results`
$`MR-PRESSO results`$`Global Test`
$`MR-PRESSO results`$`Global Test`$RSSobs
[1] 136.0558

$`MR-PRESSO results`$`Global Test`$Pvalue
[1] 0.0024


$`MR-PRESSO results`$`Outlier Test`
         RSSobs Pvalue
1  8.815091e+04      1
2  1.535437e+05  0.189
3  4.637027e+03      1
4  8.404824e+02      1
5  1.042239e+05      1
6  2.455118e+02      1
7  3.225870e+02      1
8  6.528500e+03      1
9  2.211593e+05      1
10 9.024480e+03      1
11 9.893167e+04      1
12 1.293181e+04      1
13 8.712144e+02      1
14 2.724574e+03      1
15 1.427901e+05      1
16 8.436872e+03      1
17 5.389980e+03      1
18 4.873555e+03      1
19 1.114472e+05      1
20 3.703918e+04      1
21 8.702299e+01      1
22 7.072011e+05      1
23 1.790682e+04      1
24 4.170548e+03      1
25 7.251127e+04      1
26 6.971107e+03      1
27 1.383699e+05  0.135
28 6.071246e+04      1
29 4.359133e+03      1
30 6.776693e+04      1
31 1.067544e+05  0.198
32 3.366539e+04      1
33 2.421949e+02      1
34 1.036911e+03      1
35 1.695767e+04      1
36 2.722538e+02      1
37 5.643914e+04      1
38 4.632533e+03      1
39 4.087745e+04      1
40 3.202073e+04      1
41 1.875500e+04      1
42 1.677469e+04      1
43 9.760552e+02      1
44 1.390408e+04      1
45 4.944119e+04      1
46 2.851868e+03      1
47 2.051352e+04      1
48 6.809899e+04      1
49 7.751500e+03      1
50 2.811396e+04      1
51 6.394414e+01      1
52 4.446489e+04      1
53 5.779985e+04      1
54 7.525128e+04      1
55 2.940185e+02      1
56 1.553783e+05  0.234
57 3.354783e+02      1
58 6.319270e+03      1
59 5.613713e+03      1
60 2.208698e+04      1
61 4.920050e+04      1
62 3.568519e+04      1
63 3.472101e+03      1
64 1.463529e+04      1
65 2.764788e+04      1
66 4.440853e+04      1
67 8.910319e+02      1
68 2.900216e+04      1
69 4.836706e+02      1
70 7.347544e+02      1
71 1.710757e+04      1
72 2.911100e+04      1
73 4.816381e+03      1
74 5.075221e-02      1
75 1.226138e+04      1
76 1.303368e+03      1
77 7.859700e+02      1
78 4.922721e+03      1
79 1.318963e+02      1
80 1.353491e+05      1
81 1.822727e+06      1
82 2.468318e+05      1
83 1.101038e+03      1
84 1.095818e+01      1
85 5.469616e+03      1
86 1.015599e+02      1
87 9.027590e+03      1
88 3.052985e+04      1
89 4.606483e+00      1
90 1.084271e+04      1

$`MR-PRESSO results`$`Distortion Test`
$`MR-PRESSO results`$`Distortion Test`$`Outliers Indices`
[1] "No significant outliers"

$`MR-PRESSO results`$`Distortion Test`$`Distortion Coefficient`
[1] NA

$`MR-PRESSO results`$`Distortion Test`$Pvalue
[1] NA



