SNP	CHROM	POS	REF	ALT	AF	BETA	SE	Z	P	N	TRAIT
rs34645159	1	1724366	G	A	0.535542	0.002104	0.005418	0.3883351790328534	0.6978	3146	CSF_ab42
rs2493296	1	3327032	C	T	0.1189	0.0133	0.007612000000000001	1.7472411981082498	0.08067	3146	CSF_ab42
rs6687002	NA	NA	NA	NA	NA	NA	NA	NA	NA	NA	NA
rs488834	1	10767902	C	T	0.718613	-0.0169	0.006705	-2.52051	0.01176	3146	CSF_ab42
rs55857306	1	11895795	G	A	0.135489	-0.004722	0.0075840000000000005	-0.6226265822784809	0.5336	3146	CSF_ab42
rs1889785	1	16348729	G	A	0.426028	-0.006854000000000001	0.005354	-1.2801643630930146	0.2006	3146	CSF_ab42
rs6686889	1	25030470	C	T	0.287627	-0.0044859999999999995	0.006059	-0.740386202343621	0.4592	3146	CSF_ab42
rs12728150	1	27268737	A	G	0.070029	0.00624	0.009849	0.6335668595796528	0.5264	3146	CSF_ab42
rs11548324	1	27732910	C	T	0.0690156	-0.012629999999999999	0.01053	-1.1994301994301995	0.2304	3146	CSF_ab42
rs1175180	1	29438038	G	T	0.79883	0.002991	0.006494	0.460579	0.6451	3146	CSF_ab42
rs12133839	NA	NA	NA	NA	NA	NA	NA	NA	NA	NA	NA
rs2146315	1	42050366	C	T	0.243538	0.001189	0.006273	0.1895424836601307	0.8497	3146	CSF_ab42
rs710249	1	43869235	G	C	0.385035	-0.011309999999999999	0.0054	-2.094444444444444	0.03632	3146	CSF_ab42
rs4926901	1	48025824	G	A	0.335033	0.00361	0.00603	0.5986733001658375	0.5494	3146	CSF_ab42
rs4926923	1	48109225	T	C	0.0873592	-0.002519	0.01035	-0.2433816425120773	0.8077	3146	CSF_ab42
rs61772592	1	56979681	A	G	0.132182	-0.005944	0.007896	-0.7527862208713272	0.4516	3146	CSF_ab42
rs11207413	1	59626772	T	A	0.435004	-0.001925	0.005321	-0.3617741026122909	0.7176	3146	CSF_ab42
rs10493408	1	66992054	C	A	0.14831	-0.005072	0.00773	-0.6561448900388098	0.5118	3146	CSF_ab42
rs34517439	NA	NA	NA	NA	NA	NA	NA	NA	NA	NA	NA
rs10518398	1	88192300	C	T	0.0612763	-0.009273	0.009732	-0.9528360049321826	0.3407	3146	CSF_ab42
rs786921	1	89286673	G	A	0.604356	0.005209	0.005391	0.96624	0.33399999999999996	3146	CSF_ab42
rs80191764	1	93486547	C	G	0.0230072	-0.02056	0.015619999999999998	-1.3162612035851473	0.1883	3146	CSF_ab42
rs17396055	1	94730954	G	A	0.316812	0.004055	0.005643	0.7185894027999291	0.4725	3146	CSF_ab42
rs10776752	1	113044328	G	T	0.0960421	0.004006	0.01149	0.348651000870322	0.7274	3146	CSF_ab42
rs12040903	1	113254125	G	A	0.149819	0.007435	0.009126	0.8147052377821608	0.4153	3146	CSF_ab42
rs57748895	NA	NA	NA	NA	NA	NA	NA	NA	NA	NA	NA
rs113197996	1	119522426	G	A	0.468773	-0.003721	0.005315	-0.7000940733772342	0.484	3146	CSF_ab42
rs72704264	1	145713305	G	C	0.212654	0.0056630000000000005	0.006731	0.841331154360422	0.4002	3146	CSF_ab42
rs522068	1	150285707	C	T	0.0790047	-0.007770999999999999	0.01167	-0.6658954584404455	0.5055	3146	CSF_ab42
rs1819663	1	154025891	A	G	0.468352	0.0013880000000000001	0.005405	0.2567992599444959	0.7974	3146	CSF_ab42
rs76719272	NA	NA	NA	NA	NA	NA	NA	NA	NA	NA	NA
rs7524019	1	167367193	C	T	0.469978	0.01094	0.005384000000000001	2.0319465081723624	0.04219	3146	CSF_ab42
rs61807084	NA	NA	NA	NA	NA	NA	NA	NA	NA	NA	NA
rs12405515	1	172357441	G	T	0.558454	-3.107e-4	0.00543	-0.0572192	0.9544	3146	CSF_ab42
rs150816167	NA	NA	NA	NA	NA	NA	NA	NA	NA	NA	NA
rs4652801	1	183398527	G	T	0.690415	0.006376	0.005762	1.10656	0.2686	3146	CSF_ab42
rs4651224	1	184585182	C	T	0.4439	1.65e-4	0.005519	0.02989672042036601	0.9762	3146	CSF_ab42
rs9887974	1	193279932	T	C	0.64213	-0.009173	0.005665	-1.61924	0.1056	3146	CSF_ab42
rs882624	1	201735913	C	T	0.349091	-0.00604	0.005698	-1.06002106002106	0.2892	3146	CSF_ab42
rs12403358	1	203995994	C	G	0.640268	7.528e-4	0.006781000000000001	0.111016	0.9116	3146	CSF_ab42
rs2169137	1	204497913	G	C	0.787945	-0.002485	0.006024	-0.412517	0.68	3146	CSF_ab42
rs4844564	1	207179822	G	A	0.154097	-0.0038909999999999995	0.006661	-0.5841465245458639	0.5591	3146	CSF_ab42
rs1502358	1	217324932	G	A	0.673258	0.008701	0.005722	1.52062	0.1285	3146	CSF_ab42
rs68085857	1	217737629	C	T	0.241467	0.004468	0.0063030000000000004	0.7088687926384261	0.4785	3146	CSF_ab42
rs12088448	NA	NA	NA	NA	NA	NA	NA	NA	NA	NA	NA
rs602521	1	227311066	G	A	0.239091	0.0032359999999999997	0.006012	0.5382568196939455	0.5904	3146	CSF_ab42
rs1745417	1	228204279	C	T	0.560109	-0.009179	0.005305	-1.73025	0.08367000000000001	3146	CSF_ab42
rs699	1	230845794	A	G	0.467953	-0.004072999999999999	0.0054340000000000005	-0.7495399337504599	0.4536	3146	CSF_ab42
rs3943093	1	243458502	C	T	0.328665	-0.002669	0.005739	-0.46506359993030144	0.6419	3146	CSF_ab42
rs2063912	NA	NA	NA	NA	NA	NA	NA	NA	NA	NA	NA
rs4926499	NA	NA	NA	NA	NA	NA	NA	NA	NA	NA	NA
rs56236159	2	3636478	T	G	0.176363	0.01674	0.0083320000000000009	2.0091214594335094	0.04469	3146	CSF_ab42
rs112393817	2	9807226	C	G	0.220219	0.005677000000000001	0.006372999999999999	0.8907892672210892	0.3731	3146	CSF_ab42
rs1373780	2	19501029	G	C	0.18707	-0.0043490000000000004	0.006822	-0.6374963353855175	0.5239	3146	CSF_ab42
rs824523	2	19707855	C	A	0.294745	-0.01226	0.005714	-2.1456072803640183	0.03198	3146	CSF_ab42
rs729790	NA	NA	NA	NA	NA	NA	NA	NA	NA	NA	NA
rs11687089	2	25082926	T	C	0.384657	0.007867	0.005381	1.4619959115406058	0.1439	3146	CSF_ab42
rs1275988	2	26914364	C	T	0.563339	9.806e-4	0.005457	0.179696	0.8574	3146	CSF_ab42
rs12712500	2	36604680	C	G	0.244097	-0.003725	0.006137	-0.6069740915756885	0.5439	3146	CSF_ab42
rs11684340	2	37207251	A	C	0.220022	0.003992	0.006334	0.6302494474265866	0.5285	3146	CSF_ab42
rs1800440	2	38298139	T	C	0.136974	-6.562e-4	0.006917	-0.0948677172184473	0.9244	3146	CSF_ab42
rs2160236	NA	NA	NA	NA	NA	NA	NA	NA	NA	NA	NA
rs76326501	2	43167878	A	C	0.0619775	0.009844	0.01052	0.9357414448669202	0.3496	3146	CSF_ab42
rs4952668	NA	NA	NA	NA	NA	NA	NA	NA	NA	NA	NA
rs62140266	NA	NA	NA	NA	NA	NA	NA	NA	NA	NA	NA
rs2586970	2	55829967	A	G	0.566038	-0.003248	0.005332	-0.609152	0.5424	3146	CSF_ab42
rs72814356	2	60024056	C	G	0.327398	0.007314	0.007025	1.0411387900355873	0.298	3146	CSF_ab42
rs2421200	2	61711815	G	T	0.483741	-0.0017920000000000002	0.005422	-0.33050534857985986	0.7411	3146	CSF_ab42
rs4428007	NA	NA	NA	NA	NA	NA	NA	NA	NA	NA	NA
rs11687893	2	69014347	C	G	0.437704	0.002373	0.005334	0.4448818897637795	0.6564	3146	CSF_ab42
rs1876490	2	73052351	G	A	0.727022	0.007952	0.005998	1.32578	0.185	3146	CSF_ab42
rs6546810	2	73389716	T	C	0.342945	0.01403	0.005577	2.515689438766362	0.01195	3146	CSF_ab42
rs17735501	2	85685211	A	T	0.0739666	0.0084	0.01112	0.7553956834532374	0.45	3146	CSF_ab42
rs311564	2	86293498	G	A	0.313544	0.007476999999999999	0.006397	1.1688291386587462	0.2426	3146	CSF_ab42
rs62155750	NA	NA	NA	NA	NA	NA	NA	NA	NA	NA	NA
rs12622114	2	106906460	G	C	0.0850365	0.014969999999999999	0.008942	1.674122120331022	0.0943	3146	CSF_ab42
rs1096721	2	108726903	T	C	0.586633	-0.003737	0.005431	-0.688087	0.4914	3146	CSF_ab42
rs28377357	2	112769721	G	A	0.370229	8.427999999999999e-4	0.005841	0.14429036123951378	0.8853	3146	CSF_ab42
rs62158170	2	114082175	A	G	0.198144	0.005438	0.0066040000000000005	0.8234403391883707	0.4104	3146	CSF_ab42
rs56115267	2	124863880	C	G	0.251181	0.001853	0.005988	0.3094522378089512	0.757	3146	CSF_ab42
rs13001283	2	127183454	G	A	0.151399	7.128999999999999e-4	0.0074849999999999995	0.0952438209752839	0.9241	3146	CSF_ab42
rs4954192	2	135632981	C	T	0.485299	0.01289	0.0052710000000000005	2.4454562701574654	0.01454	3146	CSF_ab42
rs55944332	2	145726621	A	G	0.28821	-0.00436	0.006534000000000001	-0.6672788490970308	0.5047	3146	CSF_ab42
rs12990959	2	148572160	T	C	0.310658	-0.013930000000000001	0.005686	-2.4498768906085124	0.01436	3146	CSF_ab42
rs2444769	NA	NA	NA	NA	NA	NA	NA	NA	NA	NA	NA
rs12470743	2	162611202	G	A	0.113496	0.0018219999999999998	0.008953000000000001	0.20350720428906507	0.8388	3146	CSF_ab42
rs7572130	2	164460947	A	G	0.113488	-0.006402	0.009420999999999999	-0.67954569578601	0.4969	3146	CSF_ab42
rs79803116	NA	NA	NA	NA	NA	NA	NA	NA	NA	NA	NA
rs73029563	2	165008166	C	G	0.600037	0.005933	0.005352	1.10856	0.2677	3146	CSF_ab42
rs4972805	2	177012570	C	T	0.366927	-0.0042060000000000005	0.005722	-0.7350576721426076	0.4624	3146	CSF_ab42
rs75717699	NA	NA	NA	NA	NA	NA	NA	NA	NA	NA	NA
rs1518460	2	181933689	A	G	0.26839	0.003861	0.005884	0.6561862678450033	0.5118	3146	CSF_ab42
rs12693302	2	183211443	G	A	0.647262	0.002842	0.005582	0.509137	0.6107	3146	CSF_ab42
rs2053163	2	190827023	A	G	0.675852	-0.002131	0.006255	-0.340687	0.7334	3146	CSF_ab42
rs7592578	NA	NA	NA	NA	NA	NA	NA	NA	NA	NA	NA
rs4673253	2	204120214	C	G	0.321104	-0.009068000000000001	0.006036	-1.5023194168323397	0.1331	3146	CSF_ab42
rs11692619	2	205084439	C	T	0.417636	-0.007033	0.005531	-1.2715602965105768	0.2037	3146	CSF_ab42
rs34252596	2	206528607	G	A	0.323889	0.008313	0.005541	1.5002707092582566	0.1336	3146	CSF_ab42
rs1263671	NA	NA	NA	NA	NA	NA	NA	NA	NA	NA	NA
rs4675682	2	208402750	T	C	0.434664	0.011179999999999999	0.005313	2.1042725390551476	0.035410000000000004	3146	CSF_ab42
rs1035673	2	218675533	T	C	0.584971	4.784e-4	0.005468	0.0874909	0.9303	3146	CSF_ab42
rs13004222	2	219560492	C	G	0.0429799	0.0010890000000000001	0.011359999999999999	0.09586267605633805	0.9237	3146	CSF_ab42
rs1039897	2	220337196	G	A	0.659083	-1.327e-4	0.005575	-0.0238027	0.981	3146	CSF_ab42
rs10804330	2	227185749	T	C	0.447474	-0.0064	0.005435	-1.1775528978840848	0.2391	3146	CSF_ab42
rs1044822	2	230629138	C	T	0.106171	0.003045	0.007514	0.4052435453819537	0.6854	3146	CSF_ab42
rs1365983	2	235777989	A	G	0.903986	0.0163	0.008505	1.91652	0.055439999999999996	3146	CSF_ab42
rs4507125	2	239864732	A	C	0.228786	-7.902e-5	0.006431999999999999	-0.012285447761194031	0.9902	3146	CSF_ab42
rs79349366	2	242466277	C	T	0.0473588	0.003563	0.015969999999999998	0.2231058234189105	0.8234	3146	CSF_ab42
rs712793	3	7493351	A	G	0.550854	-0.01124	0.0054020000000000006	-2.08071	0.03752	3146	CSF_ab42
rs347585	3	11286220	C	T	0.677871	-3.751e-4	0.005658	-0.0662955	0.9471	3146	CSF_ab42
rs1687295	3	14889756	T	C	0.781911	-0.003738	0.005909	-0.632594	0.527	3146	CSF_ab42
rs62234672	3	16592069	C	A	0.18587	-8.330999999999999e-4	0.006737000000000001	-0.12366038295977436	0.9016	3146	CSF_ab42
rs79389677	3	25333239	C	T	0.0640745	0.01591	0.012029999999999999	1.322527015793849	0.1861	3146	CSF_ab42
rs2643826	3	27562988	C	T	0.431711	-1.837e-4	0.0059689999999999995	-0.030775674317306084	0.9755	3146	CSF_ab42
rs2217937	3	29349179	A	G	0.124819	0.008283	0.008289	0.9992761491132828	0.3178	3146	CSF_ab42
rs7427249	3	37572489	G	A	0.570854	-0.002533	0.005307	-0.477294	0.6332	3146	CSF_ab42
rs62258038	NA	NA	NA	NA	NA	NA	NA	NA	NA	NA	NA
rs3864004	3	41240177	G	A	0.417213	-0.004072	0.005291	-0.7696087696087697	0.4417	3146	CSF_ab42
rs114714860	3	41882905	G	C	0.178495	-0.006185	0.0070799999999999995	-0.8735875706214691	0.3825	3146	CSF_ab42
rs6442105	3	48182326	A	G	0.740652	0.001449	0.0061719999999999995	0.23477	0.8145	3146	CSF_ab42
rs6445590	3	53655932	G	A	0.479811	-0.002143	0.005418	-0.39553340716131413	0.6925	3146	CSF_ab42
rs3772219	3	56771251	A	C	0.294	-0.0020210000000000002	0.006091	-0.33180101789525535	0.7401	3146	CSF_ab42
rs1675383	3	57945274	C	A	0.433164	-0.001575	0.005335	-0.2952202436738519	0.7678	3146	CSF_ab42
rs3774702	3	63856870	G	A	0.155648	-3.505e-5	0.006811	-0.005146087211863162	0.9959	3146	CSF_ab42
rs35667547	NA	NA	NA	NA	NA	NA	NA	NA	NA	NA	NA
rs6795735	3	64705365	C	T	0.373319	0.006886	0.005413	1.2721226676519488	0.2035	3146	CSF_ab42
rs7623706	3	74712754	A	G	0.451983	0.001188	0.005848	0.20314637482900139	0.8391	3146	CSF_ab42
rs1507418	3	78651132	T	C	0.222365	-0.009833	0.006673	-1.47355012737899	0.1407	3146	CSF_ab42
rs11923343	3	85668570	A	G	0.682001	0.002759	0.005461	0.505219	0.6135	3146	CSF_ab42
rs9850122	3	94348227	G	C	0.276931	9.843e-4	0.0059310000000000005	0.16595852301466868	0.8682	3146	CSF_ab42
rs11923667	3	101268080	T	A	0.444548	0.003474	0.00534	0.650561797752809	0.5154	3146	CSF_ab42
rs28675079	3	111500002	G	A	0.231441	0.00834	0.006759	1.2339103417665336	0.2174	3146	CSF_ab42
rs12152463	3	122100447	C	T	0.416915	0.0040950000000000005	0.005384000000000001	0.7605869242199108	0.447	3146	CSF_ab42
rs4141663	3	124551967	C	T	0.477842	-0.0018100000000000002	0.0054210000000000005	-0.3338867367644346	0.7385	3146	CSF_ab42
rs4077158	3	133942941	T	C	0.562886	-0.006007	0.005261	-1.1418	0.2537	3146	CSF_ab42
rs73230065	3	136467355	C	T	0.103794	-0.006257	0.008952	-0.6989499553172476	0.4846	3146	CSF_ab42
rs9289557	NA	NA	NA	NA	NA	NA	NA	NA	NA	NA	NA
rs6763931	3	141102833	G	A	0.414612	0.004183	0.005445	0.7682277318640955	0.4425	3146	CSF_ab42
rs9837072	3	150078499	A	C	0.772117	0.00454	0.00688	0.659884	0.5093	3146	CSF_ab42
rs36117336	3	153732232	T	C	0.213871	0.0075379999999999996	0.0061990000000000005	1.2160025810614614	0.2241	3146	CSF_ab42
rs78809139	3	154674943	G	A	0.121872	0.001689	0.008896	0.18986061151079137	0.8494	3146	CSF_ab42
rs78151625	3	158316726	T	C	0.204141	0.0036369999999999996	0.007273999999999999	0.5	0.6171	3146	CSF_ab42
rs16853198	3	168840179	A	G	0.0968093	-0.01042	0.009935	-1.0488173125314546	0.2945	3146	CSF_ab42
rs1528293	3	169154511	A	T	0.505087	0.001799	0.005321	0.338094	0.7353	3146	CSF_ab42
rs62294352	NA	NA	NA	NA	NA	NA	NA	NA	NA	NA	NA
rs9647379	NA	NA	NA	NA	NA	NA	NA	NA	NA	NA	NA
rs262969	3	183446783	G	A	0.388828	0.008169	0.005358	1.524636058230683	0.1275	3146	CSF_ab42
rs6779368	3	185298868	A	G	0.357847	0.001466	0.005589	0.2623009482912865	0.7931	3146	CSF_ab42
rs147501096	3	186180253	G	C	0.0823315	0.01911	0.01184	1.6140202702702702	0.1066	3146	CSF_ab42
rs9821544	NA	NA	NA	NA	NA	NA	NA	NA	NA	NA	NA
rs4244200	3	196226059	G	C	0.293013	-0.005296	0.006599	-0.8025458402788302	0.4223	3146	CSF_ab42
rs6777317	3	197070959	G	A	0.32969	0.013930000000000001	0.006323	2.2030681638462757	0.02767	3146	CSF_ab42
rs61789369	4	2265295	A	G	0.047671	0.008633	0.013940000000000001	0.6192969870875179	0.5357	3146	CSF_ab42
rs16896276	4	18015156	T	A	0.25227	0.001832	0.0058590000000000005	0.31268134493940947	0.7545	3146	CSF_ab42
rs28667801	NA	NA	NA	NA	NA	NA	NA	NA	NA	NA	NA
rs11721984	4	38343935	C	T	0.395972	-7.756e-4	0.005509	-0.14078780177890723	0.888	3146	CSF_ab42
rs62301873	4	40603821	A	G	0.123913	-0.002473	0.008504000000000001	-0.2908043273753527	0.7713	3146	CSF_ab42
rs6447662	4	48782647	C	A	0.258358	-9.502000000000001e-4	0.006076	-0.15638578011849905	0.8757	3146	CSF_ab42
rs1382083	4	54596877	G	A	0.203448	0.0034409999999999996	0.006778	0.5076718796105045	0.6118	3146	CSF_ab42
rs11945489	4	56463775	C	T	0.300837	-0.002184	0.005949	-0.3671205244578921	0.7135	3146	CSF_ab42
rs72648749	4	71944650	C	T	0.158931	-0.002698	0.008267	-0.32635780815289706	0.7442	3146	CSF_ab42
rs13152154	4	77417756	C	T	0.76951	-0.005274	0.0060479999999999996	-0.872024	0.3832	3146	CSF_ab42
rs12509595	4	81182554	T	C	0.336207	-2.5069999999999997e-4	0.005914	-0.04239093676022996	0.9662	3146	CSF_ab42
rs72976750	4	86725684	T	C	0.125182	-0.005309	0.007731	-0.6867158194282759	0.4923	3146	CSF_ab42
rs10028284	4	89752913	A	T	0.175671	-0.003558	0.0069310000000000005	-0.5133458375414802	0.6078	3146	CSF_ab42
rs7694000	NA	NA	NA	NA	NA	NA	NA	NA	NA	NA	NA
rs13107325	4	103188709	C	T	0.0473169	-0.01841	0.010320000000000001	-1.7839147286821704	0.07447000000000001	3146	CSF_ab42
rs189948382	NA	NA	NA	NA	NA	NA	NA	NA	NA	NA	NA
rs12503341	4	106925311	G	A	0.0242578	0.01248	0.01341	0.930648769574944	0.3521	3146	CSF_ab42
rs4245929	4	109038407	A	T	0.638778	-0.003049	0.005529	-0.551456	0.5814	3146	CSF_ab42
rs13118687	NA	NA	NA	NA	NA	NA	NA	NA	NA	NA	NA
rs66887589	4	120509279	T	C	0.501106	-0.009492	0.005367	-1.7685858021240917	0.07707	3146	CSF_ab42
rs2113979	4	124665413	G	A	0.828255	4.318e-4	0.0082	0.0526585	0.958	3146	CSF_ab42
rs72716186	4	138189435	G	T	0.116368	-0.004943	0.008079000000000001	-0.6118331476667904	0.5407	3146	CSF_ab42
rs9286351	4	138441530	A	G	0.43532	0.005457	0.005889	0.9266428935303107	0.3542	3146	CSF_ab42
rs72719149	4	144043336	T	C	0.34024	-0.004194	0.005772	-0.7266112266112266	0.4675	3146	CSF_ab42
rs13124515	NA	NA	NA	NA	NA	NA	NA	NA	NA	NA	NA
rs7671332	4	152163489	T	C	0.0307859	-0.01792	0.014509999999999999	-1.2350103376981392	0.2168	3146	CSF_ab42
rs1123037	4	156514725	T	A	0.44523	0.0018280000000000002	0.005429	0.3367102597163382	0.7364	3146	CSF_ab42
rs13139571	4	156645513	C	A	0.237681	5.294e-4	0.00601	0.08808652246256239	0.9298	3146	CSF_ab42
rs1425486	4	157683685	C	T	0.281307	0.004525	0.005592	0.8091917024320459	0.4185	3146	CSF_ab42
rs6858266	4	174868363	A	G	0.192015	-0.0033520000000000004	0.006742000000000001	-0.4971818451498072	0.6191	3146	CSF_ab42
rs9685837	4	187818466	G	A	0.290504	4.7270000000000005e-4	0.006296	0.07507941550190597	0.9402	3146	CSF_ab42
rs4957026	5	361148	A	G	0.699234	0.002883	0.005582	0.516482	0.6055	3146	CSF_ab42
rs10069690	5	1279790	C	T	0.276522	-0.0037119999999999996	0.006664	-0.5570228091236494	0.5775	3146	CSF_ab42
rs4645335	5	3704761	A	G	0.635076	0.001955	0.006179	0.316394	0.7517	3146	CSF_ab42
rs769469	5	14080304	G	A	0.600145	-0.009708	0.005456	-1.77933	0.07528	3146	CSF_ab42
rs2921604	NA	NA	NA	NA	NA	NA	NA	NA	NA	NA	NA
rs1177764	NA	NA	NA	NA	NA	NA	NA	NA	NA	NA	NA
rs10941043	5	33194751	T	G	0.271408	0.003788	0.005989	0.632492903656704	0.5271	3146	CSF_ab42
rs10941321	5	37213350	A	C	0.392844	-0.007201000000000001	0.005461	-1.3186229628273212	0.1874	3146	CSF_ab42
rs7737851	5	42415845	T	C	0.863093	0.005904	0.0066430000000000005	0.888755	0.3741	3146	CSF_ab42
rs6875967	5	50878292	A	G	0.637586	0.01238	0.005633	2.19776	0.02806	3146	CSF_ab42
rs10054208	NA	NA	NA	NA	NA	NA	NA	NA	NA	NA	NA
rs12515541	5	57095011	G	T	0.644231	0.006952	0.005365999999999999	1.29556	0.1953	3146	CSF_ab42
rs1848510	5	57754005	G	A	0.325763	-0.009803000000000001	0.0055119999999999995	-1.778483309143687	0.07543	3146	CSF_ab42
rs10062049	5	61553881	C	T	0.148061	-0.01202	0.007661	-1.568985772092416	0.1168	3146	CSF_ab42
rs6874316	5	72984460	T	A	0.523844	0.0017879999999999999	0.005451	0.3280132085855806	0.743	3146	CSF_ab42
rs2307111	5	75003678	T	C	0.410047	-0.01223	0.0054789999999999995	-2.2321591531301332	0.025689999999999998	3146	CSF_ab42
rs34237622	NA	NA	NA	NA	NA	NA	NA	NA	NA	NA	NA
rs4704514	5	77820081	C	T	0.288804	0.009251	0.00644	1.4364906832298137	0.151	3146	CSF_ab42
rs62380354	NA	NA	NA	NA	NA	NA	NA	NA	NA	NA	NA
rs13355146	5	92023661	C	T	0.376915	-0.0096	0.006033	-1.5912481352560912	0.1117	3146	CSF_ab42
rs55770741	5	96220087	C	T	0.55786	-0.00458	0.005424	-0.844395	0.3985	3146	CSF_ab42
rs1871190	NA	NA	NA	NA	NA	NA	NA	NA	NA	NA	NA
rs350501	NA	NA	NA	NA	NA	NA	NA	NA	NA	NA	NA
rs529279	5	111098877	C	T	0.432825	0.003399	0.0057020000000000005	0.5961066292528937	0.5512	3146	CSF_ab42
rs9326869	5	112349070	T	C	0.707516	0.003791	0.0061990000000000005	0.61155	0.5409	3146	CSF_ab42
rs114707644	NA	NA	NA	NA	NA	NA	NA	NA	NA	NA	NA
rs369625	NA	NA	NA	NA	NA	NA	NA	NA	NA	NA	NA
rs1582931	5	122657199	G	A	0.53561	-0.002273	0.0053100000000000005	-0.42806026365348393	0.6686	3146	CSF_ab42
rs17677603	5	127857493	A	G	0.320974	-0.005188	0.005562	-0.9327580007191657	0.35100000000000003	3146	CSF_ab42
rs55747751	NA	NA	NA	NA	NA	NA	NA	NA	NA	NA	NA
rs4912840	NA	NA	NA	NA	NA	NA	NA	NA	NA	NA	NA
rs3776299	5	142507651	G	A	0.489644	-0.007712	0.0059229999999999994	-1.302042883673814	0.193	3146	CSF_ab42
rs78909293	5	148335250	T	C	0.0219124	0.001474	0.01261	0.1168913560666138	0.907	3146	CSF_ab42
rs3117736	5	157462999	C	T	0.248	0.001703	0.005985	0.2845446950710109	0.7761	3146	CSF_ab42
rs11960210	5	157817634	T	C	0.37432	-0.005679999999999999	0.0054600000000000004	-1.0402930402930401	0.2983	3146	CSF_ab42
rs13358657	5	157938070	A	G	0.112441	-0.0057740000000000005	0.007955	-0.7258328095537399	0.4681	3146	CSF_ab42
rs6556384	5	158418952	C	A	0.82354	-0.007457	0.006663	-1.11917	0.2632	3146	CSF_ab42
rs2546378	5	159537447	C	G	0.656364	-4.046e-4	0.005439	-0.0743887	0.9407	3146	CSF_ab42
rs114503346	5	172192350	C	T	0.0286751	0.009152	0.01375	0.6656000000000001	0.5058	3146	CSF_ab42
rs173692	5	172532565	A	G	0.585855	-0.003342	0.005353	-0.624323	0.5325	3146	CSF_ab42
rs55993676	5	173303392	G	T	0.324418	-0.0013210000000000001	0.005959000000000001	-0.22168149018291658	0.8246	3146	CSF_ab42
rs2545798	5	176855627	T	A	0.463313	-0.01883	0.006499	-2.89737	0.0038020000000000003	3146	CSF_ab42
rs2569882	NA	NA	NA	NA	NA	NA	NA	NA	NA	NA	NA
rs9406076	6	8023804	C	T	0.296693	0.004335	0.005894	0.7354937224295894	0.4621	3146	CSF_ab42
rs2747485	6	15104531	A	C	0.743101	0.001966	0.0059960000000000005	0.327885	0.743	3146	CSF_ab42
rs2237143	6	15440339	C	T	0.759347	0.003703	0.006475	0.571892	0.5675	3146	CSF_ab42
rs62393833	NA	NA	NA	NA	NA	NA	NA	NA	NA	NA	NA
rs35261542	6	20675792	C	A	0.300109	0.01288	0.006122	2.103887618425351	0.03542	3146	CSF_ab42
rs6934891	6	22139729	G	A	0.441497	-0.008172	0.006412999999999999	-1.2742866053329176	0.2028	3146	CSF_ab42
rs2744133	6	22392260	A	G	0.260545	-0.0022670000000000004	0.006055	-0.37440132122213055	0.7081	3146	CSF_ab42
rs9467545	6	25638464	A	T	0.130892	-0.0021809999999999998	0.007271	-0.29995874020079766	0.7642	3146	CSF_ab42
rs198851	6	26104632	T	G	0.856519	0.007869	0.007698	1.02221	0.3068	3146	CSF_ab42
rs1265157	NA	NA	NA	NA	NA	NA	NA	NA	NA	NA	NA
rs440454	NA	NA	NA	NA	NA	NA	NA	NA	NA	NA	NA
rs115447786	6	34354073	C	T	0.0286647	0.01039	0.016630000000000002	0.6247745039085988	0.532	3146	CSF_ab42
rs10484826	6	39368378	G	A	0.0720247	0.003872	0.01275	0.30368627450980396	0.7614	3146	CSF_ab42
rs6905288	NA	NA	NA	NA	NA	NA	NA	NA	NA	NA	NA
rs881858	6	43806609	G	A	0.698615	0.00198	0.006221	0.318277	0.7503	3146	CSF_ab42
rs12204119	6	44209043	T	C	0.6872	0.009661	0.006904	1.39933	0.1619	3146	CSF_ab42
rs2397060	6	51611470	T	C	0.160494	-0.003401	0.00747	-0.4552878179384203	0.6489	3146	CSF_ab42
rs1114347	6	51834297	A	G	0.501998	-0.009373999999999999	0.005365999999999999	-1.7469250838613493	0.08077999999999999	3146	CSF_ab42
rs62413546	6	56012664	C	T	0.105473	0.002269	0.01008	0.22509920634920635	0.8219	3146	CSF_ab42
rs504691	6	72206620	C	A	0.394336	-0.001709	0.0055130000000000005	-0.3099945583167059	0.7566	3146	CSF_ab42
rs1984195	6	79657391	G	A	0.495829	-7.019e-5	0.005259000000000001	-0.013346643848640425	0.9894	3146	CSF_ab42
rs9361840	6	82254932	A	G	0.245646	0.004287	0.006343	0.67586315623522	0.4992	3146	CSF_ab42
rs9449470	6	83111083	C	G	0.399561	0.004538	0.005417	0.8377330625807643	0.4022	3146	CSF_ab42
rs16875357	6	85652904	T	G	0.234686	-0.00455	0.0062759999999999995	-0.7249840662842576	0.4685	3146	CSF_ab42
rs3798293	6	97033370	A	G	0.209395	-0.008701	0.006358	-1.3685121107266436	0.1712	3146	CSF_ab42
rs1933718	6	98341457	C	T	0.870471	-0.004117	0.008043000000000002	-0.511874	0.6088	3146	CSF_ab42
rs72613227	NA	NA	NA	NA	NA	NA	NA	NA	NA	NA	NA
rs7767235	6	116185900	C	A	0.251006	-0.007984999999999999	0.006175	-1.2931174089068824	0.1961	3146	CSF_ab42
rs509067	6	117462040	T	C	0.661887	0.002583	0.005327	0.484888	0.6278	3146	CSF_ab42
rs11153730	6	118667522	T	C	0.503625	9.811e-4	0.0053560000000000005	0.18317774458551156	0.8547	3146	CSF_ab42
rs76785130	NA	NA	NA	NA	NA	NA	NA	NA	NA	NA	NA
rs6920788	NA	NA	NA	NA	NA	NA	NA	NA	NA	NA	NA
rs13215166	6	127164360	A	G	0.420145	-0.009667	0.00534	-1.8102996254681647	0.07036	3146	CSF_ab42
rs9399137	6	135419018	T	C	0.291197	0.009425	0.0061649999999999995	1.5287915652879156	0.1264	3146	CSF_ab42
rs636202	6	139843583	T	C	0.540161	0.007329	0.006045	1.21241	0.2255	3146	CSF_ab42
rs9791312	6	143142313	A	C	0.323584	-0.004074	0.006186	-0.6585838991270612	0.5102	3146	CSF_ab42
rs62434124	6	150999751	C	T	0.0581311	0.008439	0.0101	0.8355445544554456	0.4033	3146	CSF_ab42
rs11752282	NA	NA	NA	NA	NA	NA	NA	NA	NA	NA	NA
rs9478282	6	152398669	C	T	0.114965	0.0086130000000000009	0.008477	1.016043411584287	0.3097	3146	CSF_ab42
rs2449115	6	152855167	T	A	0.31981	0.002348	0.005971	0.3932339641601072	0.6942	3146	CSF_ab42
rs11156139	NA	NA	NA	NA	NA	NA	NA	NA	NA	NA	NA
rs9365555	NA	NA	NA	NA	NA	NA	NA	NA	NA	NA	NA
rs11961593	6	166164137	C	T	0.0921291	0.01179	0.0098	1.203061224489796	0.2289	3146	CSF_ab42
rs1322639	6	169587103	G	A	0.761525	0.01002	0.0063549999999999995	1.57671	0.115	3146	CSF_ab42
rs2144249	6	170694084	T	C	0.150581	-0.006024	0.007285	-0.826904598490048	0.4084	3146	CSF_ab42
rs73033340	7	1195692	A	G	0.0657465	-0.0033299999999999996	0.01841	-0.18087995654535577	0.8565	3146	CSF_ab42
rs6959688	7	1966831	A	G	0.402808	9.311e-4	0.006736	0.13822743467933493	0.8901	3146	CSF_ab42
rs2906152	NA	NA	NA	NA	NA	NA	NA	NA	NA	NA	NA
rs5010183	7	7286198	C	T	0.628135	-0.01303	0.006068	-2.14733	0.031939999999999996	3146	CSF_ab42
rs13240040	NA	NA	NA	NA	NA	NA	NA	NA	NA	NA	NA
rs17432462	7	18548613	T	C	0.39534	-2.043e-5	0.005595	-0.003651474530831099	0.9971	3146	CSF_ab42
rs10263380	7	21578343	C	A	0.436545	-0.004789	0.005785	-0.8278305963699222	0.4079	3146	CSF_ab42
rs4507656	NA	NA	NA	NA	NA	NA	NA	NA	NA	NA	NA
rs4722548	7	25961519	T	C	0.391068	-0.006622	0.005439	-1.2175032175032174	0.2235	3146	CSF_ab42
rs3735533	7	27245893	T	C	0.898585	5.007e-4	0.01081	0.0463182	0.9631	3146	CSF_ab42
rs6961048	7	27328187	C	G	0.138556	0.0043630000000000006	0.008462	0.5155991491373199	0.6061	3146	CSF_ab42
rs342977	7	35459888	G	A	0.80471	0.001471	0.00645	0.228062	0.8197	3146	CSF_ab42
rs3757572	7	45146656	C	A	0.733953	0.005907	0.006462000000000001	0.914113	0.3607	3146	CSF_ab42
rs2854746	7	45960645	G	C	0.344444	-6.482e-4	0.006696	-0.09680406212664278	0.9229	3146	CSF_ab42
rs17454517	7	50915776	A	G	0.51033	-0.006087	0.00535	-1.13776	0.2554	3146	CSF_ab42
rs6460693	7	71339069	A	G	0.297601	-0.01253	0.0057009999999999995	-2.1978600245570954	0.027999999999999997	3146	CSF_ab42
rs1178979	7	72856430	T	C	0.182182	0.006576	0.006633	0.9914066033469019	0.3215	3146	CSF_ab42
rs3807101	7	80393418	C	T	0.121053	-0.006663	0.009009	-0.7395937395937395	0.4596	3146	CSF_ab42
rs6465424	7	94334232	C	T	0.712963	-0.003596	0.005823	-0.617551	0.537	3146	CSF_ab42
rs1449596	7	96395096	C	G	0.639434	9.869e-4	0.005533	0.178366	0.8584	3146	CSF_ab42
rs7788746	7	99612405	G	T	0.695292	6.133e-4	0.005778	0.106144	0.9155	3146	CSF_ab42
rs4556017	7	100632790	C	T	0.830058	0.005097	0.007768000000000001	0.656153	0.5118	3146	CSF_ab42
rs34273277	7	107249020	A	G	0.263359	0.003307	0.00626	0.5282747603833866	0.5973	3146	CSF_ab42
rs2191046	7	107834075	T	G	0.262527	0.0058200000000000005	0.00621	0.9371980676328503	0.3487	3146	CSF_ab42
rs776466	7	114367237	A	C	0.404798	-0.005131	0.005503	-0.9324005088133746	0.3513	3146	CSF_ab42
rs11556924	7	129663496	C	T	0.379298	0.007601	0.006038	1.258860549850944	0.2082	3146	CSF_ab42
rs13237249	7	131151783	C	T	0.417	0.005647	0.005383	1.0490432844138957	0.2942	3146	CSF_ab42
rs75511781	NA	NA	NA	NA	NA	NA	NA	NA	NA	NA	NA
rs7800558	7	140242661	T	C	0.440155	-0.010020000000000001	0.006499	-1.541775657793507	0.1234	3146	CSF_ab42
rs1044608	7	150502016	C	G	0.0787373	-0.01403	0.01042	-1.3464491362763915	0.1782	3146	CSF_ab42
rs3918226	7	150690176	C	T	0.0637024	0.0017230000000000001	0.011640000000000001	0.14802405498281787	0.8824	3146	CSF_ab42
rs4726006	7	150878803	G	A	0.25485	0.01077	0.00624	1.7259615384615385	0.08438999999999999	3146	CSF_ab42
rs6464165	NA	NA	NA	NA	NA	NA	NA	NA	NA	NA	NA
rs9638084	NA	NA	NA	NA	NA	NA	NA	NA	NA	NA	NA
rs4595147	8	1703569	G	T	0.694212	0.005121	0.005794	0.883845	0.3769	3146	CSF_ab42
rs2442618	8	6379832	T	C	0.413408	0.00579	0.005448	1.0627753303964758	0.28800000000000003	3146	CSF_ab42
rs35091929	8	10693492	T	C	0.556806	-0.002575	0.0054729999999999996	-0.470492	0.6381	3146	CSF_ab42
rs11782144	8	13155158	C	G	0.365154	-9.874e-4	0.005334	-0.18511436070491188	0.8532	3146	CSF_ab42
rs62503324	8	23400615	C	T	0.259079	-7.019999999999999e-4	0.006207	-0.11309811503141613	0.91	3146	CSF_ab42
rs13267658	8	23540762	C	T	0.159347	0.00286	0.009415999999999999	0.3037383177570094	0.7614	3146	CSF_ab42
rs951914	8	25878995	G	C	0.66709	0.0108	0.007226000000000001	1.4946	0.1353	3146	CSF_ab42
rs17832905	8	26038759	C	A	0.0612763	0.008529	0.01169	0.7295979469632163	0.4655	3146	CSF_ab42
rs17321041	8	26445194	C	T	0.057992	-0.0023239999999999997	0.01185	-0.1961181434599156	0.8446	3146	CSF_ab42
rs1906672	8	38130025	G	A	0.177935	0.002944	0.006409000000000001	0.4593540333905445	0.6459999999999999	3146	CSF_ab42
rs10087280	8	49391836	A	G	0.159594	-0.001592	0.006806	-0.23391125477519836	0.8151	3146	CSF_ab42
rs4873492	8	51947549	C	T	0.184889	0.01213	0.006806	1.7822509550396708	0.07491	3146	CSF_ab42
rs1440786	8	53386563	C	T	0.263884	-0.004192	0.005997	-0.6990161747540438	0.4847	3146	CSF_ab42
rs11778153	8	64503942	T	C	0.304838	-0.001236	0.005657	-0.21849036591833126	0.8271	3146	CSF_ab42
rs6999850	8	68934648	A	T	0.198113	-0.006592	0.007453	-0.8844760499127867	0.3765	3146	CSF_ab42
rs6983239	8	72507296	G	T	0.185595	0.009203	0.006343	1.4508907457039255	0.1469	3146	CSF_ab42
rs67757009	8	76916446	A	G	0.362827	-0.008654	0.0055509999999999995	-1.55899837867051	0.1191	3146	CSF_ab42
rs148401029	8	81386066	C	A	0.0312386	-0.035339999999999996	0.01518	-2.328063241106719	0.01998	3146	CSF_ab42
rs56345595	8	82814156	A	G	0.376817	0.0117	0.0055	2.1272727272727274	0.03349	3146	CSF_ab42
rs2974994	NA	NA	NA	NA	NA	NA	NA	NA	NA	NA	NA
rs73276406	8	96021760	G	C	0.164915	0.019969999999999998	0.007744	2.5787706611570247	0.009966	3146	CSF_ab42
rs2978098	8	101676675	A	C	0.468593	0.004278	0.005461	0.7833730086064823	0.4335	3146	CSF_ab42
rs142449193	8	102750597	C	T	0.0295539	-0.001132	0.012159999999999999	-0.0930921052631579	0.9259	3146	CSF_ab42
rs677406	8	103934176	T	G	0.231929	0.002359	0.006645	0.3550037622272385	0.7226	3146	CSF_ab42
rs2957468	8	106325360	A	G	0.655329	-0.001804	0.005733	-0.314669	0.753	3146	CSF_ab42
rs2205278	8	117059489	G	A	0.164125	0.007609	0.007828	0.9720235053653552	0.3311	3146	CSF_ab42
rs722783	8	120442287	G	A	0.202178	-0.001057	0.006383	-0.16559611467961774	0.8685	3146	CSF_ab42
rs9918907	8	124816862	A	G	0.242674	-0.001011	0.006651000000000001	-0.15200721695985564	0.8792	3146	CSF_ab42
rs7012891	8	126514676	T	C	0.223818	-0.004313	0.006645999999999999	-0.6489617815227205	0.5165	3146	CSF_ab42
rs6470619	8	129350873	T	C	0.347368	-0.015059999999999999	0.006078	-2.477788746298124	0.01329	3146	CSF_ab42
rs4909314	8	135623798	T	A	0.401133	0.004823	0.005613	0.8592553001959736	0.3903	3146	CSF_ab42
rs4074812	8	141883529	G	A	0.510596	5.648e-4	0.005332	0.105926	0.9156	3146	CSF_ab42
rs78245962	8	142492906	A	G	0.0496197	-0.007127	0.01218	-0.5851395730706075	0.5586	3146	CSF_ab42
rs7827904	8	143506625	A	G	0.726412	0.001745	0.005731	0.304484	0.7608	3146	CSF_ab42
rs3802230	8	143992864	C	A	0.569526	0.001395	0.005447	0.256104	0.7978	3146	CSF_ab42
rs12337056	9	628670	C	T	0.148236	-0.0018170000000000003	0.007104999999999999	-0.25573539760731884	0.7982	3146	CSF_ab42
rs12216886	9	2493751	T	G	0.185886	-0.007306999999999999	0.00678	-1.0777286135693216	0.2813	3146	CSF_ab42
rs1332812	9	9350986	T	A	0.674229	-2.528e-4	0.00558	-0.0453047	0.9639	3146	CSF_ab42
rs62535918	9	10595452	G	C	0.204015	0.006954999999999999	0.007409999999999999	0.9385964912280702	0.3481	3146	CSF_ab42
rs4615669	9	21818674	A	G	0.475503	-0.005007	0.00535	-0.9358878504672898	0.3494	3146	CSF_ab42
rs4977594	9	22943056	G	T	0.783612	-7.347e-4	0.006834000000000001	-0.107507	0.9144	3146	CSF_ab42
rs10971666	9	33737201	T	A	0.303273	-0.004993	0.005588	-0.8935218324982105	0.3717	3146	CSF_ab42
rs13440002	9	34583636	G	T	0.480606	-0.0050420000000000005	0.005808	-0.8681129476584023	0.3854	3146	CSF_ab42
rs1243876	9	35693104	C	T	0.649891	0.003759	0.005888	0.638417	0.5232	3146	CSF_ab42
rs76452347	NA	NA	NA	NA	NA	NA	NA	NA	NA	NA	NA
rs7022435	NA	NA	NA	NA	NA	NA	NA	NA	NA	NA	NA
rs74506463	NA	NA	NA	NA	NA	NA	NA	NA	NA	NA	NA
rs11141731	9	89888472	C	T	0.230364	-0.01199	0.006756	-1.7747187685020724	0.07615	3146	CSF_ab42
rs36116206	9	92455505	G	A	0.316201	0.002339	0.006358	0.3678829820698333	0.713	3146	CSF_ab42
rs1317939	9	95964564	G	A	0.665752	7.861e-4	0.005640999999999999	0.139355	0.8892	3146	CSF_ab42
rs4743021	NA	NA	NA	NA	NA	NA	NA	NA	NA	NA	NA
rs10980408	9	113249071	T	C	0.0313069	0.01017	0.01326	0.7669683257918553	0.4429	3146	CSF_ab42
rs10759697	9	117172307	G	A	0.446703	0.005743	0.005295	1.084608120868744	0.2782	3146	CSF_ab42
rs10983234	9	119321931	A	G	0.0939086	0.007739	0.009724	0.7958658988070753	0.4262	3146	CSF_ab42
rs2133386	9	128173838	C	A	0.44487	-0.004666	0.005441	-0.8575629479875023	0.3912	3146	CSF_ab42
rs10819313	9	130614905	T	C	0.109035	-0.01039	0.008520999999999999	-1.2193404529984744	0.223	3146	CSF_ab42
rs507666	9	136149399	G	A	0.193343	-0.008129	0.006798	-1.1957928802588997	0.2319	3146	CSF_ab42
rs6271	NA	NA	NA	NA	NA	NA	NA	NA	NA	NA	NA
rs11145807	NA	NA	NA	NA	NA	NA	NA	NA	NA	NA	NA
rs34618694	NA	NA	NA	NA	NA	NA	NA	NA	NA	NA	NA
rs11252324	10	4124568	G	T	0.0672238	0.0035009999999999998	0.01006	0.34801192842942347	0.7278	3146	CSF_ab42
rs6602177	NA	NA	NA	NA	NA	NA	NA	NA	NA	NA	NA
rs1623474	10	18471794	C	T	0.318148	-0.003011	0.005629	-0.5349085095043524	0.5928	3146	CSF_ab42
rs12258967	NA	NA	NA	NA	NA	NA	NA	NA	NA	NA	NA
rs3802517	10	28233469	T	A	0.449399	0.006215	0.005324000000000001	1.1673553719008263	0.2432	3146	CSF_ab42
rs1265842	10	28924901	T	C	0.497086	0.001507	0.006488	0.232275	0.8163	3146	CSF_ab42
rs2487926	10	30300787	A	G	0.459862	0.006265	0.005942	1.0543588017502523	0.2918	3146	CSF_ab42
rs3006583	10	31280845	T	C	0.131932	0.00252	0.006972	0.3614457831325301	0.7178	3146	CSF_ab42
rs898550	10	44430746	C	T	0.578431	0.00835	0.005305	1.57399	0.1156	3146	CSF_ab42
rs4948643	10	45379759	T	C	0.716255	0.007223	0.005837	1.23745	0.2161	3146	CSF_ab42
rs34130368	NA	NA	NA	NA	NA	NA	NA	NA	NA	NA	NA
rs2574959	10	52124063	G	C	0.596399	0.001229	0.0053549999999999995	0.229505	0.8184	3146	CSF_ab42
rs72831343	10	63515681	T	G	0.125953	0.01176	0.007781000000000001	1.511373859401105	0.1306	3146	CSF_ab42
rs2236295	NA	NA	NA	NA	NA	NA	NA	NA	NA	NA	NA
rs35506078	10	65210552	T	C	0.298545	-0.009732	0.005765	-1.6881179531656547	0.0915	3146	CSF_ab42
rs17476364	10	71094504	T	C	0.076361	-0.006148	0.009056999999999999	-0.6788119686430386	0.4973	3146	CSF_ab42
rs12247028	10	75410052	G	A	0.583636	0.006765	0.005642	1.19904	0.2306	3146	CSF_ab42
rs1870140	10	82246749	A	G	0.799201	0.01909	0.008145999999999999	2.34348	0.019190000000000002	3146	CSF_ab42
rs2274224	10	96039597	G	C	0.46593	0.009819	0.005312	1.8484563253012047	0.06464	3146	CSF_ab42
rs1006545	10	102553647	G	T	0.902863	6.569e-4	0.009086	0.072298	0.9424	3146	CSF_ab42
rs11190746	10	102663565	G	A	0.55878	-0.008281	0.005419	-1.52814	0.1266	3146	CSF_ab42
rs12414028	10	104957629	T	A	0.107732	0.018930000000000002	0.009745	1.942534633145203	0.05215	3146	CSF_ab42
rs4918065	10	105617578	T	C	0.261153	-9.607999999999998e-4	0.0061340000000000006	-0.1566351483534398	0.8755	3146	CSF_ab42
rs191572726	NA	NA	NA	NA	NA	NA	NA	NA	NA	NA	NA
rs118092123	10	115492859	A	G	0.0528794	-6.281e-4	0.017730000000000003	-0.03542583192329385	0.9717	3146	CSF_ab42
rs2484294	10	115792062	G	A	0.749546	0.00277	0.005919	0.467984	0.6399	3146	CSF_ab42
rs72842207	10	121433675	C	T	0.195904	-0.004308	0.006626000000000001	-0.6501660126773317	0.5157	3146	CSF_ab42
rs11592107	10	122968964	G	A	0.300874	0.006229999999999999	0.005782	1.0774818401937045	0.2814	3146	CSF_ab42
rs10490923	10	124214251	G	A	0.113537	0.008706	0.00834	1.0438848920863308	0.2966	3146	CSF_ab42
rs6482641	10	129782171	C	T	0.334375	-0.009451000000000001	0.006527	-1.4479852918645628	0.1478	3146	CSF_ab42
rs9419374	10	133729749	A	G	0.618368	-0.005985	0.005499	-1.08838	0.2765	3146	CSF_ab42
rs1133400	10	134459388	A	G	0.170483	-8.637e-4	0.006599	-0.13088346719199878	0.8959	3146	CSF_ab42
rs28570096	11	1616088	T	C	0.674	-0.002542	0.005843	-0.43505	0.6636	3146	CSF_ab42
rs79889784	NA	NA	NA	NA	NA	NA	NA	NA	NA	NA	NA
rs569550	NA	NA	NA	NA	NA	NA	NA	NA	NA	NA	NA
rs147081004	NA	NA	NA	NA	NA	NA	NA	NA	NA	NA	NA
rs12418369	NA	NA	NA	NA	NA	NA	NA	NA	NA	NA	NA
rs360153	11	9762274	T	C	0.605301	-6.185e-4	0.005451	-0.113465	0.9097	3146	CSF_ab42
rs7107711	11	13255538	G	C	0.770879	0.007702	0.006125	1.25747	0.2087	3146	CSF_ab42
rs4756782	11	14254606	C	A	0.180662	0.009387999999999999	0.007955	1.1801382778126963	0.23800000000000002	3146	CSF_ab42
rs10832586	11	16304089	A	C	0.16414	-1.7669999999999999e-4	0.006874	-0.025705557171952283	0.9795	3146	CSF_ab42
rs7926335	11	16917869	C	T	0.29321	0.01291	0.005934	2.175598247387934	0.02973	3146	CSF_ab42
rs10500932	11	22501446	G	A	0.109358	-0.003604	0.009275	-0.38857142857142857	0.6976	3146	CSF_ab42
rs2448001	11	27393813	G	A	0.3682	0.001916	0.00548	0.34963503649635036	0.7267	3146	CSF_ab42
rs962369	11	27734420	T	C	0.273891	0.00797	0.005811	1.3715367406642573	0.1703	3146	CSF_ab42
rs7933758	11	31000774	C	T	0.306563	8.402000000000001e-4	0.006495	0.12936104695919942	0.8971	3146	CSF_ab42
rs4132986	11	34102977	C	T	0.126349	-0.007122	0.009659000000000001	-0.7373434102909203	0.461	3146	CSF_ab42
rs4592416	11	43800474	A	G	0.502179	0.0035520000000000005	0.005369	0.6615757124231701	0.5084	3146	CSF_ab42
rs10838702	11	47410888	G	T	0.367588	0.0036439999999999997	0.005416	0.672821270310192	0.5012	3146	CSF_ab42
rs11040503	11	49760350	C	A	0.177922	0.008437	0.007693000000000001	1.0967112959833614	0.2729	3146	CSF_ab42
rs4427587	NA	NA	NA	NA	NA	NA	NA	NA	NA	NA	NA
rs751984	11	61278246	T	C	0.166788	0.014790000000000001	0.008799	1.6808728264575523	0.09286	3146	CSF_ab42
rs35927325	11	63882495	C	T	0.0540443	-0.005202	0.01067	-0.487535145267104	0.6259	3146	CSF_ab42
rs2306363	11	65405600	G	T	0.164524	0.0011710000000000002	0.006706999999999999	0.17459370806619953	0.8614	3146	CSF_ab42
rs11228613	11	69068492	T	G	0.27059	0.001472	0.006272	0.23469387755102042	0.8144	3146	CSF_ab42
rs504217	11	72006086	C	T	0.0916031	-0.013619999999999998	0.009889	-1.377287895641622	0.1685	3146	CSF_ab42
rs7115331	11	76218590	T	G	0.252087	0.01093	0.005984000000000001	1.82653743315508	0.0679	3146	CSF_ab42
rs12793619	11	76921358	G	A	0.329322	-0.0040030000000000005	0.006318	-0.6335865780310226	0.5264	3146	CSF_ab42
rs2511189	11	77916061	A	G	0.176599	-0.014980000000000002	0.0076489999999999995	-1.9584259380311155	0.05031	3146	CSF_ab42
rs2163612	11	83179196	A	C	0.512004	0.002587	0.005856	0.4417691256830601	0.6587	3146	CSF_ab42
rs11606817	NA	NA	NA	NA	NA	NA	NA	NA	NA	NA	NA
rs11021221	11	95308854	T	A	0.155004	0.0036799999999999997	0.00734	0.5013623978201635	0.6162	3146	CSF_ab42
rs61909958	NA	NA	NA	NA	NA	NA	NA	NA	NA	NA	NA
rs604723	11	100610546	T	C	0.724882	0.001165	0.006568000000000001	0.177375	0.8592	3146	CSF_ab42
rs629864	11	100699139	C	T	0.706182	0.01618	0.00618	2.61812	0.008895	3146	CSF_ab42
rs11224683	11	101142420	C	T	0.18279	-0.002369	0.007126	-0.33244456918327253	0.7396	3146	CSF_ab42
rs66682451	11	107097540	A	G	0.253715	0.004173	0.0061	0.6840983606557376	0.4939	3146	CSF_ab42
rs7106104	11	111635655	T	C	0.2996	-0.005353	0.0058969999999999995	-0.9077497032389351	0.364	3146	CSF_ab42
rs12790943	11	120058623	C	T	0.388768	-0.004383	0.00576	-0.7609374999999999	0.4468	3146	CSF_ab42
rs12574332	11	122521123	C	T	0.147026	0.008969	0.008117000000000001	1.1049648885056054	0.2693	3146	CSF_ab42
rs12808150	11	122601697	G	T	0.397963	0.001957	0.005362	0.36497575531518095	0.7153	3146	CSF_ab42
rs4936099	NA	NA	NA	NA	NA	NA	NA	NA	NA	NA	NA
rs6590784	11	134821993	C	T	0.560734	-0.00308	0.005888	-0.523098	0.601	3146	CSF_ab42
rs114073785	12	2358391	T	G	0.028975	-0.004961999999999999	0.01275	-0.3891764705882353	0.6973	3146	CSF_ab42
rs55935819	12	2521579	G	A	0.373048	0.00455	0.005619	0.809752625022246	0.4181	3146	CSF_ab42
rs12304811	12	2659622	G	A	0.231077	-0.0032479999999999996	0.006121	-0.530632249632413	0.5957	3146	CSF_ab42
rs61912333	NA	NA	NA	NA	NA	NA	NA	NA	NA	NA	NA
rs1880903	12	20016505	T	A	0.53049	0.004365	0.005278	0.827018	0.4083	3146	CSF_ab42
rs4306343	12	20190630	A	T	0.781159	6.528e-4	0.005896	0.110719	0.9119	3146	CSF_ab42
rs6487076	NA	NA	NA	NA	NA	NA	NA	NA	NA	NA	NA
rs12229480	12	26472908	T	C	0.24773	-0.002695	0.005964	-0.4518779342723005	0.6514	3146	CSF_ab42
rs7963397	12	32658637	C	T	0.339862	-5.067e-4	0.005368	-0.09439269746646796	0.9248	3146	CSF_ab42
rs1482989	12	33584754	G	A	0.354698	4.596e-4	0.005425	0.08471889400921659	0.9325	3146	CSF_ab42
rs1669907	12	42777933	T	G	0.730642	0.003169	0.0063560000000000005	0.498584	0.6181	3146	CSF_ab42
rs61917655	12	48210787	C	T	0.0976052	0.01035	0.01039	0.9961501443695862	0.3193	3146	CSF_ab42
rs7967705	12	50511408	T	C	0.653134	-0.003138	0.005424	-0.57854	0.5629	3146	CSF_ab42
rs7306947	12	53385046	T	G	0.055475	-0.008523000000000001	0.01171	-0.7278394534585825	0.4669	3146	CSF_ab42
rs6580970	12	54434277	C	T	0.332608	0.003101	0.006915999999999999	0.4483805668016195	0.6539	3146	CSF_ab42
rs6581101	12	57136374	C	A	0.654431	0.007199	0.006664	1.08028	0.2802	3146	CSF_ab42
rs7959649	12	67783108	T	C	0.774837	0.001071	0.006137	0.174515	0.8615	3146	CSF_ab42
rs3730646	12	69231980	G	A	0.44733	0.003527	0.005533	0.6374480390384963	0.5239	3146	CSF_ab42
rs521033	12	69951428	A	G	0.138604	8.402999999999999e-4	0.007603	0.11052216230435352	0.912	3146	CSF_ab42
rs710698	12	70369918	A	G	0.400871	-0.006016	0.005382	-1.1178000743218135	0.2637	3146	CSF_ab42
rs2681485	12	90025622	G	A	0.634434	-0.002549	0.00532	-0.479135	0.6319	3146	CSF_ab42
rs76785029	NA	NA	NA	NA	NA	NA	NA	NA	NA	NA	NA
rs11108209	12	96109855	T	C	0.0690166	0.013909999999999999	0.009969	1.395325509078142	0.1631	3146	CSF_ab42
rs11112548	12	105871914	A	T	0.0840917	-0.01469	0.014209999999999999	-1.0337790288529205	0.3011	3146	CSF_ab42
rs116063464	12	109860182	G	A	0.0429503	-0.02661	0.01107	-2.4037940379403797	0.0163	3146	CSF_ab42
rs7137828	12	111932800	C	T	0.547471	-1.39e-4	0.005288	-0.0262859	0.9790000000000001	3146	CSF_ab42
rs35443	12	115552878	G	C	0.375181	0.001748	0.0054020000000000006	0.32358385783043314	0.7463	3146	CSF_ab42
rs6490019	12	115920472	A	G	0.646439	-0.006014	0.005521	-1.0893	0.2761	3146	CSF_ab42
rs76655494	NA	NA	NA	NA	NA	NA	NA	NA	NA	NA	NA
rs1790123	12	123659542	C	T	0.827035	-0.006586	0.006672	-0.98711	0.3237	3146	CSF_ab42
rs2271139	12	124839540	C	A	0.291606	-0.005893	0.005921	-0.9952710690761696	0.3197	3146	CSF_ab42
rs12828318	12	133766122	A	G	0.158716	-0.004975	0.007561	-0.6579817484459728	0.5106	3146	CSF_ab42
rs682681	13	22294062	T	C	0.654971	-0.006934	0.006019	-1.15202	0.2494	3146	CSF_ab42
rs733703	NA	NA	NA	NA	NA	NA	NA	NA	NA	NA	NA
rs61948065	13	25255052	A	C	0.137573	-0.01113	0.00978	-1.1380368098159508	0.2554	3146	CSF_ab42
rs9507885	NA	NA	NA	NA	NA	NA	NA	NA	NA	NA	NA
rs9508495	NA	NA	NA	NA	NA	NA	NA	NA	NA	NA	NA
rs56256111	NA	NA	NA	NA	NA	NA	NA	NA	NA	NA	NA
rs7992292	13	41968013	G	A	0.841579	-0.002815	0.007429000000000001	-0.37892	0.7048	3146	CSF_ab42
rs201763	13	51019021	G	T	0.629232	6.856e-4	0.005704	0.120196	0.9043	3146	CSF_ab42
rs9526707	13	51489186	G	A	0.332062	-0.005939	0.005887	-1.0088330219126889	0.3131	3146	CSF_ab42
rs77670624	NA	NA	NA	NA	NA	NA	NA	NA	NA	NA	NA
rs9563529	13	58316637	G	T	0.239281	0.006905	0.006623	1.042578891740903	0.2972	3146	CSF_ab42
rs9597991	13	59920017	A	T	0.273529	-0.006698000000000001	0.0067209999999999995	-0.9965778901949116	0.3191	3146	CSF_ab42
rs2875502	13	67352645	G	A	0.392093	-8.856e-4	0.005563	-0.15919467912996582	0.8735	3146	CSF_ab42
rs3861113	13	72364382	C	A	0.0865455	0.009559999999999999	0.009470000000000001	1.0095036958817316	0.3128	3146	CSF_ab42
rs12866098	13	73119617	G	A	0.330733	-0.011770000000000001	0.006085	-1.9342645850451932	0.05322	3146	CSF_ab42
rs12430365	13	79810049	C	T	0.425926	-0.002522	0.005492	-0.45921340131099775	0.6462	3146	CSF_ab42
rs1215469	NA	NA	NA	NA	NA	NA	NA	NA	NA	NA	NA
rs55684003	13	97988689	A	G	0.258903	3.108e-4	0.005864	0.05300136425648022	0.9577	3146	CSF_ab42
rs675605	NA	NA	NA	NA	NA	NA	NA	NA	NA	NA	NA
rs7990017	NA	NA	NA	NA	NA	NA	NA	NA	NA	NA	NA
rs7491960	13	114470370	C	T	0.497274	0.001749	0.005361	0.32624510352546165	0.7443	3146	CSF_ab42
rs7321688	13	115000365	C	A	0.222603	-0.005307	0.006155	-0.862225832656377	0.3887	3146	CSF_ab42
rs7350752	14	21841154	G	A	0.092922	-0.01174	0.009362	-1.2540055543687245	0.2101	3146	CSF_ab42
rs17880989	NA	NA	NA	NA	NA	NA	NA	NA	NA	NA	NA
rs1950500	14	24830850	T	C	0.713846	-0.01027	0.00584	-1.75856	0.07868	3146	CSF_ab42
rs4424827	NA	NA	NA	NA	NA	NA	NA	NA	NA	NA	NA
rs7155504	14	36158828	T	C	0.0633164	0.006509999999999999	0.01069	0.608980355472404	0.5427	3146	CSF_ab42
rs12895569	14	39431589	T	C	0.439179	0.00584	0.005559000000000001	1.0505486598309046	0.2935	3146	CSF_ab42
rs72683923	NA	NA	NA	NA	NA	NA	NA	NA	NA	NA	NA
rs2934679	14	51093745	T	C	0.736393	0.002924	0.006062	0.48234900000000003	0.6296	3146	CSF_ab42
rs35413927	14	53420358	A	G	0.303701	-0.01027	0.005909	-1.7380267388729056	0.08238	3146	CSF_ab42
rs12433714	14	53930172	A	G	0.419978	-8.416000000000001e-4	0.0053939999999999995	-0.15602521319985171	0.8759999999999999	3146	CSF_ab42
rs7143992	NA	NA	NA	NA	NA	NA	NA	NA	NA	NA	NA
rs12148044	14	69214219	G	A	0.183981	-0.005922	0.0071129999999999995	-0.8325601012231126	0.4052	3146	CSF_ab42
rs227426	14	70456664	G	T	0.592344	-0.00732	0.00533	-1.37336	0.1698	3146	CSF_ab42
rs2239268	14	72469591	G	A	0.702039	-0.002505	0.005743	-0.436183	0.6627	3146	CSF_ab42
rs4903064	14	73279420	T	C	0.164608	0.0043549999999999995	0.006745999999999999	0.6455677438482064	0.5186	3146	CSF_ab42
rs117754243	14	84867375	G	T	0.0175597	-0.0034170000000000003	0.01583	-0.21585596967782691	0.8292	3146	CSF_ab42
rs60788617	NA	NA	NA	NA	NA	NA	NA	NA	NA	NA	NA
rs34105469	14	89741908	C	T	0.409636	-0.005876	0.005649	-1.0401841033811294	0.2984	3146	CSF_ab42
rs2295911	14	100184101	G	A	0.163087	0.007668	0.00763	1.0049803407601574	0.315	3146	CSF_ab42
rs7149242	14	101159416	T	G	0.731596	-0.004482	0.006372999999999999	-0.703279	0.48200000000000004	3146	CSF_ab42
rs8014182	14	103859962	C	T	0.173084	-0.01355	0.007923000000000001	-1.7102107787454244	0.08728	3146	CSF_ab42
rs10873612	NA	NA	NA	NA	NA	NA	NA	NA	NA	NA	NA
rs11070245	15	40317792	T	G	0.545139	-0.004435	0.00533	-0.832083	0.4054	3146	CSF_ab42
rs2925345	15	41311799	T	C	0.550454	0.00554	0.005354	1.03474	0.3008	3146	CSF_ab42
rs2305654	15	42136977	C	A	0.398764	0.003926	0.00605	0.6489256198347108	0.5164	3146	CSF_ab42
rs35311230	15	43633497	G	C	0.194808	-0.002739	0.006761	-0.40511758615589416	0.6855	3146	CSF_ab42
rs8033184	15	49658889	G	C	0.34516	0.002925	0.0055780000000000005	0.5243814987450699	0.6001	3146	CSF_ab42
rs7169864	15	53902901	C	T	0.278968	-0.002628	0.006291	-0.41773962804005726	0.6762	3146	CSF_ab42
rs66998675	15	66919057	T	A	0.13388	0.008108	0.009152	0.8859265734265734	0.3757	3146	CSF_ab42
rs28429256	NA	NA	NA	NA	NA	NA	NA	NA	NA	NA	NA
rs2469141	15	66967398	T	C	0.188048	-0.01211	0.007601999999999999	-1.5930018416206262	0.1113	3146	CSF_ab42
rs3743111	15	71587373	G	A	0.617045	-0.001543	0.005399	-0.285794	0.7751	3146	CSF_ab42
rs11636952	15	75114322	T	C	0.638189	-0.01201	0.005765999999999999	-2.0829	0.03741	3146	CSF_ab42
rs57708073	NA	NA	NA	NA	NA	NA	NA	NA	NA	NA	NA
rs2627313	15	81006712	C	T	0.454975	-0.006977	0.005455	-1.2790100824931256	0.201	3146	CSF_ab42
rs77032376	15	90010780	C	T	0.181056	0.0139	0.007509	1.8511119989346116	0.06435	3146	CSF_ab42
rs4932373	15	91429287	A	C	0.337828	0.004083	0.006258	0.6524448705656759	0.5142	3146	CSF_ab42
rs3743369	15	92707569	G	A	0.586538	0.001591	0.00545	0.291927	0.7704	3146	CSF_ab42
rs12906962	NA	NA	NA	NA	NA	NA	NA	NA	NA	NA	NA
rs2589218	15	96785017	T	C	0.270182	-0.003899	0.005940999999999999	-0.656286820400606	0.5117	3146	CSF_ab42
rs28498458	NA	NA	NA	NA	NA	NA	NA	NA	NA	NA	NA
rs62021278	15	101888811	T	C	0.224219	0.009667	0.006363000000000001	1.5192519251925192	0.1288	3146	CSF_ab42
rs12596630	16	2065666	C	T	0.106974	0.001336	0.009509	0.14049847512882532	0.8883	3146	CSF_ab42
rs2285816	16	3536439	C	T	0.0292719	0.01819	0.01197	1.5196324143692566	0.1287	3146	CSF_ab42
rs917522	16	4097222	C	T	0.883653	-0.02356	0.008829	-2.66848	0.007683	3146	CSF_ab42
rs2240668	16	4240907	C	T	0.802359	-0.008492	0.006971	-1.21819	0.2232	3146	CSF_ab42
rs12446456	16	4922201	C	T	0.382182	0.002928	0.005235	0.5593123209169054	0.5760000000000001	3146	CSF_ab42
rs59333122	NA	NA	NA	NA	NA	NA	NA	NA	NA	NA	NA
rs762764	16	19365521	T	C	0.449689	-0.002042	0.0054210000000000005	-0.3766832687695997	0.7065	3146	CSF_ab42
rs77924615	NA	NA	NA	NA	NA	NA	NA	NA	NA	NA	NA
rs9937801	16	21088130	T	C	0.41836	0.007993	0.005405	1.4788159111933394	0.1393	3146	CSF_ab42
rs80095680	16	30902353	A	G	0.296324	-0.0033950000000000004	0.006167	-0.5505107832009082	0.5821	3146	CSF_ab42
rs7192407	16	49783926	T	C	0.465015	-8.26e-4	0.005873	-0.140644	0.8882	3146	CSF_ab42
rs62030049	NA	NA	NA	NA	NA	NA	NA	NA	NA	NA	NA
rs9932220	16	51758116	G	A	0.210355	0.0051990000000000005	0.006525	0.7967816091954023	0.4256	3146	CSF_ab42
rs142076278	NA	NA	NA	NA	NA	NA	NA	NA	NA	NA	NA
rs12919839	16	56859216	C	T	0.293194	0.001637	0.00587	0.2788756388415673	0.7803	3146	CSF_ab42
rs45474499	16	66914492	C	T	0.0405455	0.026869999999999998	0.012070000000000001	2.2261806130903063	0.026010000000000002	3146	CSF_ab42
rs28544928	16	69329268	T	G	0.257506	0.001808	0.006077	0.2975152213263123	0.7661	3146	CSF_ab42
rs12444212	16	71437689	T	C	0.179403	0.001495	0.006809999999999999	0.21953010279001473	0.8263	3146	CSF_ab42
rs11859505	NA	NA	NA	NA	NA	NA	NA	NA	NA	NA	NA
rs8046697	NA	NA	NA	NA	NA	NA	NA	NA	NA	NA	NA
rs12929303	16	81602264	G	A	0.557371	0.005726	0.0054020000000000006	1.059977786005183	0.2892	3146	CSF_ab42
rs11150531	16	83044938	C	G	0.525018	0.01055	0.005821	1.8124	0.07003999999999999	3146	CSF_ab42
rs79286081	16	86555837	G	A	0.0695904	0.008440000000000001	0.01035	0.8154589371980677	0.4149	3146	CSF_ab42
rs299943	16	86696462	A	G	0.0712977	0.009609	0.008939	1.0749524555319385	0.2825	3146	CSF_ab42
rs6500478	16	88640537	T	C	0.883193	-0.01261	0.008404	-1.50048	0.1335	3146	CSF_ab42
rs908951	NA	NA	NA	NA	NA	NA	NA	NA	NA	NA	NA
rs12945829	17	569761	G	A	0.229212	-0.009713	0.006261999999999999	-1.5511018843819866	0.121	3146	CSF_ab42
rs4362428	17	2090341	C	A	0.389273	-0.003151	0.005453	-0.5778470566660554	0.5634	3146	CSF_ab42
rs62072386	17	3896168	T	C	0.180989	-2.4130000000000004e-4	0.006976	-0.03459002293577982	0.9724	3146	CSF_ab42
rs12601936	17	7172609	A	G	0.634643	-0.003238	0.005814	-0.556932	0.5776	3146	CSF_ab42
rs138420351	NA	NA	NA	NA	NA	NA	NA	NA	NA	NA	NA
rs74439044	17	7781019	T	C	0.102078	-0.004222999999999999	0.008962999999999999	-0.4711592100859087	0.6376	3146	CSF_ab42
rs9893005	NA	NA	NA	NA	NA	NA	NA	NA	NA	NA	NA
rs77697889	NA	NA	NA	NA	NA	NA	NA	NA	NA	NA	NA
rs12938803	NA	NA	NA	NA	NA	NA	NA	NA	NA	NA	NA
rs58713975	NA	NA	NA	NA	NA	NA	NA	NA	NA	NA	NA
rs76954792	NA	NA	NA	NA	NA	NA	NA	NA	NA	NA	NA
rs28661492	17	30609932	C	T	0.210804	-0.003714	0.008018	-0.4632077824893988	0.6433	3146	CSF_ab42
rs4793077	17	42171877	C	T	0.722409	-0.009193	0.005989	-1.53498	0.1249	3146	CSF_ab42
rs2239917	17	43165887	T	C	0.580269	-0.004194	0.005370000000000001	-0.781006	0.4348	3146	CSF_ab42
rs62064603	NA	NA	NA	NA	NA	NA	NA	NA	NA	NA	NA
rs55938136	NA	NA	NA	NA	NA	NA	NA	NA	NA	NA	NA
rs3916033	NA	NA	NA	NA	NA	NA	NA	NA	NA	NA	NA
rs8081301	17	47039302	A	T	0.277515	-0.005815	0.0070680000000000005	-0.8227221279003961	0.4108	3146	CSF_ab42
rs9889262	17	47398070	T	A	0.40069	8.782e-4	0.005535	0.15866305329719962	0.8740000000000001	3146	CSF_ab42
rs3785837	NA	NA	NA	NA	NA	NA	NA	NA	NA	NA	NA
rs6504163	17	61545779	C	T	0.618076	0.008999	0.00565	1.59274	0.1113	3146	CSF_ab42
rs1867624	17	62387091	C	T	0.571273	5.957e-4	0.00545	0.109303	0.9129999999999999	3146	CSF_ab42
rs28721340	NA	NA	NA	NA	NA	NA	NA	NA	NA	NA	NA
rs1436138	17	75316880	A	G	0.373496	-0.013940000000000001	0.006677	-2.087763965852928	0.03692	3146	CSF_ab42
rs7217916	NA	NA	NA	NA	NA	NA	NA	NA	NA	NA	NA
rs11077961	NA	NA	NA	NA	NA	NA	NA	NA	NA	NA	NA
rs7227492	18	772064	T	C	0.153031	-0.005327	0.006802	-0.7831520141134961	0.4337	3146	CSF_ab42
rs1903752	NA	NA	NA	NA	NA	NA	NA	NA	NA	NA	NA
rs11665020	NA	NA	NA	NA	NA	NA	NA	NA	NA	NA	NA
rs11664194	18	20021031	T	A	0.512355	0.01056	0.005301	1.9920769666100735	0.0464	3146	CSF_ab42
rs62092644	18	20190856	G	A	0.0393544	-0.006914	0.01591	-0.43456945317410434	0.664	3146	CSF_ab42
rs55692318	18	24395271	T	C	0.442831	0.001599	0.005914	0.270375380453162	0.7869	3146	CSF_ab42
rs10164193	18	31161426	T	G	0.0596147	-0.009552	0.01004	-0.9513944223107569	0.3416	3146	CSF_ab42
rs11661473	18	42177123	G	A	0.289234	1.0029999999999998e-4	0.006071	0.016521166199967054	0.9868	3146	CSF_ab42
rs58693787	18	48141710	A	G	0.267442	0.005054	0.006231	0.8111057615150056	0.4174	3146	CSF_ab42
rs4102481	18	51774715	T	G	0.303481	-0.011179999999999999	0.005679999999999999	-1.9683098591549297	0.04919	3146	CSF_ab42
rs530899	18	55855025	C	A	0.658687	0.008112	0.006176	1.31347	0.1892	3146	CSF_ab42
rs7226536	18	56659658	G	A	0.551642	0.002995	0.005422	0.552379	0.5807	3146	CSF_ab42
rs2062011	NA	NA	NA	NA	NA	NA	NA	NA	NA	NA	NA
rs4891258	18	72995537	A	G	0.340437	-0.0017230000000000001	0.006813	-0.2528988698077206	0.8004	3146	CSF_ab42
rs6506879	NA	NA	NA	NA	NA	NA	NA	NA	NA	NA	NA
rs7246186	19	2215100	A	G	0.712518	-0.01458	0.006082	-2.39724	0.016569999999999998	3146	CSF_ab42
rs10424224	19	7240481	C	T	0.331155	0.007415000000000001	0.005575	1.3300448430493275	0.1836	3146	CSF_ab42
rs7258382	NA	NA	NA	NA	NA	NA	NA	NA	NA	NA	NA
rs2009733	19	8398714	A	G	0.506762	4.905e-4	0.005253	0.09337521416333525	0.9256	3146	CSF_ab42
rs387865	19	11284539	T	C	0.669575	-0.002443	0.005829	-0.419111	0.6751	3146	CSF_ab42
rs167479	19	11526765	G	T	0.483895	-0.002315	0.005778	-0.40065766701280714	0.6888	3146	CSF_ab42
rs1077795	19	17222584	A	G	0.290087	0.0035009999999999998	0.006372999999999999	0.5493488153146086	0.5828	3146	CSF_ab42
rs72999033	19	19366632	C	T	0.0661818	0.01038	0.01111	0.9342934293429344	0.3501	3146	CSF_ab42
rs4381721	19	21951581	C	T	0.649237	-0.006146	0.006142	-1.00065	0.3171	3146	CSF_ab42
rs7257694	19	30314666	C	T	0.432871	-0.001521	0.005541	-0.2744991878722252	0.7837	3146	CSF_ab42
rs8108717	19	31911914	A	G	0.555051	0.002697	0.005618	0.480064	0.6312	3146	CSF_ab42
rs11083473	19	39179934	A	G	0.5251	0.007223	0.005331	1.35491	0.1755	3146	CSF_ab42
rs4803684	19	44642644	T	C	0.395197	-0.002318	0.005478	-0.4231471339905075	0.6722	3146	CSF_ab42
rs73036520	19	45749484	G	C	0.284116	-0.004918	0.006901000000000001	-0.7126503405303578	0.4762	3146	CSF_ab42
rs2548459	19	49209339	T	C	0.407678	-0.004016	0.005328	-0.7537537537537536	0.4511	3146	CSF_ab42
rs73046792	19	49605705	G	A	0.123679	-6.059e-4	0.008537999999999999	-0.07096509721246196	0.9434	3146	CSF_ab42
rs6108168	20	8626271	C	A	0.240532	0.002879	0.006052	0.4757105089226702	0.6343	3146	CSF_ab42
rs693974	20	10557252	C	T	0.620915	0.01021	0.0054729999999999996	1.86552	0.0623	3146	CSF_ab42
rs1327235	20	10969030	A	G	0.46391	2.1989999999999998e-4	0.005338	0.04119520419632821	0.9671	3146	CSF_ab42
rs2327339	20	11147532	A	G	0.44186	0.001001	0.005522999999999999	0.18124207858048164	0.8563	3146	CSF_ab42
rs6078393	20	11908101	T	G	0.421387	0.00636	0.005424	1.1725663716814159	0.24100000000000002	3146	CSF_ab42
rs4814837	20	19241680	C	T	0.29259	-0.006227	0.005483	-1.1356921393397774	0.2562	3146	CSF_ab42
rs2376997	20	30319199	C	A	0.273405	0.004983	0.007186	0.6934316726969106	0.4881	3146	CSF_ab42
rs13042148	20	32298286	C	T	0.144018	-0.002008	0.007756999999999999	-0.25886296248549695	0.7957	3146	CSF_ab42
rs7265695	20	40043096	T	C	0.241924	0.004139	0.006546	0.6322945310113047	0.5272	3146	CSF_ab42
rs6031431	NA	NA	NA	NA	NA	NA	NA	NA	NA	NA	NA
rs2598	20	47241618	A	G	0.399363	0.005487	0.005313	1.0327498588368154	0.3018	3146	CSF_ab42
rs79044887	20	47427831	C	G	0.139628	-0.01061	0.007652	-1.386565603763722	0.1657	3146	CSF_ab42
rs234623	20	57488964	G	A	0.464938	-0.001443	0.006318	-0.228395	0.8194	3146	CSF_ab42
rs6026739	20	57739469	A	T	0.179115	0.006141	0.008064	0.761532738095238	0.4464	3146	CSF_ab42
rs2379120	NA	NA	NA	NA	NA	NA	NA	NA	NA	NA	NA
rs4925247	NA	NA	NA	NA	NA	NA	NA	NA	NA	NA	NA
rs6010641	20	62392553	T	C	0.496992	-0.01027	0.005495	-1.8689717925386715	0.061739999999999996	3146	CSF_ab42
rs79208229	20	62516236	G	T	0.130047	0.001289	0.0108	0.11935185185185185	0.905	3146	CSF_ab42
rs35213536	20	62694319	G	T	0.272909	-0.0067599999999999995	0.006265	-1.0790103750997606	0.2807	3146	CSF_ab42
rs1882961	21	16556367	C	T	0.353902	0.006055	0.006365999999999999	0.9511467169337103	0.3416	3146	CSF_ab42
rs6517423	21	16794039	G	A	0.277636	0.0045130000000000005	0.0057929999999999995	0.7790436733989299	0.436	3146	CSF_ab42
rs12627606	21	30118708	A	C	0.220182	-0.008853	0.0061600000000000005	-1.4371753246753245	0.1507	3146	CSF_ab42
rs2211788	21	33781443	A	T	0.230629	-0.001997	0.007409000000000001	-0.2695370495343501	0.7876	3146	CSF_ab42
rs1003763	NA	NA	NA	NA	NA	NA	NA	NA	NA	NA	NA
rs12627514	NA	NA	NA	NA	NA	NA	NA	NA	NA	NA	NA
rs34487963	NA	NA	NA	NA	NA	NA	NA	NA	NA	NA	NA
rs7278003	21	44966069	T	C	0.606325	0.007502	0.005469	1.37173	0.1703	3146	CSF_ab42
rs399757	NA	NA	NA	NA	NA	NA	NA	NA	NA	NA	NA
rs5992929	22	18451977	C	T	0.264738	-0.007444	0.006492	-1.1466420209488601	0.2516	3146	CSF_ab42
rs134041	22	28056338	T	C	0.581384	0.01009	0.005339	1.88987	0.05899	3146	CSF_ab42
rs12321	22	29453193	G	C	0.360436	0.01047	0.00548	1.9105839416058397	0.05628	3146	CSF_ab42
rs5753630	22	31861950	A	G	0.47046	-2.268e-4	0.005391	-0.042070116861435726	0.9664	3146	CSF_ab42
rs73165097	22	40712439	G	A	0.0908756	0.00527	0.01372	0.3841107871720117	0.7008	3146	CSF_ab42
rs9627391	22	46447097	C	T	0.373861	-0.01063	0.006095000000000001	-1.7440525020508613	0.08133	3146	CSF_ab42
