SNP	CHROM	POS	REF	ALT	AF	BETA	SE	Z	P	N	TRAIT
rs28421659	NA	NA	NA	NA	NA	NA	NA	NA	NA	NA	NA
rs34394051	1	6853091	A	G	0.172545	-0.001093	0.005441	-0.20088219077375483	0.8408	3146	CSF_ab42
rs1193237	1	7526486	G	C	0.510909	-0.005432	0.0041140000000000005	-1.32037	0.1868	3146	CSF_ab42
rs301800	1	8490603	T	C	0.840044	0.001688	0.0052829999999999995	0.319515	0.7494	3146	CSF_ab42
rs12030427	NA	NA	NA	NA	NA	NA	NA	NA	NA	NA	NA
rs78116078	1	18434125	C	G	0.283135	-5.792000000000001e-4	0.004584	-0.12635253054101223	0.8995	3146	CSF_ab42
rs74701752	1	20875676	G	T	0.0961328	-0.009948	0.006792	-1.4646643109540636	0.1431	3146	CSF_ab42
rs6699127	NA	NA	NA	NA	NA	NA	NA	NA	NA	NA	NA
rs79523955	NA	NA	NA	NA	NA	NA	NA	NA	NA	NA	NA
rs2297600	NA	NA	NA	NA	NA	NA	NA	NA	NA	NA	NA
rs114584677	1	38011997	G	T	0.0652727	0.0058969999999999995	0.008544	0.690191947565543	0.4901	3146	CSF_ab42
rs76211769	1	38506819	T	C	0.0815474	0.015569999999999999	0.0068790000000000006	2.263410379415612	0.02365	3146	CSF_ab42
rs1892417	1	41779673	T	C	0.223029	0.003785	0.004942	0.7658842573856738	0.4438	3146	CSF_ab42
rs77510794	NA	NA	NA	NA	NA	NA	NA	NA	NA	NA	NA
rs2819336	1	44015809	T	C	0.642802	-0.004591	0.004298	-1.06817	0.2856	3146	CSF_ab42
rs7161	NA	NA	NA	NA	NA	NA	NA	NA	NA	NA	NA
rs1738050	1	44707295	G	C	0.593044	-0.001962	0.004218	-0.465149	0.6419	3146	CSF_ab42
rs713358	1	45988267	C	G	0.180762	0.002602	0.004872	0.5340722495894911	0.5934	3146	CSF_ab42
rs6658111	NA	NA	NA	NA	NA	NA	NA	NA	NA	NA	NA
rs663234	1	57735595	C	G	0.616878	0.003525	0.004229	0.83353	0.4046	3146	CSF_ab42
rs2800059	NA	NA	NA	NA	NA	NA	NA	NA	NA	NA	NA
rs1937435	1	66441619	A	T	0.0889615	0.003928	0.007509	0.5231056066054068	0.601	3146	CSF_ab42
rs17440885	1	67208622	A	G	0.091833	0.01211	0.008509000000000001	1.4231989658009165	0.1546	3146	CSF_ab42
rs9436866	1	69427576	A	C	0.136678	0.003588	0.006714	0.5344057193923145	0.5931	3146	CSF_ab42
rs3795694	1	70766863	T	C	0.186096	0.004758	0.005125	0.928390243902439	0.3532	3146	CSF_ab42
rs481940	1	71442457	T	C	0.817918	-0.001038	0.00474	-0.218987	0.8266	3146	CSF_ab42
rs1620977	1	72729142	A	G	0.737341	-0.001546	0.0047090000000000005	-0.328307	0.7428	3146	CSF_ab42
rs7516923	1	73843761	A	G	0.12568	-0.008440999999999999	0.0065439999999999995	-1.2898838630806846	0.1972	3146	CSF_ab42
rs1569092	1	74858724	G	A	0.11897	-0.004406	0.005825	-0.7563948497854077	0.4494	3146	CSF_ab42
rs76549394	1	75935191	A	G	0.0221416	-0.01964	0.01127	-1.7426796805678793	0.08154	3146	CSF_ab42
rs1335482	1	78603463	T	C	0.512	-6.374e-4	0.004285	-0.1487514585764294	0.8818	3146	CSF_ab42
rs537342	1	89099222	C	T	0.43148	1.9180000000000003e-4	0.004131	0.04642943597191964	0.963	3146	CSF_ab42
rs1008078	NA	NA	NA	NA	NA	NA	NA	NA	NA	NA	NA
rs7526112	1	93747683	T	G	0.379185	0.005448	0.004278	1.273492286115007	0.203	3146	CSF_ab42
rs635754	1	96484940	G	A	0.558545	-0.008719	0.004069	-2.14279	0.0322	3146	CSF_ab42
rs10875121	1	98417446	G	C	0.825898	-0.002656	0.005531	-0.480202	0.6311	3146	CSF_ab42
rs12750688	NA	NA	NA	NA	NA	NA	NA	NA	NA	NA	NA
rs1856778	1	102850380	G	A	0.718671	1.102e-4	0.004389	0.0251082	0.98	3146	CSF_ab42
rs575113	1	110046373	G	A	0.345788	-0.003164	0.004673	-0.6770811042157073	0.4984	3146	CSF_ab42
rs333078	1	110534914	C	A	0.351127	-7.863e-4	0.004384000000000001	-0.17935675182481747	0.8577	3146	CSF_ab42
rs59123361	NA	NA	NA	NA	NA	NA	NA	NA	NA	NA	NA
rs4839155	1	112161489	T	G	0.241467	-0.007925	0.004876	-1.6253076292042656	0.1042	3146	CSF_ab42
rs2618039	1	112324111	A	T	0.423119	-0.004497	0.004215999999999999	-1.0666508538899433	0.2862	3146	CSF_ab42
rs3790609	1	113056990	C	T	0.158794	6.11e-4	0.005465	0.11180237877401647	0.9109999999999999	3146	CSF_ab42
rs12746551	1	114374966	C	G	0.0268408	3.623e-4	0.01206	0.030041459369817582	0.976	3146	CSF_ab42
rs6678474	1	117772297	A	T	0.0217786	-1.702e-4	0.01052	-0.0161787072243346	0.9871	3146	CSF_ab42
rs35550545	1	151000183	G	A	0.153204	0.005354	0.006612000000000001	0.8097398669086509	0.4181	3146	CSF_ab42
rs61748951	NA	NA	NA	NA	NA	NA	NA	NA	NA	NA	NA
rs3026996	NA	NA	NA	NA	NA	NA	NA	NA	NA	NA	NA
rs7543462	1	159898913	A	G	0.547888	0.001753	0.004028	0.435204	0.6635	3146	CSF_ab42
rs1200083	1	169137277	G	A	0.608704	0.005622	0.004149	1.35503	0.1755	3146	CSF_ab42
rs35039375	1	171516863	A	G	0.0803253	5.105e-4	0.0075060000000000005	0.06801225686117772	0.9458	3146	CSF_ab42
rs6672986	1	174076864	G	C	0.404478	0.002604	0.004059	0.6415373244641537	0.5213	3146	CSF_ab42
rs4652135	NA	NA	NA	NA	NA	NA	NA	NA	NA	NA	NA
rs17498867	1	182077680	G	A	0.158619	-0.009292	0.005365	-1.7319664492078286	0.08337	3146	CSF_ab42
rs1926827	1	183693921	C	T	0.509101	-0.001262	0.00406	-0.310837	0.7559	3146	CSF_ab42
rs12126231	1	184698816	A	G	0.35774	-0.003635	0.004213000000000001	-0.8628056017089959	0.3883	3146	CSF_ab42
rs4272628	1	189603032	A	G	0.482915	-1.108e-5	0.004135	-0.0026795646916565902	0.9979	3146	CSF_ab42
rs1171042	1	190385714	C	T	0.800835	-0.003343	0.004954999999999999	-0.674672	0.4999	3146	CSF_ab42
rs12724430	1	196100283	T	G	0.476511	-0.007187000000000001	0.00406	-1.7701970443349755	0.07677	3146	CSF_ab42
rs12118513	1	197517086	T	A	0.182825	-0.009736	0.005177	-1.8806258450840254	0.060129999999999996	3146	CSF_ab42
rs16842147	1	197910120	T	G	0.202321	0.007156	0.004942	1.4479967624443544	0.1477	3146	CSF_ab42
rs2820314	1	201872209	A	C	0.339767	-0.008914	0.004344	-2.0520257826887662	0.04024	3146	CSF_ab42
rs3747631	1	204587569	G	C	0.241806	-0.009091	0.004911	-1.8511504785176136	0.06422	3146	CSF_ab42
rs16854920	1	204966170	T	C	0.343155	0.004783	0.004323	1.1064075873236179	0.2686	3146	CSF_ab42
rs7525987	NA	NA	NA	NA	NA	NA	NA	NA	NA	NA	NA
rs2487903	1	210385673	A	G	0.556806	-1.151e-4	0.004106	-0.0280321	0.9776	3146	CSF_ab42
rs61829485	1	210915548	A	C	0.247553	-0.007518	0.004685	-1.6046958377801495	0.1087	3146	CSF_ab42
rs71646142	1	212369228	C	T	0.182612	0.003568	0.005273	0.6766546557936659	0.4986	3146	CSF_ab42
rs3123307	1	213160826	G	A	0.291328	0.0058969999999999995	0.004455	1.3236812570145904	0.1858	3146	CSF_ab42
rs1391513	NA	NA	NA	NA	NA	NA	NA	NA	NA	NA	NA
rs3767657	1	220198127	C	T	0.152198	-0.006012	0.006546	-0.9184234647112741	0.3585	3146	CSF_ab42
rs4846724	1	221967817	G	A	0.55	-0.006525	0.004079	-1.59966	0.1098	3146	CSF_ab42
rs72753048	1	225794524	G	A	0.213145	0.0018260000000000001	0.004953	0.3686654552796285	0.7123	3146	CSF_ab42
rs1329125	1	234740880	C	T	0.395332	-0.0029690000000000003	0.004529999999999999	-0.6554083885209715	0.5123	3146	CSF_ab42
rs6429082	1	235600129	T	C	0.565146	0.004621	0.004068	1.13594	0.2561	3146	CSF_ab42
rs2990547	1	237742717	C	T	0.434659	-0.0063289999999999996	0.004121	-1.5357922834263529	0.1247	3146	CSF_ab42
rs72768080	1	241871634	T	C	0.178015	-0.0070090000000000005	0.005179	-1.3533500675806143	0.1761	3146	CSF_ab42
rs3897821	1	243420388	A	G	0.345497	5.297e-4	0.004342	0.12199447259327499	0.9029	3146	CSF_ab42
rs622169	1	244437407	C	T	0.428311	0.008602	0.004379999999999999	1.9639269406392699	0.04965	3146	CSF_ab42
rs4366937	NA	NA	NA	NA	NA	NA	NA	NA	NA	NA	NA
rs13400823	2	1918360	A	G	0.379555	0.001716	0.004236	0.40509915014164305	0.6855	3146	CSF_ab42
rs12614263	2	4123797	G	A	0.472767	-0.001888	0.004081	-0.46263170791472674	0.6437	3146	CSF_ab42
rs7603132	2	4951548	G	A	0.174392	0.001425	0.005173	0.2754687802049101	0.7829999999999999	3146	CSF_ab42
rs76076331	2	10977585	C	T	0.233806	-0.006801000000000001	0.00604	-1.1259933774834439	0.2602	3146	CSF_ab42
rs10929829	2	12859459	T	C	0.0799488	-0.002928	0.007587999999999999	-0.385872430152873	0.6997	3146	CSF_ab42
rs11689269	2	15621917	C	G	0.639172	2.221e-4	0.004326	0.0513407	0.9591	3146	CSF_ab42
rs10856785	2	16650175	C	T	0.742644	0.006756	0.004629	1.45949	0.1445	3146	CSF_ab42
rs11124434	2	21328903	C	T	0.105954	8.387000000000001e-4	0.006823999999999999	0.12290445486518173	0.9022	3146	CSF_ab42
rs67446571	2	22554648	A	G	0.389978	0.001906	0.004227000000000001	0.450910811450201	0.6521	3146	CSF_ab42
rs116325000	2	24296416	G	A	0.0543872	0.004471	0.009403	0.47548654684675107	0.6345	3146	CSF_ab42
rs935166	2	26949366	G	A	0.509612	0.0027649999999999997	0.004111999999999999	0.6724221789883269	0.5013	3146	CSF_ab42
rs4358081	2	29100642	A	C	0.456871	-0.002173	0.004092	-0.5310361681329423	0.5954	3146	CSF_ab42
rs11681861	2	29633087	T	G	0.104432	8.377e-4	0.006416	0.1305642144638404	0.8961	3146	CSF_ab42
rs6543810	2	34380023	C	T	0.344364	4.364e-4	0.004277	0.10203413607668925	0.9187	3146	CSF_ab42
rs2063177	2	41712849	G	A	0.376229	0.007189	0.004298	1.6726384364820848	0.09455	3146	CSF_ab42
rs12468040	2	44854981	T	G	0.575728	5.908e-5	0.004124	0.0143259	0.9886	3146	CSF_ab42
rs4438532	2	48643668	G	A	0.339195	-0.007490999999999999	0.004301	-1.7416879795396418	0.08162	3146	CSF_ab42
rs1527920	2	49707210	G	T	0.495641	0.00361	0.00409	0.882640586797066	0.3775	3146	CSF_ab42
rs10191436	2	50619058	C	T	0.4626	0.00439	0.004057	1.0820803549420754	0.2792	3146	CSF_ab42
rs17570033	2	51079664	G	T	0.122323	-0.004825	0.006841	-0.705306241777518	0.4807	3146	CSF_ab42
rs13010288	2	51824512	G	T	0.0918664	0.0011	0.006075	0.18106995884773663	0.8563	3146	CSF_ab42
rs2589091	2	55575981	G	A	0.397091	-0.001199	0.004098	-0.292581747193753	0.7698	3146	CSF_ab42
rs2216326	2	56415888	A	G	0.486914	0.004615	0.004286	1.0767615492300513	0.2817	3146	CSF_ab42
rs2217361	2	57225684	G	A	0.626228	0.003113	0.004064	0.765994	0.4437	3146	CSF_ab42
rs1106090	2	58068741	G	A	0.564545	0.0024	0.004115	0.583232	0.5597	3146	CSF_ab42
rs115629871	2	59079287	T	C	0.0280269	-0.0106	0.011290000000000001	-0.9388839681133746	0.3477	3146	CSF_ab42
rs72802200	NA	NA	NA	NA	NA	NA	NA	NA	NA	NA	NA
rs7595950	2	60143192	T	C	0.56	0.001587	0.004086	0.388399	0.6977	3146	CSF_ab42
rs10189857	2	60713235	A	G	0.442831	0.005178	0.004084	1.2678746327130266	0.2049	3146	CSF_ab42
rs35115993	2	61580119	C	T	0.203193	-2.354e-5	0.0058590000000000005	-0.0040177504693633724	0.9968	3146	CSF_ab42
rs268120	2	65604914	A	G	0.722041	0.01192	0.004591	2.59638	0.009454	3146	CSF_ab42
rs6731373	NA	NA	NA	NA	NA	NA	NA	NA	NA	NA	NA
rs2706762	2	70488470	C	T	0.118106	-0.01054	0.005705	-1.8475021910604734	0.06473999999999999	3146	CSF_ab42
rs34363861	NA	NA	NA	NA	NA	NA	NA	NA	NA	NA	NA
rs112806496	2	80421805	C	G	0.0791634	-0.01265	0.007945	-1.5921963499056009	0.1114	3146	CSF_ab42
rs11894424	2	80588091	A	C	0.0559041	-0.01355	0.008657999999999999	-1.5650265650265651	0.1176	3146	CSF_ab42
rs75755471	2	81708417	G	A	0.049855	0.002784	0.008768000000000001	0.3175182481751824	0.7509	3146	CSF_ab42
rs35836525	NA	NA	NA	NA	NA	NA	NA	NA	NA	NA	NA
rs62154856	NA	NA	NA	NA	NA	NA	NA	NA	NA	NA	NA
rs62157915	2	98897183	T	C	0.0583968	-0.01675	0.008265999999999999	-2.026373094604404	0.04285	3146	CSF_ab42
rs17023131	2	100406732	G	C	0.272595	-0.0011279999999999999	0.004752	-0.23737373737373735	0.8124	3146	CSF_ab42
rs11123818	2	100867308	G	A	0.385802	-0.0035479999999999995	0.0041990000000000005	-0.8449630864491543	0.3982	3146	CSF_ab42
rs71415374	NA	NA	NA	NA	NA	NA	NA	NA	NA	NA	NA
rs62155873	2	105969362	C	T	0.107195	0.005427	0.0065980000000000006	0.8225219763564716	0.4108	3146	CSF_ab42
rs12712269	2	107564115	T	C	0.609639	0.007499	0.004122	1.81926	0.06897	3146	CSF_ab42
rs6709871	NA	NA	NA	NA	NA	NA	NA	NA	NA	NA	NA
rs939780	2	120450659	G	A	0.822018	0.003149	0.005259000000000001	0.598783	0.5493	3146	CSF_ab42
rs1355833	2	124523422	G	C	0.426074	0.001045	0.00403	0.25930521091811415	0.7955	3146	CSF_ab42
rs13010566	2	125873208	A	C	0.479673	0.002524	0.004086	0.617719	0.5367	3146	CSF_ab42
rs4662711	2	127990840	G	A	0.458834	0.002865	0.004107	0.697589481373265	0.4854	3146	CSF_ab42
rs10439212	2	129183774	T	C	0.24183	-0.0018789999999999998	0.004749000000000001	-0.3956622446830911	0.6923	3146	CSF_ab42
rs17650634	2	139420392	T	C	0.249184	-0.009865	0.005463	-1.8057843675636098	0.07103999999999999	3146	CSF_ab42
rs72972965	2	140454376	C	A	0.471954	0.009263	0.004195	2.208104886769964	0.02729	3146	CSF_ab42
rs1429370	2	141599025	C	G	0.944967	-4.768e-4	0.007670000000000001	-0.0621643	0.9504	3146	CSF_ab42
rs1878848	2	142011410	T	G	0.330486	-0.003913000000000001	0.004664	-0.8389794168096056	0.4016	3146	CSF_ab42
rs62166492	2	142357828	A	G	0.0865385	0.011290000000000001	0.008357999999999999	1.350801627183537	0.1768	3146	CSF_ab42
rs997123	2	142852502	T	C	0.546606	0.005349	0.004104	1.30336	0.1925	3146	CSF_ab42
rs13428598	2	144250487	C	T	0.333087	7.193e-4	0.0041979999999999995	0.1713434969032873	0.8640000000000001	3146	CSF_ab42
rs1427298	2	145214421	C	T	0.446507	-0.002783	0.004336	-0.6418357933579336	0.521	3146	CSF_ab42
rs7575637	2	145796251	G	A	0.376909	-5.863999999999999e-4	0.004079	-0.14376072566805587	0.8857	3146	CSF_ab42
rs17742342	2	148633936	A	C	0.149072	-0.01169	0.00504	-2.3194444444444446	0.020380000000000002	3146	CSF_ab42
rs6729612	2	152780167	C	T	0.721112	0.001126	0.004347	0.259029	0.7957	3146	CSF_ab42
rs4664605	NA	NA	NA	NA	NA	NA	NA	NA	NA	NA	NA
rs13422673	2	155474355	C	T	0.519419	0.003749	0.004185	0.8958183990442055	0.3704	3146	CSF_ab42
rs6720515	2	156603535	A	T	0.268627	0.003815	0.004889	0.7803231744733073	0.4353	3146	CSF_ab42
rs6436555	NA	NA	NA	NA	NA	NA	NA	NA	NA	NA	NA
rs4664968	2	159366618	G	A	0.891833	0.003168	0.00733	0.432196	0.6657	3146	CSF_ab42
rs62177359	NA	NA	NA	NA	NA	NA	NA	NA	NA	NA	NA
rs11678980	NA	NA	NA	NA	NA	NA	NA	NA	NA	NA	NA
rs13015258	NA	NA	NA	NA	NA	NA	NA	NA	NA	NA	NA
rs6736898	2	164389567	A	G	0.347146	0.0017800000000000001	0.0040950000000000005	0.43467643467643463	0.6639	3146	CSF_ab42
rs1947114	2	166180772	A	G	0.315332	0.005193	0.004647999999999999	1.1172547332185887	0.264	3146	CSF_ab42
rs1400637	NA	NA	NA	NA	NA	NA	NA	NA	NA	NA	NA
rs17428076	2	172851936	C	G	0.2259	0.006403	0.00477	1.3423480083857442	0.1795	3146	CSF_ab42
rs13009008	2	174043233	A	G	0.65435	0.004767	0.004318	1.10398	0.2696	3146	CSF_ab42
rs4972400	NA	NA	NA	NA	NA	NA	NA	NA	NA	NA	NA
rs77371497	2	175257934	G	C	0.0684211	0.0016699999999999998	0.008673	0.19255159690995038	0.8473	3146	CSF_ab42
rs11694904	NA	NA	NA	NA	NA	NA	NA	NA	NA	NA	NA
rs1527878	2	183446535	G	A	0.785636	-0.001168	0.004653	-0.251021	0.8019	3146	CSF_ab42
rs62174974	2	185053385	G	A	0.193818	0.004673	0.005174	0.9031696946269812	0.3665	3146	CSF_ab42
rs115438240	2	185883877	T	G	0.0477684	0.01355	0.009071	1.4937713592768163	0.1352	3146	CSF_ab42
rs66641143	NA	NA	NA	NA	NA	NA	NA	NA	NA	NA	NA
rs34796043	2	191016790	C	T	0.208427	0.005776	0.005085	1.135889872173058	0.2562	3146	CSF_ab42
rs13025214	NA	NA	NA	NA	NA	NA	NA	NA	NA	NA	NA
rs2245901	2	194296294	G	A	0.40714	0.006648	0.00409	1.6254278728606357	0.1042	3146	CSF_ab42
rs6706197	NA	NA	NA	NA	NA	NA	NA	NA	NA	NA	NA
rs1455350	NA	NA	NA	NA	NA	NA	NA	NA	NA	NA	NA
rs13035874	2	201109553	G	A	0.364644	-0.001439	0.00436	-0.330045871559633	0.7414	3146	CSF_ab42
rs4675248	2	202880230	A	G	0.550764	0.004108	0.004247	0.967271	0.3335	3146	CSF_ab42
rs1348942	NA	NA	NA	NA	NA	NA	NA	NA	NA	NA	NA
rs114340522	2	206850862	G	C	0.0650598	0.01489	0.010459999999999999	1.4235181644359467	0.1549	3146	CSF_ab42
rs725822	2	207732113	T	C	0.316249	3.0460000000000003e-4	0.004298	0.07087017217310378	0.9435	3146	CSF_ab42
rs11681987	2	208275968	C	T	0.220284	0.0017289999999999999	0.0049	0.3528571428571428	0.7242	3146	CSF_ab42
rs62184480	2	212654200	C	T	0.293775	0.004035	0.004565	0.8838992332968238	0.3768	3146	CSF_ab42
rs147323855	NA	NA	NA	NA	NA	NA	NA	NA	NA	NA	NA
rs13029509	2	215374209	G	A	0.478471	0.008942	0.004249	2.104495175335373	0.035410000000000004	3146	CSF_ab42
rs11898582	NA	NA	NA	NA	NA	NA	NA	NA	NA	NA	NA
rs12614206	NA	NA	NA	NA	NA	NA	NA	NA	NA	NA	NA
rs57016874	2	220310112	C	T	0.0315004	0.0065829999999999994	0.01039	0.6335899903753609	0.5262	3146	CSF_ab42
rs72974219	2	225423784	G	C	0.353132	-0.001161	0.004328	-0.2682532347504621	0.7885	3146	CSF_ab42
rs12694681	2	226609241	T	G	0.32221	-0.004386999999999999	0.00455	-0.964175824175824	0.3351	3146	CSF_ab42
rs67890737	2	228984644	C	A	0.3102	0.0032549999999999996	0.004224	0.7705965909090907	0.441	3146	CSF_ab42
rs150909446	NA	NA	NA	NA	NA	NA	NA	NA	NA	NA	NA
rs10205801	2	233597196	G	A	0.545537	-0.003314	0.004104	-0.807505	0.4195	3146	CSF_ab42
rs1406063	NA	NA	NA	NA	NA	NA	NA	NA	NA	NA	NA
rs62190914	NA	NA	NA	NA	NA	NA	NA	NA	NA	NA	NA
rs2034670	2	237106201	A	G	0.229463	0.00449	0.005123	0.8764395861799726	0.3809	3146	CSF_ab42
rs6706275	2	240265617	C	T	0.321182	-0.005308	0.004383	-1.211042664841433	0.226	3146	CSF_ab42
rs13388333	2	242400597	A	G	0.358549	1.875e-4	0.004228	0.04434720908230842	0.9646	3146	CSF_ab42
rs55830111	3	3785616	T	C	0.124092	0.006508	0.006495999999999999	1.0018472906403941	0.3164	3146	CSF_ab42
rs6808050	3	7776639	G	T	0.310364	-0.00671	0.004743	-1.4147164242040902	0.1573	3146	CSF_ab42
rs17048855	3	8258174	G	A	0.362	0.003358	0.004383	0.7661419119324664	0.4437	3146	CSF_ab42
rs382196	3	9145554	G	T	0.370962	-0.002942	0.004336	-0.6785055350553506	0.4975	3146	CSF_ab42
rs41147	3	10368102	G	A	0.497449	-1.0959999999999998e-4	0.004263	-0.02570959418250058	0.9795	3146	CSF_ab42
rs5746154	3	12705048	G	A	0.14755	0.01383	0.006132	2.255381604696673	0.02415	3146	CSF_ab42
rs9882532	3	16865845	T	C	0.39261	-0.002139	0.004218	-0.507112375533428	0.6122	3146	CSF_ab42
rs78300560	3	19431418	G	A	0.0837563	0.01909	0.007232	2.639657079646018	0.008329999999999999	3146	CSF_ab42
rs11710447	3	20912018	T	C	0.462237	-5.367000000000001e-4	0.004285	-0.12525087514585767	0.9004	3146	CSF_ab42
rs9811913	3	22469821	A	G	0.281503	-0.002816	0.004825	-0.5836269430051813	0.5596	3146	CSF_ab42
rs9883892	3	23224246	A	G	0.211014	-0.001276	0.004867	-0.26217382371070475	0.7931	3146	CSF_ab42
rs4858670	3	25006453	C	T	0.710029	0.01347	0.004367	3.0845	0.002048	3146	CSF_ab42
rs6551088	3	26448194	T	C	0.603924	-3.62e-4	0.004239	-0.0853975	0.932	3146	CSF_ab42
rs11713577	3	28910107	A	G	0.362277	-0.00249	0.004194	-0.5937052932761088	0.5528	3146	CSF_ab42
rs7614270	3	35025388	A	C	0.852866	0.002386	0.005886	0.405369	0.6852	3146	CSF_ab42
rs4328757	NA	NA	NA	NA	NA	NA	NA	NA	NA	NA	NA
rs150186931	NA	NA	NA	NA	NA	NA	NA	NA	NA	NA	NA
rs10514710	3	44883971	G	A	0.202178	-0.006248	0.005072	-1.2318611987381702	0.2181	3146	CSF_ab42
rs62260764	3	47990500	G	C	0.203414	-0.002459	0.00465	-0.5288172043010753	0.5969	3146	CSF_ab42
rs13090388	3	49391082	C	T	0.30446	0.006205	0.004398	1.410868576625739	0.1584	3146	CSF_ab42
rs73082936	3	50512974	C	T	0.0886099	0.007086	0.00743	0.9537012113055182	0.3403	3146	CSF_ab42
rs182308457	NA	NA	NA	NA	NA	NA	NA	NA	NA	NA	NA
rs74453875	NA	NA	NA	NA	NA	NA	NA	NA	NA	NA	NA
rs10433551	NA	NA	NA	NA	NA	NA	NA	NA	NA	NA	NA
rs3796348	NA	NA	NA	NA	NA	NA	NA	NA	NA	NA	NA
rs7625428	3	56570907	C	T	0.617743	6.278e-4	0.004118999999999999	0.152416	0.8789	3146	CSF_ab42
rs35871234	3	60835863	G	A	0.195549	-6.327e-4	0.004953	-0.12774076317383404	0.8984	3146	CSF_ab42
rs6774533	3	62471086	C	T	0.666243	6.622e-5	0.004542	0.0145795	0.9884	3146	CSF_ab42
rs62247449	NA	NA	NA	NA	NA	NA	NA	NA	NA	NA	NA
rs77554090	3	65711935	C	T	0.0760712	0.003118	0.00811	0.38446362515413074	0.7006	3146	CSF_ab42
rs75017517	NA	NA	NA	NA	NA	NA	NA	NA	NA	NA	NA
rs1873265	3	68871767	G	T	0.579599	-0.0034390000000000002	0.004145	-0.829674	0.4067	3146	CSF_ab42
rs115000530	3	69930625	A	T	0.04814	-0.01141	0.009148	-1.2472671622212506	0.2123	3146	CSF_ab42
rs55736314	3	71586293	C	G	0.361496	0.002797	0.004327	0.6464062861104691	0.5181	3146	CSF_ab42
rs9820604	NA	NA	NA	NA	NA	NA	NA	NA	NA	NA	NA
rs1918394	3	74903904	T	C	0.84459	-7.152e-4	0.005253	-0.136151	0.8917	3146	CSF_ab42
rs112379405	3	76230061	C	G	0.45921	0.006411	0.00414	1.5485507246376813	0.1216	3146	CSF_ab42
rs11708628	NA	NA	NA	NA	NA	NA	NA	NA	NA	NA	NA
rs9844755	3	78440564	G	A	0.329698	0.006027	0.004249	1.4184514003294892	0.1561	3146	CSF_ab42
rs2871632	3	79413350	G	A	0.52221	0.003326	0.004056000000000001	0.82002	0.4123	3146	CSF_ab42
rs13318986	3	82533639	G	A	0.308406	-0.007384999999999999	0.004367	-1.6910922830318293	0.0909	3146	CSF_ab42
rs66568921	3	85672018	T	G	0.37936	0.0019149999999999998	0.004327	0.44256990986826894	0.6581	3146	CSF_ab42
rs9682919	3	90368237	A	G	0.477534	0.004371	0.004364	1.0016040329972502	0.3166	3146	CSF_ab42
rs62266108	3	93530098	T	C	0.259535	-8.761000000000001e-4	0.004799	-0.18255886643050637	0.8552	3146	CSF_ab42
rs9853928	3	103295384	C	T	0.200182	-0.004611	0.004879	-0.9450707112113138	0.3447	3146	CSF_ab42
rs7626224	3	104907697	G	T	0.804197	0.006604	0.004647999999999999	1.42083	0.1554	3146	CSF_ab42
rs9862385	3	107450331	A	G	0.159536	-0.008229	0.00551	-1.4934664246823957	0.1354	3146	CSF_ab42
rs79269403	NA	NA	NA	NA	NA	NA	NA	NA	NA	NA	NA
rs2718414	3	114217236	T	C	0.119151	0.0058130000000000005	0.0059770000000000005	0.9725614856951648	0.3309	3146	CSF_ab42
rs6805241	3	116532683	T	C	0.204067	9.336e-4	0.00481	0.1940956340956341	0.8461	3146	CSF_ab42
rs9881096	3	117158450	C	T	0.551543	0.001713	0.004027	0.425379	0.6706	3146	CSF_ab42
rs2088913	3	117310069	A	G	0.407852	-0.001431	0.004074	-0.35125184094256257	0.7254	3146	CSF_ab42
rs13091704	3	118419383	A	C	0.742298	0.00346	0.004632	0.746978	0.4552	3146	CSF_ab42
rs11720985	3	122214045	C	T	0.330224	-0.004942	0.004604	-1.0734144222415292	0.2833	3146	CSF_ab42
rs35919256	3	123556171	C	A	0.627369	-0.002096	0.004227000000000001	-0.49586	0.62	3146	CSF_ab42
rs9863658	3	125220822	C	T	0.275937	-0.0016809999999999998	0.004268	-0.39386129334582937	0.6937	3146	CSF_ab42
rs7641346	3	126894537	G	A	0.186321	5.79e-4	0.004949	0.11699333198625984	0.9069	3146	CSF_ab42
rs9289300	3	127144988	T	C	0.126999	-0.002202	0.005454	-0.40374037403740376	0.6864	3146	CSF_ab42
rs2929860	3	128691941	T	C	0.838475	0.006044	0.005465	1.10595	0.2688	3146	CSF_ab42
rs11712444	3	132042883	G	A	0.20022	-0.006745	0.005131	-1.314558565581758	0.1888	3146	CSF_ab42
rs1461515	3	137081649	G	A	0.438319	-0.0038799999999999998	0.004076	-0.9519136408243376	0.3412	3146	CSF_ab42
rs9289594	3	139699811	T	C	0.772051	0.003659	0.004657	0.785699	0.43200000000000005	3146	CSF_ab42
rs6440008	NA	NA	NA	NA	NA	NA	NA	NA	NA	NA	NA
rs2885198	NA	NA	NA	NA	NA	NA	NA	NA	NA	NA	NA
rs17507342	3	146983062	C	T	0.357221	-0.003011	0.004311	-0.6984458362328926	0.485	3146	CSF_ab42
rs73010956	NA	NA	NA	NA	NA	NA	NA	NA	NA	NA	NA
rs1521328	NA	NA	NA	NA	NA	NA	NA	NA	NA	NA	NA
rs75249094	3	156489008	C	T	0.0881073	0.0027660000000000002	0.007195	0.38443363446838086	0.7007	3146	CSF_ab42
rs73874335	3	157933483	C	T	0.0782957	0.00719	0.008167	0.8803722297049099	0.3788	3146	CSF_ab42
rs1599381	3	160867680	G	A	0.495999	-0.007501000000000001	0.004067	-1.8443570199164003	0.06523999999999999	3146	CSF_ab42
rs73879447	3	165733789	A	G	0.0340037	0.01757	0.01183	1.4852071005917158	0.1377	3146	CSF_ab42
rs2055026	3	167462868	T	G	0.195489	-0.00176	0.00491	-0.35845213849287166	0.72	3146	CSF_ab42
rs35475880	3	168853348	G	T	0.233992	0.01015	0.005076	1.9996059889676912	0.04566	3146	CSF_ab42
rs8192675	3	170724883	T	C	0.281613	-0.006611	0.004384000000000001	-1.5079835766423355	0.1316	3146	CSF_ab42
rs1421418	3	173924058	T	G	0.726843	0.002532	0.004575	0.553443	0.5801	3146	CSF_ab42
rs72622559	3	175672897	C	T	0.243805	-0.001062	0.004693999999999999	-0.2262462718363869	0.821	3146	CSF_ab42
rs77025239	3	180734185	G	A	0.166001	-0.0015480000000000001	0.0055	-0.2814545454545455	0.7784	3146	CSF_ab42
rs114600294	NA	NA	NA	NA	NA	NA	NA	NA	NA	NA	NA
rs9870317	3	182514636	A	C	0.672476	-7.279e-4	0.004342	-0.167642	0.8669	3146	CSF_ab42
rs11545169	3	184020542	G	T	0.183962	0.003943	0.005849	0.674132330312874	0.5003	3146	CSF_ab42
rs1516726	3	185824274	A	G	0.822633	0.006783	0.005136	1.32068	0.1867	3146	CSF_ab42
rs62409178	3	196039070	C	G	0.767387	-0.003506	0.005333	-0.657416	0.511	3146	CSF_ab42
rs9876485	3	196802040	C	A	0.170315	0.007970999999999999	0.005403	1.4752915047196	0.1403	3146	CSF_ab42
rs75751670	NA	NA	NA	NA	NA	NA	NA	NA	NA	NA	NA
rs112687095	NA	NA	NA	NA	NA	NA	NA	NA	NA	NA	NA
rs13120295	4	2965611	G	C	0.445535	-0.003297	0.00419	-0.7868735083532219	0.4314	3146	CSF_ab42
rs363096	4	3180021	T	C	0.564042	0.003029	0.00413	0.733414	0.4634	3146	CSF_ab42
rs73208982	4	5213120	C	G	0.37048	0.001829	0.004372	0.41834400731930466	0.6757	3146	CSF_ab42
rs2702575	4	15059105	T	C	0.636265	0.005048	0.004093	1.23333	0.2175	3146	CSF_ab42
rs1861044	4	15539498	A	G	0.5746	-8.508e-4	0.004187	-0.2032	0.8390000000000001	3146	CSF_ab42
rs13147223	NA	NA	NA	NA	NA	NA	NA	NA	NA	NA	NA
rs11725086	4	21934042	C	T	0.364938	0.002791	0.004129	0.6759505933640106	0.4991	3146	CSF_ab42
rs36083520	4	23715876	T	C	0.175754	0.006458	0.005346	1.2080059857837635	0.2272	3146	CSF_ab42
rs4358358	4	30970822	G	A	0.67067	0.006658	0.004509	1.4766	0.1399	3146	CSF_ab42
rs868456	4	32150029	G	A	0.726273	-0.001114	0.004404	-0.252952	0.8003	3146	CSF_ab42
rs61798586	NA	NA	NA	NA	NA	NA	NA	NA	NA	NA	NA
rs337637	4	38604470	G	A	0.321182	-7.968e-4	0.004281	-0.186124737210932	0.8523	3146	CSF_ab42
rs6812533	4	39687838	T	C	0.278442	-0.00938	0.004584	-2.0462478184991273	0.04081	3146	CSF_ab42
rs12646216	4	45980056	C	T	0.335938	-9.195e-5	0.004211	-0.02183566848729518	0.9826	3146	CSF_ab42
rs4299555	NA	NA	NA	NA	NA	NA	NA	NA	NA	NA	NA
rs1505676	4	62127291	G	C	0.668427	0.004902	0.004194	1.16881	0.2426	3146	CSF_ab42
rs62306379	4	62896144	T	A	0.208333	-0.004961999999999999	0.004682	-1.059803502776591	0.2893	3146	CSF_ab42
rs12646297	4	65803784	G	A	0.726943	-0.006816	0.004425999999999999	-1.53999	0.1237	3146	CSF_ab42
rs115454970	NA	NA	NA	NA	NA	NA	NA	NA	NA	NA	NA
rs13141210	4	67891641	C	T	0.504913	6.742e-4	0.004174000000000001	0.161524	0.8717	3146	CSF_ab42
rs80298574	4	72370424	G	A	0.139138	0.009848	0.00598	1.6468227424749164	0.0997	3146	CSF_ab42
rs9992915	4	80937651	A	G	0.506538	-0.002763	0.004046	-0.6828966880869994	0.4947	3146	CSF_ab42
rs7655515	4	91091035	A	G	0.445877	5.973e-5	0.004131	0.014458968772694262	0.9885	3146	CSF_ab42
rs12503522	4	94543233	C	T	0.284699	-0.008522	0.004536	-1.878747795414462	0.060360000000000004	3146	CSF_ab42
rs60547137	4	96605353	T	C	0.0824873	1.639e-4	0.006586	0.024886122077133314	0.9802	3146	CSF_ab42
rs35518360	NA	NA	NA	NA	NA	NA	NA	NA	NA	NA	NA
rs1391438	4	106151843	T	C	0.654056	-0.008298	0.004193	-1.97901	0.047939999999999997	3146	CSF_ab42
rs7696747	4	107296413	A	C	0.182909	0.008352	0.00549	1.521311475409836	0.1283	3146	CSF_ab42
rs62337203	NA	NA	NA	NA	NA	NA	NA	NA	NA	NA	NA
rs925161	NA	NA	NA	NA	NA	NA	NA	NA	NA	NA	NA
rs4833438	4	114935931	T	C	0.865845	-0.004602	0.0058200000000000005	-0.790722	0.4292	3146	CSF_ab42
rs1975841	NA	NA	NA	NA	NA	NA	NA	NA	NA	NA	NA
rs3217767	4	122740989	G	A	0.0167334	-0.01116	0.01181	-0.9449618966977138	0.3451	3146	CSF_ab42
rs13145650	4	122963344	C	T	0.912681	0.00279	0.007222	0.38632	0.6993	3146	CSF_ab42
rs10006235	4	130670108	T	C	0.757086	0.002091	0.004647	0.449968	0.6528	3146	CSF_ab42
rs6535149	NA	NA	NA	NA	NA	NA	NA	NA	NA	NA	NA
rs6535201	NA	NA	NA	NA	NA	NA	NA	NA	NA	NA	NA
rs12647336	4	140643071	A	G	0.163343	0.004079999999999999	0.005547	0.7355327203893995	0.462	3146	CSF_ab42
rs12643771	NA	NA	NA	NA	NA	NA	NA	NA	NA	NA	NA
rs969512	4	147872742	A	T	0.391249	0.008081	0.004209	1.9199334758850082	0.05496	3146	CSF_ab42
rs6823423	4	152604723	T	C	0.506399	1.0680000000000001e-4	0.0040869999999999995	0.02613163689747982	0.9792	3146	CSF_ab42
rs71607150	4	158547154	C	A	0.0780966	-0.0192	0.007811	-2.458071949814364	0.01404	3146	CSF_ab42
rs2347526	4	159853577	T	C	0.674537	-0.007278	0.004346	-1.67464	0.09414	3146	CSF_ab42
rs62339593	NA	NA	NA	NA	NA	NA	NA	NA	NA	NA	NA
rs10618845	NA	NA	NA	NA	NA	NA	NA	NA	NA	NA	NA
rs56405138	4	166126745	T	A	0.119845	-0.006927	0.006383	-1.0852263825787247	0.2779	3146	CSF_ab42
rs34616566	NA	NA	NA	NA	NA	NA	NA	NA	NA	NA	NA
rs6821231	NA	NA	NA	NA	NA	NA	NA	NA	NA	NA	NA
rs11732657	4	172427073	G	A	0.819818	0.00322	0.004698	0.685398	0.4932	3146	CSF_ab42
rs10010277	4	173971670	T	C	0.755443	-0.006464	0.004640999999999999	-1.3928	0.1638	3146	CSF_ab42
rs17598675	4	176647637	T	C	0.464623	1.008e-4	0.004099	0.024591363747255426	0.9804	3146	CSF_ab42
rs62340619	4	176939794	G	A	0.594126	0.001245	0.0043100000000000005	0.288863	0.7727	3146	CSF_ab42
rs71615297	NA	NA	NA	NA	NA	NA	NA	NA	NA	NA	NA
rs964916	4	182276761	T	A	0.387631	0.001894	0.004143	0.4571566497706976	0.6476	3146	CSF_ab42
rs28373063	NA	NA	NA	NA	NA	NA	NA	NA	NA	NA	NA
rs12644463	4	184792373	T	C	0.385216	0.003129	0.004019	0.7785518785767603	0.4363	3146	CSF_ab42
rs78721320	NA	NA	NA	NA	NA	NA	NA	NA	NA	NA	NA
rs599673	NA	NA	NA	NA	NA	NA	NA	NA	NA	NA	NA
rs4702507	5	7924130	G	A	0.0572671	-0.002604	0.007097	-0.3669155981400592	0.7137	3146	CSF_ab42
rs31940	5	11476812	G	A	0.134713	6.744e-5	0.005849	0.011530176098478373	0.9908	3146	CSF_ab42
rs11953245	5	17731427	T	C	0.274229	0.003754	0.004668	0.8041988003427591	0.4213	3146	CSF_ab42
rs56310750	NA	NA	NA	NA	NA	NA	NA	NA	NA	NA	NA
rs17563464	NA	NA	NA	NA	NA	NA	NA	NA	NA	NA	NA
rs10940921	5	30808645	T	G	0.549265	-0.001026	0.0041530000000000004	-0.24705	0.8049	3146	CSF_ab42
rs324438	5	32449228	A	G	0.733382	0.005888	0.004715	1.24878	0.2118	3146	CSF_ab42
rs17243165	5	43145154	A	G	0.104	-0.001363	0.006278	-0.21710735903153872	0.8282	3146	CSF_ab42
rs2337412	5	45483512	G	T	0.345537	0.0036590000000000004	0.0041140000000000005	0.8894020418084589	0.3738	3146	CSF_ab42
rs1364626	5	51743910	C	T	0.477968	0.008020000000000001	0.004182	1.9177427068388333	0.05525	3146	CSF_ab42
rs2607505	5	52976955	C	G	0.316412	0.002617	0.004347	0.6020243846330803	0.5472	3146	CSF_ab42
rs702606	5	53167117	T	C	0.125997	-0.005104	0.006007	-0.849675378724821	0.3955	3146	CSF_ab42
rs75486329	NA	NA	NA	NA	NA	NA	NA	NA	NA	NA	NA
rs6149034	NA	NA	NA	NA	NA	NA	NA	NA	NA	NA	NA
rs9763743	5	57109717	A	C	0.801969	-0.006551	0.004818	-1.35969	0.174	3146	CSF_ab42
rs2964197	5	57535206	C	T	0.491652	-2.055e-4	0.0040880000000000005	-0.05026908023483365	0.9599	3146	CSF_ab42
rs981230	5	59039858	C	T	0.542665	0.004691	0.004137	1.1339134638627024	0.257	3146	CSF_ab42
rs1363862	5	59670035	G	A	0.27931	-0.001322	0.004667	-0.2832654810370688	0.777	3146	CSF_ab42
rs4700393	5	60098267	A	G	0.523141	0.001772	0.004118999999999999	0.430202	0.6671	3146	CSF_ab42
rs112645734	NA	NA	NA	NA	NA	NA	NA	NA	NA	NA	NA
rs1827540	5	63001049	A	G	0.522876	-1.867e-4	0.004106	-0.045470043838285436	0.9637	3146	CSF_ab42
rs7716822	5	63833241	T	A	0.253445	-0.004898	0.004566	-1.0727113447218573	0.2835	3146	CSF_ab42
rs59953820	5	65980947	A	T	0.0959651	0.01121	0.006645999999999999	1.6867288594643397	0.09189	3146	CSF_ab42
rs56194430	NA	NA	NA	NA	NA	NA	NA	NA	NA	NA	NA
rs7716161	5	72179574	G	C	0.1412	-0.003952000000000001	0.005483	-0.7207732992887107	0.4712	3146	CSF_ab42
rs10044730	5	80014944	G	A	0.338496	-0.00278	0.004219	-0.6589239156198151	0.5101	3146	CSF_ab42
rs34316	5	88015545	A	C	0.576253	0.004413	0.004089	1.07924	0.2805	3146	CSF_ab42
rs62378245	NA	NA	NA	NA	NA	NA	NA	NA	NA	NA	NA
rs11741740	5	89871514	T	C	0.348292	-0.0020559999999999997	0.004281	-0.48026162111656145	0.6311	3146	CSF_ab42
rs6867851	NA	NA	NA	NA	NA	NA	NA	NA	NA	NA	NA
rs12332731	5	93033082	T	A	0.116528	3.5039999999999995e-4	0.005273	0.066451735255073	0.9470000000000001	3146	CSF_ab42
rs10074178	5	93927705	A	G	0.495448	0.001033	0.004051	0.2549987657368551	0.7987	3146	CSF_ab42
rs74944275	5	102726073	C	T	0.0314989	-8.482000000000001e-4	0.01114	-0.07614003590664274	0.9393	3146	CSF_ab42
rs6421926	5	104075130	T	C	0.685475	-0.003032	0.004359	-0.695572	0.4867	3146	CSF_ab42
rs72786102	NA	NA	NA	NA	NA	NA	NA	NA	NA	NA	NA
rs152603	5	106774922	A	G	0.332485	-0.009000000000000001	0.004381	-2.054325496461995	0.040060000000000005	3146	CSF_ab42
rs13163062	5	106955451	C	T	0.378009	-0.0033799999999999998	0.004156	-0.8132820019249277	0.4161	3146	CSF_ab42
rs17489649	NA	NA	NA	NA	NA	NA	NA	NA	NA	NA	NA
rs417880	5	111851612	A	G	0.30625	-0.001759	0.004318	-0.40736452061139417	0.6839	3146	CSF_ab42
rs4705763	5	112394503	G	C	0.53092	-2.614e-5	0.0040219999999999995	-0.00649925	0.9948	3146	CSF_ab42
rs73260443	NA	NA	NA	NA	NA	NA	NA	NA	NA	NA	NA
rs406413	5	113898581	A	T	0.197388	0.008912	0.0050810000000000004	1.7539854359378073	0.07951	3146	CSF_ab42
rs1584469	5	120101694	C	T	0.334545	0.001006	0.00451	0.22305986696230598	0.8236	3146	CSF_ab42
rs12655753	5	122682812	G	A	0.0808209	-0.003435	0.01199	-0.286488740617181	0.7746	3146	CSF_ab42
rs10060023	NA	NA	NA	NA	NA	NA	NA	NA	NA	NA	NA
rs11742189	5	124838346	G	C	0.155116	-0.0056890000000000005	0.006096	-0.933234908136483	0.3507	3146	CSF_ab42
rs6871635	NA	NA	NA	NA	NA	NA	NA	NA	NA	NA	NA
rs801545	5	134994816	T	G	0.806785	-0.01422	0.004911	-2.89554	0.0038090000000000003	3146	CSF_ab42
rs892612	5	136533365	A	C	0.875816	-0.006541	0.005727	-1.14213	0.2535	3146	CSF_ab42
rs12519073	5	136776762	C	T	0.229235	0.004693999999999999	0.004677000000000001	1.0036348086380156	0.3157	3146	CSF_ab42
rs468968	5	141027399	T	C	0.551642	-0.003332	0.003986	-0.835926	0.4033	3146	CSF_ab42
rs17104413	NA	NA	NA	NA	NA	NA	NA	NA	NA	NA	NA
rs7710653	5	145933086	A	T	0.319782	0.0016129999999999999	0.004371	0.3690231068405399	0.7121	3146	CSF_ab42
rs3890802	5	152081927	G	A	0.242909	0.003665	0.004594	0.7977797126686983	0.425	3146	CSF_ab42
rs34604401	5	157337150	C	G	0.486177	-0.001754	0.004256	-0.4121240601503759	0.6802	3146	CSF_ab42
rs78462586	5	158417803	A	G	0.0565422	-0.0030559999999999997	0.008375	-0.36489552238805967	0.7152	3146	CSF_ab42
rs55669118	NA	NA	NA	NA	NA	NA	NA	NA	NA	NA	NA
rs173768	5	160747541	G	A	0.23692	-0.004693	0.004622	-1.015361315447858	0.3101	3146	CSF_ab42
rs42210	5	166408788	G	C	0.746543	-0.002702	0.004640999999999999	-0.582202	0.5605	3146	CSF_ab42
rs6867056	5	167535028	G	T	0.213067	-0.004070000000000001	0.004847	-0.8396946564885498	0.4011	3146	CSF_ab42
rs29793	5	168975756	G	A	0.365371	-0.002742	0.004158	-0.6594516594516594	0.5097	3146	CSF_ab42
rs75215634	5	171953546	G	A	0.000583885	0.003447	0.004855	0.709989701338826	0.4778	3146	CSF_ab42
rs2545798	NA	NA	NA	NA	NA	NA	NA	NA	NA	NA	NA
rs9503598	NA	NA	NA	NA	NA	NA	NA	NA	NA	NA	NA
rs9349956	NA	NA	NA	NA	NA	NA	NA	NA	NA	NA	NA
rs2014559	6	16648072	T	C	0.572909	0.006635	0.004065	1.63223	0.1028	3146	CSF_ab42
rs72829857	6	16966052	A	G	0.219579	0.0032340000000000003	0.004678	0.6913210773834974	0.4893	3146	CSF_ab42
rs9367942	6	17127706	G	A	0.16606	-0.004422	0.006251	-0.7074068149096144	0.4794	3146	CSF_ab42
rs72828517	6	19036035	T	C	0.154516	-0.001165	0.005347	-0.21787918458948943	0.8275	3146	CSF_ab42
rs4710894	6	19256760	T	C	0.100146	-0.003151	0.007004000000000001	-0.44988577955454023	0.6528	3146	CSF_ab42
rs767943	6	23446691	C	A	0.270432	0.004911	0.004603	1.0669128829024548	0.2861	3146	CSF_ab42
rs2179152	6	26325888	T	C	0.662541	1.221e-4	0.004226	0.0288926	0.9769	3146	CSF_ab42
rs60096640	6	27636313	A	G	0.124319	0.007814	0.0061600000000000005	1.2685064935064934	0.2047	3146	CSF_ab42
rs115877125	NA	NA	NA	NA	NA	NA	NA	NA	NA	NA	NA
rs9267658	6	31845985	T	C	0.850738	0.01116	0.006173	1.80787	0.07069	3146	CSF_ab42
rs9492	NA	NA	NA	NA	NA	NA	NA	NA	NA	NA	NA
rs1061801	6	33282338	G	A	0.156137	-0.0016489999999999999	0.005331	-0.30932282873757266	0.757	3146	CSF_ab42
rs2209345	NA	NA	NA	NA	NA	NA	NA	NA	NA	NA	NA
rs115403893	6	34002089	G	A	0.0341074	-0.0138	0.01311	-1.0526315789473684	0.2925	3146	CSF_ab42
rs112246428	NA	NA	NA	NA	NA	NA	NA	NA	NA	NA	NA
rs6457996	NA	NA	NA	NA	NA	NA	NA	NA	NA	NA	NA
rs9471333	6	40362023	C	T	0.527697	0.006731	0.004062	1.65707	0.0976	3146	CSF_ab42
rs912883	6	41552040	T	C	0.357169	-8.039999999999999e-4	0.004318	-0.18619731357109773	0.8523	3146	CSF_ab42
rs200234	6	50415008	A	G	0.181107	-0.006926000000000001	0.005795000000000001	-1.1951682484900776	0.2321	3146	CSF_ab42
rs2182505	6	51653864	T	C	0.78066	-0.004406	0.004417	-0.99751	0.3186	3146	CSF_ab42
rs16888133	6	56574391	T	A	0.204603	-0.004881	0.004935	-0.9890577507598783	0.3227	3146	CSF_ab42
rs1938391	6	62461924	A	G	0.0496737	0.005514	0.008115	0.6794824399260627	0.4969	3146	CSF_ab42
rs9342482	6	66223843	G	T	0.232558	0.003617	0.00481	0.751975051975052	0.4521	3146	CSF_ab42
rs9454169	NA	NA	NA	NA	NA	NA	NA	NA	NA	NA	NA
rs9446060	6	69552271	G	A	0.49233	-0.002848	0.004051	-0.703036	0.4821	3146	CSF_ab42
rs9343824	6	79497569	A	G	0.374412	-7.25e-4	0.004381	-0.16548733165943846	0.8686	3146	CSF_ab42
rs6911927	NA	NA	NA	NA	NA	NA	NA	NA	NA	NA	NA
rs4352658	6	88279872	C	T	0.0825455	-0.01188	0.007465	-1.5914266577361018	0.1116	3146	CSF_ab42
rs2655626	6	92026933	T	C	0.562909	-4.007e-4	0.004059	-0.0987189	0.9214	3146	CSF_ab42
rs1408284	6	93893586	C	G	0.107441	-0.007139	0.0061990000000000005	-1.1516373608646555	0.2496	3146	CSF_ab42
rs9386319	6	96566419	A	G	0.404753	-0.004441	0.0041340000000000005	-1.0742622157716495	0.2828	3146	CSF_ab42
rs9372625	6	98344031	G	A	0.334676	-0.002565	0.004305	-0.5958188153310104	0.5514	3146	CSF_ab42
rs13216468	6	99536298	G	T	0.0489051	-0.004325	0.007741	-0.5587133445291306	0.5764	3146	CSF_ab42
rs72990858	6	105147784	G	A	0.096132	-7.953e-4	0.0076359999999999996	-0.10415138816134102	0.9171	3146	CSF_ab42
rs9384679	6	108864419	C	T	0.436684	-0.006425	0.00417	-1.540767386091127	0.1235	3146	CSF_ab42
rs9386787	6	109600293	A	G	0.556124	0.003331	0.004067	0.819031	0.4129	3146	CSF_ab42
rs706899	6	112042817	A	T	0.0445779	0.004614	0.008762	0.526592102259758	0.5985	3146	CSF_ab42
rs117005905	NA	NA	NA	NA	NA	NA	NA	NA	NA	NA	NA
rs9320493	6	114742697	A	G	0.828431	-0.002545	0.005546	-0.458889	0.6463	3146	CSF_ab42
rs10456918	6	119233480	A	C	0.129985	0.005078	0.005429	0.9353472094308345	0.3497	3146	CSF_ab42
rs139612798	6	124349945	T	C	0.0235849	-0.01051	0.01213	-0.866446826051113	0.3865	3146	CSF_ab42
rs9388490	6	126704795	C	T	0.413186	-0.005327	0.004214	-1.2641196013289038	0.2063	3146	CSF_ab42
rs13197257	6	128333682	G	T	0.338354	0.002254	0.004614	0.4885132206328565	0.6252	3146	CSF_ab42
rs12195064	NA	NA	NA	NA	NA	NA	NA	NA	NA	NA	NA
rs77671273	6	131215343	A	G	0.0405797	-0.004038	0.01209	-0.33399503722084367	0.7384	3146	CSF_ab42
rs9373363	6	143150043	A	G	0.25817	-0.0043619999999999996	0.0047799999999999995	-0.9125523012552301	0.3616	3146	CSF_ab42
rs11754551	6	145631063	T	C	0.130127	-0.007091	0.0068980000000000005	-1.0279791243838794	0.304	3146	CSF_ab42
rs631608	6	148230224	A	G	0.550727	0.003022	0.0040869999999999995	0.739418	0.4598	3146	CSF_ab42
rs6557171	6	152234593	T	C	0.723412	-3.072e-4	0.004415	-0.069581	0.9445	3146	CSF_ab42
rs9371881	6	155638213	G	A	0.322686	-0.01028	0.004265	-2.41031652989449	0.01595	3146	CSF_ab42
rs17321729	6	157268937	A	G	0.248276	-8.286e-4	0.005029	-0.1647643666732949	0.8692	3146	CSF_ab42
rs9379315	NA	NA	NA	NA	NA	NA	NA	NA	NA	NA	NA
rs9347382	6	160440734	T	A	0.107156	0.004832	0.006022	0.8023912321487879	0.4224	3146	CSF_ab42
rs2023016	6	162981266	C	G	0.222162	-0.003188	0.005154	-0.6185487000388048	0.5363	3146	CSF_ab42
rs56194975	6	165400232	G	A	0.227074	0.006325	0.004789	1.3207350177490083	0.1866	3146	CSF_ab42
rs55872852	NA	NA	NA	NA	NA	NA	NA	NA	NA	NA	NA
rs3800546	6	170067022	C	G	0.280616	0.00366	0.004548	0.8047493403693932	0.42100000000000004	3146	CSF_ab42
rs62444881	7	2052318	C	T	0.252461	0.001709	0.005123	0.333593597501464	0.7387	3146	CSF_ab42
rs34853711	7	2214187	G	C	0.178092	0.006612000000000001	0.004936	1.339546191247974	0.1805	3146	CSF_ab42
rs10266047	7	3476501	C	G	0.446785	-0.009731	0.004115	-2.3647630619684086	0.0181	3146	CSF_ab42
rs71529384	NA	NA	NA	NA	NA	NA	NA	NA	NA	NA	NA
rs6946362	NA	NA	NA	NA	NA	NA	NA	NA	NA	NA	NA
rs17568389	7	8091876	T	A	0.485818	0.003079	0.004077	0.755212	0.4502	3146	CSF_ab42
rs118134876	7	11500372	C	T	0.0751812	0.01066	0.009255	1.1518098325229607	0.2496	3146	CSF_ab42
rs11768252	7	11935659	A	G	0.545421	-0.002773	0.004067	-0.681829	0.4954	3146	CSF_ab42
rs11971750	7	13445626	A	G	0.34177	6.708e-5	0.004298	0.01560725919032108	0.9875	3146	CSF_ab42
rs17664431	NA	NA	NA	NA	NA	NA	NA	NA	NA	NA	NA
rs12699778	7	16354557	T	C	0.521234	0.0043219999999999995	0.004128	1.0469961240310077	0.2952	3146	CSF_ab42
rs6461536	7	21131807	A	G	0.254182	0.001243	0.004649	0.26736932673693264	0.7892	3146	CSF_ab42
rs62439690	NA	NA	NA	NA	NA	NA	NA	NA	NA	NA	NA
rs79265434	7	24621381	A	G	0.124593	0.007965	0.0064849999999999994	1.228218966846569	0.2194	3146	CSF_ab42
rs112162625	NA	NA	NA	NA	NA	NA	NA	NA	NA	NA	NA
rs6956484	7	27564862	A	C	0.359528	-0.004994	0.004190999999999999	-1.1916010498687666	0.2335	3146	CSF_ab42
rs35851551	7	31330785	A	G	0.0886834	0.002457	0.007258	0.33852300909341415	0.735	3146	CSF_ab42
rs9771228	7	32322496	T	C	0.314551	-6.076e-4	0.004268999999999999	-0.14232841414851255	0.8868	3146	CSF_ab42
rs12672919	NA	NA	NA	NA	NA	NA	NA	NA	NA	NA	NA
rs3778709	7	36920800	T	C	0.311887	7.782e-4	0.004385	0.17746864310148233	0.8592	3146	CSF_ab42
rs2141277	7	39099178	A	G	0.515932	-0.006743	0.004079	-1.6531	0.09842999999999999	3146	CSF_ab42
rs6462906	7	39342968	A	G	0.774276	0.01595	0.004973	3.20732	0.0013570000000000001	3146	CSF_ab42
rs2051935	NA	NA	NA	NA	NA	NA	NA	NA	NA	NA	NA
rs76395018	7	44376661	A	T	0.20297	5.22e-5	0.005717	0.009130662935105826	0.9927	3146	CSF_ab42
rs13250	7	45026180	G	A	0.21933	-0.005723	0.004961	-1.153598064906269	0.2487	3146	CSF_ab42
rs36119825	7	48820536	G	A	0.4751	-0.007911	0.0040939999999999995	-1.9323400097703958	0.05338	3146	CSF_ab42
rs17551064	7	49869771	A	G	0.164359	-9.652000000000002e-4	0.005631000000000001	-0.17140827561711952	0.8639	3146	CSF_ab42
rs6959891	7	54714000	A	G	0.266715	0.001718	0.0044859999999999995	0.3829692376281766	0.7018	3146	CSF_ab42
rs2158507	7	69862423	C	A	0.349235	-0.004047	0.004177	-0.968877184582236	0.3326	3146	CSF_ab42
rs7803932	7	70203673	G	A	0.163366	-0.003443	0.005807	-0.5929051145169623	0.5533	3146	CSF_ab42
rs35417702	7	71739916	C	T	0.514202	-0.001374	0.004117	-0.333738	0.7386	3146	CSF_ab42
rs6460090	NA	NA	NA	NA	NA	NA	NA	NA	NA	NA	NA
rs1167827	7	75163169	A	G	0.537873	-0.001019	0.004235	-0.240614	0.8099	3146	CSF_ab42
rs9801125	7	75792451	C	T	0.232136	8.191000000000001e-4	0.005361	0.1527886588323074	0.8786	3146	CSF_ab42
rs7777283	NA	NA	NA	NA	NA	NA	NA	NA	NA	NA	NA
rs9640815	7	79589734	C	G	0.248186	-4.2270000000000003e-4	0.005035	-0.08395233366434955	0.9331	3146	CSF_ab42
rs1405876	7	86237581	T	G	0.424622	-0.005152	0.00426	-1.2093896713615024	0.2266	3146	CSF_ab42
rs10215082	NA	NA	NA	NA	NA	NA	NA	NA	NA	NA	NA
rs6951996	7	96646437	T	A	0.0518559	0.004195	0.00945	0.44391534391534393	0.6571	3146	CSF_ab42
rs10235866	7	98269772	G	A	0.174055	-0.001604	0.005099	-0.3145714846048244	0.7531	3146	CSF_ab42
rs2406253	7	100077273	A	G	0.188045	0.001745	0.004978	0.35054238650060265	0.7259	3146	CSF_ab42
rs401966	NA	NA	NA	NA	NA	NA	NA	NA	NA	NA	NA
rs4073894	NA	NA	NA	NA	NA	NA	NA	NA	NA	NA	NA
rs535307	NA	NA	NA	NA	NA	NA	NA	NA	NA	NA	NA
rs139244147	NA	NA	NA	NA	NA	NA	NA	NA	NA	NA	NA
rs116925675	7	112923416	C	T	0.0345889	0.005772	0.01369	0.4216216216216216	0.6734	3146	CSF_ab42
rs79375112	7	114462657	A	G	0.139645	-0.0077859999999999995	0.0063880000000000004	-1.2188478396994362	0.223	3146	CSF_ab42
rs7796203	7	117505487	G	A	0.630994	-0.005951	0.004084	-1.45715	0.1451	3146	CSF_ab42
rs55975206	7	122135794	A	G	0.297567	-0.007137999999999999	0.004586	-1.5564762320104666	0.1197	3146	CSF_ab42
rs929175	7	126479218	G	A	0.344477	-5.869e-5	0.004415	-0.013293318233295584	0.9894	3146	CSF_ab42
rs339054	7	128382511	T	G	0.455007	-0.003291	0.00404	-0.814604	0.4154	3146	CSF_ab42
rs12533584	7	132639577	G	A	0.311592	-0.004257	0.00445	-0.9566292134831461	0.3389	3146	CSF_ab42
rs2971970	7	133643778	T	G	0.812183	0.006658	0.005007	1.32974	0.1837	3146	CSF_ab42
rs3812281	7	135082751	T	C	0.381914	0.005973	0.004105	1.4550548112058466	0.1458	3146	CSF_ab42
rs728054	7	137072364	G	A	0.309775	-0.0041270000000000005	0.004334	-0.9522381172127365	0.3411	3146	CSF_ab42
rs75710433	NA	NA	NA	NA	NA	NA	NA	NA	NA	NA	NA
rs1047586	NA	NA	NA	NA	NA	NA	NA	NA	NA	NA	NA
rs4726070	7	151328218	G	A	0.535766	-0.001111	0.004137	-0.268552	0.7882	3146	CSF_ab42
rs73179615	8	4640603	T	C	0.121509	0.004882	0.007958	0.6134707212867555	0.5396	3146	CSF_ab42
rs7016302	8	4833041	C	G	0.177612	0.004448	0.005646	0.787814381863266	0.4309	3146	CSF_ab42
rs59480703	8	9653130	G	C	0.152788	-0.004768	0.005215	-0.9142857142857143	0.3606	3146	CSF_ab42
rs55783571	8	14109499	G	A	0.362727	-1.473e-4	0.00425	-0.03465882352941176	0.9724	3146	CSF_ab42
rs2517086	8	17042416	G	C	0.589111	-0.001231	0.004195	-0.293445	0.7691	3146	CSF_ab42
rs13266287	8	17871598	T	A	0.698956	-0.007713	0.004313	-1.78831	0.07379	3146	CSF_ab42
rs7830404	8	19357346	A	T	0.605923	4.346e-4	0.004118999999999999	0.105511	0.9159999999999999	3146	CSF_ab42
rs4739249	8	21323694	A	C	0.190684	0.009789	0.005596	1.7492852037169406	0.08037000000000001	3146	CSF_ab42
rs12548614	NA	NA	NA	NA	NA	NA	NA	NA	NA	NA	NA
rs2466191	8	22856833	G	A	0.848803	0.00659	0.005776	1.14093	0.2541	3146	CSF_ab42
rs985087	8	25857816	C	G	0.618086	0.002556	0.004209	0.60727	0.5438	3146	CSF_ab42
rs67885444	8	28678973	C	T	0.159339	0.001832	0.005525	0.33158371040723983	0.7402	3146	CSF_ab42
rs2725370	8	30852826	T	C	0.731468	-7.069e-4	0.004425	-0.159751	0.8731	3146	CSF_ab42
rs4733264	NA	NA	NA	NA	NA	NA	NA	NA	NA	NA	NA
rs1044115	8	33457369	G	A	0.375637	-0.001535	0.004306	-0.35647933116581515	0.7214	3146	CSF_ab42
rs2923431	NA	NA	NA	NA	NA	NA	NA	NA	NA	NA	NA
rs2929032	8	56371745	A	G	0.563547	0.003094	0.004086	0.75722	0.449	3146	CSF_ab42
rs1866823	8	57436577	G	A	0.568314	8.895e-4	0.004072999999999999	0.218389	0.8271	3146	CSF_ab42
rs150940127	8	65385178	C	G	0.0508216	0.005386999999999999	0.007912	0.6808645096056621	0.496	3146	CSF_ab42
rs62507575	8	66478721	C	T	0.572622	-0.008983	0.004121	-2.17981	0.029330000000000002	3146	CSF_ab42
rs11787240	8	68303184	G	T	0.133805	0.003239	0.005767	0.5616438356164384	0.5744	3146	CSF_ab42
rs13276799	NA	NA	NA	NA	NA	NA	NA	NA	NA	NA	NA
rs56099375	NA	NA	NA	NA	NA	NA	NA	NA	NA	NA	NA
rs28627504	NA	NA	NA	NA	NA	NA	NA	NA	NA	NA	NA
rs113714691	8	85804582	C	T	0.103605	-0.01813	0.007343000000000001	-2.469018112488084	0.0136	3146	CSF_ab42
rs7833201	NA	NA	NA	NA	NA	NA	NA	NA	NA	NA	NA
rs61040326	8	89769745	A	G	0.0650362	0.01942	0.008667	2.240683050651898	0.02514	3146	CSF_ab42
rs2189255	NA	NA	NA	NA	NA	NA	NA	NA	NA	NA	NA
rs2740789	8	91950222	G	T	0.439927	-7.081e-4	0.00433	-0.1635334872979215	0.8701	3146	CSF_ab42
rs62519947	NA	NA	NA	NA	NA	NA	NA	NA	NA	NA	NA
rs4735297	8	95589340	A	G	0.364164	6.676e-4	0.004281	0.15594487269329596	0.8761	3146	CSF_ab42
rs1693584	8	101748917	T	C	0.351616	-0.00128	0.004419	-0.2896582937316135	0.7722	3146	CSF_ab42
rs7012546	8	105067737	C	T	0.42984	0.001286	0.0041600000000000005	0.30913461538461534	0.7572	3146	CSF_ab42
rs7008697	NA	NA	NA	NA	NA	NA	NA	NA	NA	NA	NA
rs2980634	8	110329169	T	G	0.46496	-0.01126	0.004163	-2.7047802065817916	0.00687	3146	CSF_ab42
rs72672052	8	115798424	T	A	0.172909	0.004792	0.005253	0.9122406244051019	0.3617	3146	CSF_ab42
rs6469654	8	117632965	G	C	0.76622	-0.001736	0.004782	-0.363028	0.7165	3146	CSF_ab42
rs2447535	8	118946183	A	G	0.6635	0.001088	0.004521	0.240655	0.8099	3146	CSF_ab42
rs2465397	8	120086852	A	G	0.63275	0.003715	0.004328	0.858364	0.3908	3146	CSF_ab42
rs2006853	8	127600255	A	G	0.382983	0.00371	0.0043549999999999995	0.8518943742824341	0.3944	3146	CSF_ab42
rs837080	8	130925116	T	C	0.45844	-6.741000000000001e-4	0.004124	-0.16345780795344328	0.8702	3146	CSF_ab42
rs6470877	8	132007456	T	C	0.467379	-0.008104	0.004037	-2.0074312608372553	0.04481	3146	CSF_ab42
rs28640053	8	133964786	C	A	0.166304	-0.001196	0.0053549999999999995	-0.22334267040149394	0.8234	3146	CSF_ab42
rs74545339	8	135440608	G	A	0.130862	0.008175	0.006712999999999999	1.2177863846268435	0.2234	3146	CSF_ab42
rs2235117	8	141537406	T	C	0.168666	-0.0041670000000000006	0.005025	-0.8292537313432837	0.40700000000000003	3146	CSF_ab42
rs1566085	8	142624527	G	T	0.538966	-0.00627	0.004116	-1.52332	0.1278	3146	CSF_ab42
rs144336753	NA	NA	NA	NA	NA	NA	NA	NA	NA	NA	NA
rs118083122	NA	NA	NA	NA	NA	NA	NA	NA	NA	NA	NA
rs66671632	NA	NA	NA	NA	NA	NA	NA	NA	NA	NA	NA
rs11774212	NA	NA	NA	NA	NA	NA	NA	NA	NA	NA	NA
rs10963297	9	1791832	C	G	0.277476	0.00206	0.004815	0.4278296988577363	0.6688	3146	CSF_ab42
rs1358906	9	3150887	G	A	0.427923	-0.009559999999999999	0.004108	-2.3271665043816943	0.02	3146	CSF_ab42
rs61423212	9	4165691	T	G	0.0725689	-0.01645	0.00757	-2.173051519154557	0.02985	3146	CSF_ab42
rs117120958	9	5961007	G	C	0.0123188	-0.006575	0.01404	-0.4683048433048433	0.6395	3146	CSF_ab42
rs10958980	9	10258909	T	C	0.197493	0.004057	0.005185	0.7824493731918997	0.434	3146	CSF_ab42
rs10809535	9	11607188	G	C	0.235144	-0.004111	0.0045509999999999995	-0.90331795209844	0.3664	3146	CSF_ab42
rs12005144	9	13214640	G	A	0.14502	0.004306	0.005637	0.7638814972503105	0.445	3146	CSF_ab42
rs10810099	9	14161927	A	G	0.744279	-0.003318	0.004744	-0.69941	0.4843	3146	CSF_ab42
rs7029718	9	23358495	G	A	0.367733	0.0027559999999999998	0.004144	0.665057915057915	0.506	3146	CSF_ab42
rs4977885	9	23687983	G	A	0.397628	0.006203	0.004287	1.4469325868905996	0.14800000000000002	3146	CSF_ab42
rs1758747	NA	NA	NA	NA	NA	NA	NA	NA	NA	NA	NA
rs12353187	9	27936785	C	T	0.132727	2.946e-4	0.006174	0.047716229348882415	0.9619	3146	CSF_ab42
rs7041702	9	33053430	A	G	0.238941	0.0016920000000000001	0.004595	0.36822633297062024	0.7127	3146	CSF_ab42
rs72733170	9	34405681	G	C	0.101016	0.0022429999999999998	0.007517	0.29839031528535315	0.7655	3146	CSF_ab42
rs11791889	9	35860942	G	A	0.393285	-7.719e-4	0.004141	-0.18640425018111567	0.8522	3146	CSF_ab42
rs1105307	9	72046040	G	A	0.268977	0.0012640000000000001	0.004535	0.27872105843439915	0.7804	3146	CSF_ab42
rs11141127	9	72599581	G	T	0.279273	-0.006332	0.0046240000000000005	-1.3693771626297577	0.171	3146	CSF_ab42
rs35098932	9	73024521	T	C	0.393687	-0.004958	0.004281	-1.1581406213501517	0.2469	3146	CSF_ab42
rs13298735	9	75082726	T	C	0.0484046	-0.009075	0.01103	-0.8227561196736174	0.4109	3146	CSF_ab42
rs4877516	9	82442731	A	T	0.593705	0.003131	0.004096	0.764404	0.4446	3146	CSF_ab42
rs181956874	NA	NA	NA	NA	NA	NA	NA	NA	NA	NA	NA
rs7020920	9	86347532	G	A	0.330058	-0.001034	0.004255	-0.24300822561692126	0.8079	3146	CSF_ab42
rs17425572	9	88006338	A	G	0.564949	0.004578	0.00405	1.13037	0.2584	3146	CSF_ab42
rs870151	9	92230747	T	A	0.45496	-0.0018149999999999998	0.004215	-0.43060498220640564	0.6668	3146	CSF_ab42
rs10120798	9	96443476	A	G	0.622583	0.003172	0.004143	0.765629	0.4439	3146	CSF_ab42
rs111821073	9	99084793	C	T	0.144185	0.0045	0.00555	0.8108108108108107	0.4175	3146	CSF_ab42
rs12377606	9	109446277	A	G	0.0741279	0.0034659999999999995	0.006741	0.5141670375315235	0.6071	3146	CSF_ab42
rs11789013	9	109677417	T	C	0.234713	0.005854	0.004879	1.199836031973765	0.2303	3146	CSF_ab42
rs1051474	9	111881856	T	C	0.29772	0.0021809999999999998	0.004520000000000001	0.4825221238938052	0.6295	3146	CSF_ab42
rs4633129	9	120249360	C	T	0.184869	-0.00064899999999999995	0.005163	-0.12570211117567304	0.9	3146	CSF_ab42
rs1327809	9	121034033	T	C	0.880116	-0.005191	0.006302	-0.823707	0.4102	3146	CSF_ab42
rs10984445	9	121980586	G	A	0.431224	0.001483	0.004171	0.35555022776312634	0.7222	3146	CSF_ab42
rs1009470	9	122289187	T	G	0.61754	7.529e-4	0.004059	0.185489	0.8529	3146	CSF_ab42
rs2416759	9	123358262	G	A	0.703331	0.00611	0.004595	1.32971	0.1837	3146	CSF_ab42
rs12375949	9	124617900	T	C	0.575218	-0.003453	0.004098	-0.842606	0.3996	3146	CSF_ab42
rs28661002	9	126335211	T	C	0.294984	0.0036520000000000003	0.004693	0.7781802684849777	0.4365	3146	CSF_ab42
rs7038668	9	128239920	T	C	0.473703	-6.628e-4	0.004070000000000001	-0.16285012285012282	0.8707	3146	CSF_ab42
rs2039205	9	130375643	G	C	0.661143	1.403e-5	0.004111999999999999	0.00341196	0.9973	3146	CSF_ab42
rs4382592	9	134870755	T	G	0.71216	-0.002422	0.004409000000000001	-0.549331	0.5829	3146	CSF_ab42
rs12005151	NA	NA	NA	NA	NA	NA	NA	NA	NA	NA	NA
rs12682775	9	135490491	T	C	0.261714	8.167e-4	0.0049299999999999995	0.16565922920892495	0.8684	3146	CSF_ab42
rs73581580	NA	NA	NA	NA	NA	NA	NA	NA	NA	NA	NA
rs6601785	NA	NA	NA	NA	NA	NA	NA	NA	NA	NA	NA
rs12783434	NA	NA	NA	NA	NA	NA	NA	NA	NA	NA	NA
rs79923450	10	9365565	G	A	0.149292	-0.01615	0.005634	-2.8665246716364927	0.004185	3146	CSF_ab42
rs12783907	10	10874218	G	A	0.203848	-0.0032979999999999997	0.0051600000000000005	-0.6391472868217053	0.5228	3146	CSF_ab42
rs1291818	10	11132190	T	C	0.50804	-0.0010550000000000002	0.004155	-0.25391095066185326	0.7996	3146	CSF_ab42
rs10752262	10	12395100	C	T	0.411099	-0.004852	0.004278	-1.1341748480598413	0.2569	3146	CSF_ab42
rs7077657	10	12668814	C	G	0.57031	-0.003653	0.004051	-0.9017526536657615	0.3673	3146	CSF_ab42
rs2183271	10	21957229	T	C	0.33745	-0.002612	0.00419	-0.6233890214797136	0.5331	3146	CSF_ab42
rs1934363	NA	NA	NA	NA	NA	NA	NA	NA	NA	NA	NA
rs806816	10	32285942	T	A	0.781136	-0.004143	0.004807	-0.861868	0.3889	3146	CSF_ab42
rs2506141	10	33468014	T	C	0.509612	0.0064459999999999995	0.004075	1.581840490797546	0.1138	3146	CSF_ab42
rs1936426	10	34588112	C	T	0.513435	-0.001755	0.004047	-0.433655	0.6646	3146	CSF_ab42
rs10994777	10	63233988	G	A	0.149052	-0.003403	0.0055899999999999995	-0.6087656529516996	0.5427	3146	CSF_ab42
rs7924036	10	65191645	G	T	0.526919	-5.941e-4	0.004011	-0.148118	0.8823	3146	CSF_ab42
rs12218315	10	65836969	G	A	0.137287	-0.0047090000000000005	0.005698	-0.8264303264303265	0.4086	3146	CSF_ab42
rs7920624	10	67963186	A	T	0.44665	0.001097	0.004069	0.269599	0.7876	3146	CSF_ab42
rs1925576	10	68689083	A	G	0.457818	-4.104e-4	0.004137	-0.09920232052211747	0.9209999999999999	3146	CSF_ab42
rs1191993	10	69787891	C	A	0.343278	-0.009984	0.0042060000000000005	-2.373751783166904	0.017669999999999998	3146	CSF_ab42
rs1247777	10	78818622	A	C	0.61968	-8.087e-5	0.004222	-0.0191544	0.9847	3146	CSF_ab42
rs3127447	10	79253261	C	A	0.507631	0.001438	0.004086	0.351933	0.725	3146	CSF_ab42
rs10887203	10	85781866	T	G	0.416606	-0.005273	0.0041530000000000004	-1.269684565374428	0.2042	3146	CSF_ab42
rs72840994	10	87124801	T	G	0.170356	8.585000000000001e-4	0.005279	0.1626254972532677	0.8708	3146	CSF_ab42
rs10887801	10	90079714	G	T	0.449945	3.924e-4	0.004111999999999999	0.09542801556420234	0.924	3146	CSF_ab42
rs34190234	NA	NA	NA	NA	NA	NA	NA	NA	NA	NA	NA
rs2901694	10	95472127	G	A	0.525991	0.002415	0.00403	0.599256	0.5489999999999999	3146	CSF_ab42
rs4277036	10	96533050	A	T	0.461804	0.003104	0.004069	0.7628409928729418	0.4456	3146	CSF_ab42
rs10882912	10	99138077	C	T	0.303779	6.785000000000001e-4	0.0043219999999999995	0.15698750578435913	0.8753	3146	CSF_ab42
rs482787	10	99767024	T	C	0.299782	0.0016420000000000002	0.004331000000000001	0.3791272223504964	0.7046	3146	CSF_ab42
rs17882802	10	101983413	G	A	0.407788	0.001995	0.004215	0.47330960854092524	0.636	3146	CSF_ab42
rs73344830	10	103816828	A	G	0.59793	4.319e-4	0.00406	0.106379	0.9153	3146	CSF_ab42
rs113210389	10	105113534	G	T	0.0116457	-0.01205	0.01243	-0.9694288012872083	0.3323	3146	CSF_ab42
rs3781339	10	105428152	C	T	0.248731	0.001773	0.005274	0.3361774744027304	0.7368	3146	CSF_ab42
rs790647	10	106776484	C	A	0.232423	-8.830999999999999e-4	0.004789	-0.1844017540196283	0.8537	3146	CSF_ab42
rs17807910	10	107521502	C	A	0.211321	8.402000000000001e-4	0.005517	0.15229291281493568	0.879	3146	CSF_ab42
rs17126938	10	111761351	T	C	0.101815	-0.007553	0.005783	-1.3060695140930312	0.1916	3146	CSF_ab42
rs1865955	10	118837990	C	T	0.826686	0.003444	0.005249	0.656125	0.5119	3146	CSF_ab42
rs11245388	10	126539128	T	G	0.60154	0.003455	0.004159	0.830729	0.4062	3146	CSF_ab42
rs4962315	10	127655563	T	G	0.948513	0.004704	0.008385	0.561002	0.5748	3146	CSF_ab42
rs4384309	NA	NA	NA	NA	NA	NA	NA	NA	NA	NA	NA
rs55771711	NA	NA	NA	NA	NA	NA	NA	NA	NA	NA	NA
rs7083603	10	133938279	C	T	0.51634	-0.0034159999999999998	0.0041789999999999996	-0.8174204355108878	0.4138	3146	CSF_ab42
rs12768641	NA	NA	NA	NA	NA	NA	NA	NA	NA	NA	NA
rs7928622	11	11670871	A	T	0.379041	0.004448	0.004443	1.0011253657438668	0.3169	3146	CSF_ab42
rs4757957	11	12881398	G	C	0.737368	0.001359	0.004422	0.307327	0.7585	3146	CSF_ab42
rs11023749	11	15889272	G	A	0.627451	2.058e-4	0.0042380000000000004	0.0485606	0.9613	3146	CSF_ab42
rs2237944	11	17838116	C	T	0.442671	0.002245	0.004056000000000001	0.5535009861932938	0.58	3146	CSF_ab42
rs1880088	11	20959185	A	T	0.714338	9.314e-4	0.00456	0.204254	0.8382	3146	CSF_ab42
rs7109593	11	24722990	A	G	0.25345	-0.004492	0.004749000000000001	-0.9458833438618656	0.3443	3146	CSF_ab42
rs9704097	11	24980643	C	A	0.509455	-0.00216	0.004047	-0.5337286879169755	0.5936	3146	CSF_ab42
rs11030086	11	27646157	A	T	0.736096	-0.003876	0.004453	-0.870424	0.3842	3146	CSF_ab42
rs12364080	11	29242684	T	C	0.136743	-0.0011070000000000001	0.006308	-0.17549143944197845	0.8607	3146	CSF_ab42
rs324300	11	29674831	G	A	0.420823	-0.002204	0.0043560000000000005	-0.5059687786960513	0.6128	3146	CSF_ab42
rs795230	11	30774525	C	T	0.420814	-0.0033979999999999995	0.004064	-0.8361220472440944	0.4032	3146	CSF_ab42
rs7943853	NA	NA	NA	NA	NA	NA	NA	NA	NA	NA	NA
rs10837669	11	41556549	G	A	0.375455	-0.006094	0.004215999999999999	-1.4454459203036054	0.1484	3146	CSF_ab42
rs80171383	11	46084677	G	A	0.142259	8.25e-4	0.006024	0.13695219123505975	0.8911	3146	CSF_ab42
rs143386970	11	47139254	T	C	0.0590909	-0.007006	0.007084999999999999	-0.9888496824276642	0.3228	3146	CSF_ab42
rs76914643	11	48150782	A	G	0.0417271	0.00232	0.009012000000000001	0.2574345317354638	0.7968	3146	CSF_ab42
rs4468343	NA	NA	NA	NA	NA	NA	NA	NA	NA	NA	NA
rs7117878	11	57421457	C	A	0.34621	-0.010159999999999999	0.004407	-2.305423190378942	0.02115	3146	CSF_ab42
rs77128898	NA	NA	NA	NA	NA	NA	NA	NA	NA	NA	NA
rs592931	11	61496751	T	C	0.618063	0.007879	0.00421	1.8715	0.06137000000000001	3146	CSF_ab42
rs118093058	NA	NA	NA	NA	NA	NA	NA	NA	NA	NA	NA
rs58779949	11	64007159	C	A	0.145044	0.0035259999999999996	0.005533	0.6372673052593529	0.5239	3146	CSF_ab42
rs2231884	11	65656564	C	T	0.153651	-5.379e-4	0.005521	-0.0974280021735193	0.9224	3146	CSF_ab42
rs76878669	NA	NA	NA	NA	NA	NA	NA	NA	NA	NA	NA
rs11601122	11	72362718	A	G	0.185185	-0.00199	0.0056	-0.35535714285714287	0.7224	3146	CSF_ab42
rs12290350	11	76480255	C	T	0.230853	6.519e-4	0.004797999999999999	0.1358691121300542	0.8919	3146	CSF_ab42
rs2729762	11	77033699	A	G	0.304554	-0.001005	0.004236	-0.23725212464589235	0.8125	3146	CSF_ab42
rs530154	11	78564752	A	G	0.314701	-0.0010279999999999998	0.004353	-0.23615897082471854	0.8133	3146	CSF_ab42
rs73496688	11	79156748	T	A	0.126543	-0.003169	0.005602	-0.5656908247054623	0.5716	3146	CSF_ab42
rs17139391	11	79794951	C	G	0.0414855	0.0145	0.009534	1.5208726662471155	0.1283	3146	CSF_ab42
rs1880692	11	80338069	A	G	0.471189	0.005719	0.004068	1.4058505408062931	0.1599	3146	CSF_ab42
rs580652	11	84904742	T	C	0.0835145	-0.009414	0.006622	-1.4216248867411658	0.1552	3146	CSF_ab42
rs11019128	11	90393587	C	T	0.339014	-3.522e-4	0.0041990000000000005	-0.08387711359847581	0.9332	3146	CSF_ab42
rs1075272	11	91928703	G	T	0.58533	-0.002103	0.004085	-0.51481	0.6068	3146	CSF_ab42
rs10765775	11	95656362	G	A	0.350893	1.416e-4	0.004079999999999999	0.034705882352941184	0.9723	3146	CSF_ab42
rs4754647	11	99714232	G	T	0.624909	-0.008527	0.004055	-2.10284	0.03555	3146	CSF_ab42
rs618401	11	104446363	A	G	0.457138	-0.002839	0.004068	-0.6978859390363815	0.4853	3146	CSF_ab42
rs7102588	11	106698913	C	G	0.622494	0.003834	0.004107	0.933528	0.3506	3146	CSF_ab42
rs968454	11	107141974	A	G	0.250635	-0.002372	0.004765	-0.4977964323189926	0.6187	3146	CSF_ab42
rs2212430	11	109289538	C	T	0.326664	0.001894	0.004444	0.4261926192619262	0.67	3146	CSF_ab42
rs17536059	11	110957335	G	C	0.15905	0.006576	0.005323	1.2353935750516627	0.2168	3146	CSF_ab42
rs17565975	11	111586950	G	A	0.547001	3.612e-4	0.004072999999999999	0.0886816	0.9293	3146	CSF_ab42
rs11214468	11	112897073	C	T	0.30603	4.769e-4	0.004556	0.10467515364354696	0.9166	3146	CSF_ab42
rs7928017	11	113448762	C	A	0.385189	0.0014759999999999999	0.004091	0.36079198240039106	0.7183	3146	CSF_ab42
rs2126069	11	115473374	C	T	0.479894	0.002566	0.004242	0.6049033474776049	0.5454	3146	CSF_ab42
rs1557451	NA	NA	NA	NA	NA	NA	NA	NA	NA	NA	NA
rs607273	NA	NA	NA	NA	NA	NA	NA	NA	NA	NA	NA
rs4938815	11	120441647	T	G	0.294235	0.002577	0.004509	0.571523619427811	0.5678	3146	CSF_ab42
rs1143770	11	122017598	C	T	0.630309	-0.004351	0.0041789999999999996	-1.04116	0.2979	3146	CSF_ab42
rs10791106	11	130846432	A	G	0.449632	-0.00476	0.004029	-1.1814345991561184	0.2376	3146	CSF_ab42
rs12574281	11	131205421	A	C	0.369463	0.001963	0.004296	0.4569366852886405	0.6478	3146	CSF_ab42
rs7108020	11	131289820	C	A	0.68859	-0.001367	0.004352	-0.314108	0.7534	3146	CSF_ab42
rs563954	11	132391656	A	G	0.61614	0.004749	0.004096	1.15942	0.2465	3146	CSF_ab42
rs11223560	11	133561399	G	A	0.583818	-6.131e-4	0.004184	-0.146534	0.8835	3146	CSF_ab42
rs2368831	NA	NA	NA	NA	NA	NA	NA	NA	NA	NA	NA
rs10849559	12	916310	G	A	0.516094	-0.003843	0.004076	-0.9428361138370953	0.3458	3146	CSF_ab42
rs4766424	12	1954096	C	G	0.911925	-5.561e-4	0.00609	-0.0913136	0.9272	3146	CSF_ab42
rs1075988	12	3431497	G	C	0.666304	-0.003728	0.0041649999999999994	-0.895078	0.3708	3146	CSF_ab42
rs10845051	NA	NA	NA	NA	NA	NA	NA	NA	NA	NA	NA
rs11609711	12	11908138	G	C	0.168299	0.002667	0.005973	0.44650929181315924	0.6553	3146	CSF_ab42
rs10772644	12	13417617	G	C	0.863041	0.01614	0.006874	2.34798	0.01891	3146	CSF_ab42
rs35309068	12	14535908	T	G	0.533612	0.003867	0.004037	0.9578895219222195	0.3382	3146	CSF_ab42
rs73301698	12	15539771	G	A	0.21255	-0.002602	0.005139	-0.5063241875851333	0.6127	3146	CSF_ab42
rs1671476	12	16408940	G	A	0.923468	-0.01035	0.007645999999999999	-1.35365	0.1761	3146	CSF_ab42
rs2160514	12	16756508	A	C	0.519238	-0.0021609999999999997	0.004309	-0.5015084706428404	0.616	3146	CSF_ab42
rs113018176	NA	NA	NA	NA	NA	NA	NA	NA	NA	NA	NA
rs11047225	12	24195587	C	T	0.490556	-0.001527	0.004059	-0.37620103473762007	0.7068	3146	CSF_ab42
rs7963816	12	24876694	C	T	0.916515	2.963e-4	0.0069489999999999994	0.0426392	0.966	3146	CSF_ab42
rs77835879	12	26522623	A	G	0.0919811	0.001771	0.007581	0.23361034164358263	0.8153	3146	CSF_ab42
rs4964046	12	27305310	A	G	0.335813	-0.006940999999999999	0.0042	-1.6526190476190477	0.0985	3146	CSF_ab42
rs10844179	12	32469601	A	G	0.727776	-0.001769	0.0047810000000000005	-0.370006	0.7114	3146	CSF_ab42
rs7310177	12	43037679	G	C	0.256164	-0.002261	0.004496	-0.5028914590747331	0.615	3146	CSF_ab42
rs4760687	12	48554258	G	A	0.294086	-7.752000000000001e-4	0.004359	-0.17783895388850657	0.8589	3146	CSF_ab42
rs1054442	12	49389320	A	C	0.429278	-0.001558	0.004169	-0.3737107219956824	0.7087	3146	CSF_ab42
rs78875905	NA	NA	NA	NA	NA	NA	NA	NA	NA	NA	NA
rs7313065	12	53471218	C	A	0.210211	0.002438	0.005309	0.4592201921265775	0.6461	3146	CSF_ab42
rs17110109	12	54668908	T	C	0.405047	-8.31e-4	0.0041329999999999995	-0.201064601984031	0.8407	3146	CSF_ab42
rs1689510	12	56396768	G	C	0.313061	-0.002668	0.004313	-0.6185949455135636	0.5362	3146	CSF_ab42
rs7139165	12	58412978	C	A	0.679194	0.003794	0.004489	0.845177	0.3981	3146	CSF_ab42
rs11173083	12	59967929	T	C	0.841519	0.002105	0.005561	0.378529	0.7051	3146	CSF_ab42
rs11173980	12	61803433	C	G	0.190494	0.005746	0.005002	1.1487405037984806	0.2508	3146	CSF_ab42
rs1348526	12	62537758	G	T	0.114141	-0.0063149999999999994	0.006376	-0.9904328732747804	0.322	3146	CSF_ab42
rs7968682	NA	NA	NA	NA	NA	NA	NA	NA	NA	NA	NA
rs710629	12	67697856	G	A	0.603948	0.002613	0.004186	0.624224	0.5324	3146	CSF_ab42
rs10879676	12	74152402	T	C	0.407145	-0.008401	0.0041329999999999995	-2.0326639245100413	0.04216	3146	CSF_ab42
rs7136760	12	75403329	A	G	0.654364	-0.00362	0.0041990000000000005	-0.86211	0.3887	3146	CSF_ab42
rs1245829	NA	NA	NA	NA	NA	NA	NA	NA	NA	NA	NA
rs10862376	12	82257633	T	A	0.155366	-0.005998	0.005591	-1.0727955642997675	0.2834	3146	CSF_ab42
rs401687	12	83924986	G	C	0.525118	-0.004974	0.004065	-1.2236162361623617	0.2212	3146	CSF_ab42
rs1873982	12	92112418	A	G	0.391961	0.003425	0.004175	0.8203592814371258	0.41200000000000003	3146	CSF_ab42
rs1558727	12	97680631	C	T	0.478364	-0.002313	0.003982	-0.5808638874937216	0.5614	3146	CSF_ab42
rs57453499	12	97980879	G	A	0.171076	-0.0022129999999999997	0.005542	-0.3993143269577769	0.6896	3146	CSF_ab42
rs17033847	12	103795963	A	G	0.0427691	-0.001006	0.01043	-0.09645254074784275	0.9231	3146	CSF_ab42
rs11613637	12	105663403	T	C	0.203912	0.005028	0.005124	0.981264637002342	0.3266	3146	CSF_ab42
rs7977614	12	110115286	A	G	0.246638	0.0044210000000000005	0.004604	0.9602519548218942	0.337	3146	CSF_ab42
rs12316750	12	110283382	A	G	0.0795867	-0.002675	0.006853	-0.39033999708157013	0.6963	3146	CSF_ab42
rs3809169	12	113911532	T	C	0.0824256	0.005572	0.007265000000000001	0.7669649002064692	0.4431	3146	CSF_ab42
rs58052341	12	117527589	T	C	0.162059	0.001186	0.005464	0.21705710102489018	0.8281	3146	CSF_ab42
rs67119535	NA	NA	NA	NA	NA	NA	NA	NA	NA	NA	NA
rs1671770	12	120946568	A	C	0.859044	-0.01139	0.005129	-2.22071	0.026510000000000002	3146	CSF_ab42
rs2954114	NA	NA	NA	NA	NA	NA	NA	NA	NA	NA	NA
rs10846920	12	122943231	C	T	0.732858	0.00169	0.004592000000000001	0.368031	0.7129	3146	CSF_ab42
rs10773002	12	123746961	A	T	0.778324	-0.01069	0.00461	-2.31887	0.02048	3146	CSF_ab42
rs4941735	13	31641248	C	T	0.527515	2.857e-4	0.004117	0.0693952	0.9447	3146	CSF_ab42
rs9529119	13	31783977	C	G	0.743836	0.007294	0.005033	1.44924	0.1473	3146	CSF_ab42
rs9595885	13	33168050	G	A	0.402586	-0.007826999999999999	0.004281	-1.8283111422564817	0.06763	3146	CSF_ab42
rs55641816	13	36386997	C	T	0.100981	-0.001185	0.006124	-0.19350097975179623	0.8465	3146	CSF_ab42
rs7986869	13	38734097	T	C	0.750453	6.916e-4	0.004598	0.150413	0.8804	3146	CSF_ab42
rs4144624	13	54117312	T	C	0.149801	0.010740000000000001	0.005693	1.886527314245565	0.05922	3146	CSF_ab42
rs9536961	NA	NA	NA	NA	NA	NA	NA	NA	NA	NA	NA
rs115336744	NA	NA	NA	NA	NA	NA	NA	NA	NA	NA	NA
rs4264273	13	57655397	A	C	0.699456	-0.01151	0.004542	-2.53413	0.0113	3146	CSF_ab42
rs61963590	NA	NA	NA	NA	NA	NA	NA	NA	NA	NA	NA
rs1334297	13	58335375	G	A	0.727883	0.00533	0.004601	1.15844	0.2468	3146	CSF_ab42
rs2210150	NA	NA	NA	NA	NA	NA	NA	NA	NA	NA	NA
rs9527967	NA	NA	NA	NA	NA	NA	NA	NA	NA	NA	NA
rs71432775	13	60323319	G	A	0.211367	-5.038e-4	0.004573	-0.1101683796195058	0.9123	3146	CSF_ab42
rs17060737	13	62608108	T	C	0.339978	0.0030440000000000003	0.0044470000000000004	0.6845064088149314	0.49370000000000003	3146	CSF_ab42
rs269636	13	64616335	G	A	0.360908	-0.001888	0.004152	-0.4547206165703275	0.6493	3146	CSF_ab42
rs141276130	13	67135284	A	C	0.142624	0.001145	0.005608	0.20417261055634806	0.8382	3146	CSF_ab42
rs7321274	13	69146186	A	G	0.190172	0.014530000000000001	0.005214	2.7867280398925973	0.005340999999999999	3146	CSF_ab42
rs337939	13	71257303	T	C	0.388647	-0.0031940000000000002	0.004077	-0.7834191807701743	0.4335	3146	CSF_ab42
rs2478208	13	81471113	G	C	0.576518	-0.001514	0.0041660000000000004	-0.363418	0.7163	3146	CSF_ab42
rs4415893	13	89193651	C	T	0.214364	-0.01119	0.005441	-2.056607241315935	0.039869999999999996	3146	CSF_ab42
rs7332724	13	91629272	C	T	0.300363	-0.001545	0.004497	-0.34356237491661107	0.7312	3146	CSF_ab42
rs11620355	13	92044587	G	A	0.112745	0.003118	0.007375	0.4227796610169492	0.6725	3146	CSF_ab42
rs74564696	NA	NA	NA	NA	NA	NA	NA	NA	NA	NA	NA
rs9556958	13	99100046	C	T	0.488659	-0.006161	0.00404	-1.525	0.1274	3146	CSF_ab42
rs9557378	13	100747566	G	A	0.280377	0.0034479999999999997	0.004666	0.7389627089584225	0.4599	3146	CSF_ab42
rs9557473	NA	NA	NA	NA	NA	NA	NA	NA	NA	NA	NA
rs277828	13	109693885	C	A	0.227504	-0.002424	0.004613	-0.5254714936050293	0.5993	3146	CSF_ab42
rs10145520	14	21930932	G	T	0.793436	0.009052	0.0050219999999999996	1.80247	0.07159	3146	CSF_ab42
rs1043209	14	23373986	G	A	0.620897	0.006232	0.004224	1.47538	0.1402	3146	CSF_ab42
rs11623285	14	24557642	T	G	0.149636	0.001314	0.006096	0.2155511811023622	0.8293	3146	CSF_ab42
rs8020034	14	26981100	G	A	0.157293	-0.007122	0.00517	-1.3775628626692455	0.1685	3146	CSF_ab42
rs176218	14	29600506	G	T	0.217241	0.006517	0.00507	1.2854043392504932	0.1988	3146	CSF_ab42
rs7147473	NA	NA	NA	NA	NA	NA	NA	NA	NA	NA	NA
rs1980628	NA	NA	NA	NA	NA	NA	NA	NA	NA	NA	NA
rs12891042	14	34018986	C	T	0.622004	-0.005282	0.004281	-1.23382	0.2173	3146	CSF_ab42
rs1007731	NA	NA	NA	NA	NA	NA	NA	NA	NA	NA	NA
rs8009933	14	39600212	G	A	0.691788	-0.004516	0.004249	-1.06284	0.2879	3146	CSF_ab42
rs1158542	14	41373700	G	A	0.456862	0.0017620000000000001	0.004116	0.42808551992225463	0.6686	3146	CSF_ab42
rs11846738	14	42785198	G	T	0.281205	-0.0012490000000000001	0.004365	-0.28613974799541814	0.7748	3146	CSF_ab42
rs12893970	14	56474502	G	A	0.0705477	0.002726	0.006670999999999999	0.40863438764802884	0.6829	3146	CSF_ab42
rs11627087	14	57300708	A	G	0.0808264	0.008596	0.007749	1.109304426377597	0.2674	3146	CSF_ab42
rs1566504	14	59218961	C	T	0.282498	-0.003906	0.004879	-0.8005738880918222	0.4235	3146	CSF_ab42
rs4442732	14	61025617	A	G	0.667936	-0.002104	0.0041660000000000004	-0.505041	0.6137	3146	CSF_ab42
rs6573552	14	64750233	T	C	0.480769	-0.001133	0.004	-0.28325	0.777	3146	CSF_ab42
rs242093	14	69481343	G	A	0.666242	0.006572	0.004208	1.56179	0.1185	3146	CSF_ab42
rs2067854	14	72425819	G	A	0.250997	-0.003882	0.005176	-0.75	0.4533	3146	CSF_ab42
rs142489916	14	74456266	G	T	0.0507273	0.005809	0.008579	0.6771185452849983	0.4984	3146	CSF_ab42
rs730384	14	74889870	G	A	0.413258	-0.00475	0.004407	-1.0778307238484228	0.2812	3146	CSF_ab42
rs10139828	14	78293304	T	C	0.182731	1.214e-4	0.0057540000000000004	0.021098366353840808	0.9832	3146	CSF_ab42
rs61993073	14	79825106	C	T	0.0968329	0.0232	0.006167	3.761958813037133	1.7209999999999998e-4	3146	CSF_ab42
rs2998315	14	85032707	A	G	0.555272	-0.001548	0.004155	-0.372563	0.7095	3146	CSF_ab42
rs6575022	14	89279099	A	G	0.572313	-0.001005	0.004182	-0.240316	0.8101	3146	CSF_ab42
rs4904523	14	89723630	G	A	0.567297	0.003703	0.004064	0.911171	0.3623	3146	CSF_ab42
rs1952183	14	89844111	A	G	0.534326	-4.2300000000000004e-4	0.0041789999999999996	-0.10122038765254848	0.9194	3146	CSF_ab42
rs12888354	NA	NA	NA	NA	NA	NA	NA	NA	NA	NA	NA
rs736282	14	94287860	T	C	0.574364	-5.084e-4	0.004057	-0.125314	0.9003	3146	CSF_ab42
rs2496482	NA	NA	NA	NA	NA	NA	NA	NA	NA	NA	NA
rs4906037	NA	NA	NA	NA	NA	NA	NA	NA	NA	NA	NA
rs8008758	14	101690045	G	T	0.257807	-0.0064730000000000005	0.004542	-1.4251431087626598	0.1542	3146	CSF_ab42
rs67004399	14	102263973	C	T	0.0868828	0.005741	0.005894	0.9740413980318968	0.3301	3146	CSF_ab42
rs8008382	14	104054425	T	C	0.690229	0.00517	0.004419	1.16995	0.2422	3146	CSF_ab42
rs58233122	15	26787311	C	T	0.411882	-0.00121	0.004038	-0.2996532937097573	0.7644	3146	CSF_ab42
rs11635092	15	27234553	G	A	0.354575	-0.002611	0.004357	-0.5992655496901538	0.5489999999999999	3146	CSF_ab42
rs4423373	15	27988340	G	A	0.57469	-0.005326	0.004036	-1.31962	0.1871	3146	CSF_ab42
rs117023891	NA	NA	NA	NA	NA	NA	NA	NA	NA	NA	NA
rs117799466	NA	NA	NA	NA	NA	NA	NA	NA	NA	NA	NA
rs1562804	NA	NA	NA	NA	NA	NA	NA	NA	NA	NA	NA
rs16966271	15	38423730	C	T	0.222625	4.883e-4	0.0044020000000000005	0.11092685143116764	0.9117	3146	CSF_ab42
rs115460988	NA	NA	NA	NA	NA	NA	NA	NA	NA	NA	NA
rs6493265	15	47513253	C	T	0.344283	-0.00399	0.004151	-0.9612141652613827	0.3364	3146	CSF_ab42
rs2414072	15	50850562	T	A	0.434028	-0.001451	0.004148	-0.34980713596914176	0.7265	3146	CSF_ab42
rs75603002	15	51903034	A	G	0.0761541	0.004403	0.006599	0.6672223064100621	0.5046	3146	CSF_ab42
rs12908232	15	56009954	A	G	0.503994	-0.008491	0.004099	-2.071480848987558	0.03837	3146	CSF_ab42
rs3816752	15	56992844	A	G	0.669029	-9.356e-5	0.004251	-0.0220089	0.9824	3146	CSF_ab42
rs1437543	15	61468467	G	A	0.299636	0.002149	0.004688	0.4584044368600682	0.6467	3146	CSF_ab42
rs12148463	15	63777961	G	A	0.821727	0.00144	0.0058590000000000005	0.245776	0.8059	3146	CSF_ab42
rs28513670	15	65982677	A	G	0.215971	-0.002536	0.005312	-0.47740963855421686	0.6332	3146	CSF_ab42
rs7402226	NA	NA	NA	NA	NA	NA	NA	NA	NA	NA	NA
rs36085856	NA	NA	NA	NA	NA	NA	NA	NA	NA	NA	NA
rs3826043	NA	NA	NA	NA	NA	NA	NA	NA	NA	NA	NA
rs7495033	NA	NA	NA	NA	NA	NA	NA	NA	NA	NA	NA
rs11072599	15	76774508	T	C	0.578603	-0.001522	0.00415	-0.366747	0.7139	3146	CSF_ab42
rs56391344	NA	NA	NA	NA	NA	NA	NA	NA	NA	NA	NA
rs2280366	15	78585898	T	C	0.408925	0.003472	0.004069	0.8532809043991153	0.3936	3146	CSF_ab42
rs11259919	15	84489802	A	G	0.692959	0.0082	0.004649	1.76382	0.07785	3146	CSF_ab42
rs6496851	NA	NA	NA	NA	NA	NA	NA	NA	NA	NA	NA
rs4778058	NA	NA	NA	NA	NA	NA	NA	NA	NA	NA	NA
rs16975275	NA	NA	NA	NA	NA	NA	NA	NA	NA	NA	NA
rs4984541	NA	NA	NA	NA	NA	NA	NA	NA	NA	NA	NA
rs7176647	NA	NA	NA	NA	NA	NA	NA	NA	NA	NA	NA
rs4984913	16	740466	A	G	0.311087	0.0013800000000000002	0.004675	0.2951871657754011	0.7679	3146	CSF_ab42
rs12934854	NA	NA	NA	NA	NA	NA	NA	NA	NA	NA	NA
rs9933256	16	1246748	A	G	0.443472	-0.005391	0.004067	-1.3255470863044012	0.1851	3146	CSF_ab42
rs3751837	16	3583173	C	T	0.235636	0.011309999999999999	0.005138	2.201245620864149	0.027839999999999997	3146	CSF_ab42
rs7205442	NA	NA	NA	NA	NA	NA	NA	NA	NA	NA	NA
rs11646221	16	7666088	G	T	0.536026	-0.001	0.004352	-0.229779	0.8183	3146	CSF_ab42
rs12926704	NA	NA	NA	NA	NA	NA	NA	NA	NA	NA	NA
rs9936270	16	12215741	C	T	0.23601	-0.001956	0.00473	-0.4135306553911205	0.6792	3146	CSF_ab42
rs4780563	NA	NA	NA	NA	NA	NA	NA	NA	NA	NA	NA
rs2521025	NA	NA	NA	NA	NA	NA	NA	NA	NA	NA	NA
rs11645004	16	19267993	G	T	0.635965	-0.001889	0.004158	-0.454305	0.6496	3146	CSF_ab42
rs991911	16	24291053	T	A	0.392313	-0.008131999999999999	0.004296	-1.8929236499068895	0.058460000000000005	3146	CSF_ab42
rs7188873	16	24727064	A	G	0.589067	0.003675	0.004131	0.889615	0.3738	3146	CSF_ab42
rs2520122	16	26577390	T	C	0.539354	-0.001727	0.004265	-0.404924	0.6855	3146	CSF_ab42
rs4787457	16	28555400	A	G	0.417492	0.005305	0.004327	1.226022648486249	0.2203	3146	CSF_ab42
rs4785187	16	49766772	G	A	0.249455	-7.107e-4	0.004877	-0.1457248308386303	0.8842	3146	CSF_ab42
rs2052285	NA	NA	NA	NA	NA	NA	NA	NA	NA	NA	NA
rs12921005	16	52442689	A	G	0.435472	-0.002814	0.004046	-0.695502	0.4868	3146	CSF_ab42
rs3809634	16	53538157	A	G	0.313975	0.0073290000000000004	0.004364	1.6794225481209901	0.09316	3146	CSF_ab42
rs28637326	NA	NA	NA	NA	NA	NA	NA	NA	NA	NA	NA
rs56047669	NA	NA	NA	NA	NA	NA	NA	NA	NA	NA	NA
rs9938678	16	61503635	A	T	0.169448	-0.005986	0.005017	-1.1931433127366953	0.2329	3146	CSF_ab42
rs9929556	16	62193640	T	G	0.42886	-0.005386999999999999	0.004241	-1.2702192879037961	0.2041	3146	CSF_ab42
rs818415	16	65448079	T	G	0.162074	0.001042	0.004843999999999999	0.21511147811725848	0.8297	3146	CSF_ab42
rs9926649	16	66750040	G	T	0.0423913	-0.01121	0.007879	-1.4227693869780427	0.1549	3146	CSF_ab42
rs35316276	16	67850700	C	T	0.275139	-0.002597	0.004652	-0.5582545141874462	0.5766	3146	CSF_ab42
rs61757207	NA	NA	NA	NA	NA	NA	NA	NA	NA	NA	NA
rs17604349	16	72210865	G	A	0.196772	0.001696	0.0051919999999999996	0.32665639445300465	0.7440000000000001	3146	CSF_ab42
rs8060607	16	72499136	G	A	0.185797	0.006085	0.0054280000000000005	1.121039056742815	0.2624	3146	CSF_ab42
rs1862767	16	73404606	A	C	0.55311	0.0071719999999999996	0.004047	1.7721769211761798	0.07645	3146	CSF_ab42
rs9936917	16	77000215	G	A	0.537246	0.005598	0.004023	1.3915	0.1642	3146	CSF_ab42
rs12716848	16	78167658	G	A	0.613232	0.002229	0.004086	0.545521	0.5853	3146	CSF_ab42
rs72820466	16	80501358	C	A	0.172104	0.0037119999999999996	0.005137	0.7226007397313606	0.4699	3146	CSF_ab42
rs35385909	16	82751393	A	T	0.191609	0.005685	0.005036	1.1288721207307388	0.259	3146	CSF_ab42
rs34485537	NA	NA	NA	NA	NA	NA	NA	NA	NA	NA	NA
rs60483752	NA	NA	NA	NA	NA	NA	NA	NA	NA	NA	NA
rs145590108	NA	NA	NA	NA	NA	NA	NA	NA	NA	NA	NA
rs8066044	17	1367352	A	G	0.742997	0.005513	0.0045969999999999995	1.19926	0.2305	3146	CSF_ab42
rs1381247	NA	NA	NA	NA	NA	NA	NA	NA	NA	NA	NA
rs9903071	17	3893520	T	C	0.358884	-0.006519	0.004161	-1.5666906993511176	0.1173	3146	CSF_ab42
rs2302761	17	7358520	C	T	0.167152	0.0013800000000000002	0.0049380000000000005	0.27946537059538273	0.78	3146	CSF_ab42
rs4496222	NA	NA	NA	NA	NA	NA	NA	NA	NA	NA	NA
rs111710032	17	12899668	T	C	0.0299238	-0.009258	0.01229	-0.7532953620829943	0.4515	3146	CSF_ab42
rs11655029	17	17649172	T	C	0.657242	-0.001755	0.0043490000000000004	-0.403541	0.6866	3146	CSF_ab42
rs2071241	17	18156541	A	G	0.753991	0.002002	0.00457	0.438074	0.6614	3146	CSF_ab42
rs12602286	17	19236954	G	T	0.867684	0.001314	0.006339	0.207288	0.8359	3146	CSF_ab42
rs74677442	NA	NA	NA	NA	NA	NA	NA	NA	NA	NA	NA
rs11658532	17	33197137	T	C	0.24508	-0.0021550000000000002	0.004677000000000001	-0.46076544793671154	0.645	3146	CSF_ab42
rs17638867	17	34052513	C	T	0.184277	-0.003553	0.005176	-0.6864374034003091	0.4924	3146	CSF_ab42
rs7215889	17	37407762	C	T	0.777032	-0.001539	0.004661	-0.330187	0.7412	3146	CSF_ab42
rs118101047	NA	NA	NA	NA	NA	NA	NA	NA	NA	NA	NA
rs4793090	17	40686342	G	A	0.703635	0.008969	0.004291	2.09019	0.03667	3146	CSF_ab42
rs45530735	NA	NA	NA	NA	NA	NA	NA	NA	NA	NA	NA
rs11871429	17	42920929	A	G	0.243459	9.544e-4	0.00491	0.19437881873727086	0.8459	3146	CSF_ab42
rs74998289	17	43913558	T	G	0.147487	0.001355	0.005156	0.26280062063615206	0.7926	3146	CSF_ab42
rs62074390	NA	NA	NA	NA	NA	NA	NA	NA	NA	NA	NA
rs9914918	17	46962021	G	A	0.301473	0.004229	0.004446	0.9511920827710301	0.3416	3146	CSF_ab42
rs62068721	17	50467978	G	A	0.15693	-0.0071010000000000005	0.0050869999999999995	-1.395911146058581	0.1629	3146	CSF_ab42
rs12450129	17	52073633	T	C	0.44951	-0.004839	0.003965	-1.22043	0.2225	3146	CSF_ab42
rs62084585	17	56411755	G	T	0.0881818	0.0014990000000000001	0.009254	0.16198400691592826	0.8714	3146	CSF_ab42
rs55742128	NA	NA	NA	NA	NA	NA	NA	NA	NA	NA	NA
rs117813291	NA	NA	NA	NA	NA	NA	NA	NA	NA	NA	NA
rs1979496	NA	NA	NA	NA	NA	NA	NA	NA	NA	NA	NA
rs17703427	17	68232008	A	G	0.163162	0.002421	0.0060090000000000005	0.40289565651522713	0.687	3146	CSF_ab42
rs11657342	NA	NA	NA	NA	NA	NA	NA	NA	NA	NA	NA
rs9797233	NA	NA	NA	NA	NA	NA	NA	NA	NA	NA	NA
rs599400	18	2716496	G	C	0.433406	-0.002543	0.004161	-0.6111511655851959	0.5412	3146	CSF_ab42
rs12051987	18	4707814	C	T	0.840827	0.005273	0.005181	1.01776	0.3089	3146	CSF_ab42
rs7190	NA	NA	NA	NA	NA	NA	NA	NA	NA	NA	NA
rs12967010	NA	NA	NA	NA	NA	NA	NA	NA	NA	NA	NA
rs58560225	NA	NA	NA	NA	NA	NA	NA	NA	NA	NA	NA
rs1618725	18	21126952	C	T	0.500364	0.00264	0.004078	0.647376	0.5174	3146	CSF_ab42
rs10460095	18	22624708	G	A	0.53633	0.004361	0.004207	1.03661	0.3001	3146	CSF_ab42
rs111852224	NA	NA	NA	NA	NA	NA	NA	NA	NA	NA	NA
rs9964724	18	35159124	C	T	0.713871	0.001056	0.004381	0.241041	0.8096	3146	CSF_ab42
rs12608156	18	36129290	T	C	0.118866	-0.01414	0.006247	-2.2634864735072835	0.02367	3146	CSF_ab42
rs1158520	18	36676167	C	A	0.54147	0.006155	0.004111999999999999	1.49684	0.1345	3146	CSF_ab42
rs7233920	18	37416318	G	A	0.274528	3.1560000000000003e-4	0.00479	0.06588726513569938	0.9475	3146	CSF_ab42
rs203190	18	38052155	T	C	0.569818	0.001488	0.004072999999999999	0.365333	0.7149	3146	CSF_ab42
rs1496819	18	38974725	T	G	0.171201	-0.001349	0.005453	-0.2473867595818815	0.8046	3146	CSF_ab42
rs9916901	18	40238335	T	G	0.269007	-8.597000000000001e-4	0.004535	-0.18957001102535836	0.8497	3146	CSF_ab42
rs72902647	18	42746809	C	T	0.1875	0.004253	0.005429	0.7833855221956161	0.4335	3146	CSF_ab42
rs2048524	NA	NA	NA	NA	NA	NA	NA	NA	NA	NA	NA
rs4245227	18	46049678	A	G	0.83672	0.004253	0.005606	0.758651	0.4481	3146	CSF_ab42
rs112969166	18	48724943	C	G	0.552053	-0.001485	0.004064	-0.365404	0.7149	3146	CSF_ab42
rs12959714	18	49949169	G	A	0.0335024	0.004057	0.01292	0.3140092879256966	0.7535	3146	CSF_ab42
rs11082975	18	50824885	G	C	0.513506	-0.0015689999999999999	0.0041660000000000004	-0.37662025924147857	0.7064	3146	CSF_ab42
rs613872	18	53210302	G	T	0.843977	0.01317	0.00558	2.36022	0.018330000000000003	3146	CSF_ab42
rs2220926	18	58943386	T	C	0.587296	0.002895	0.004104	0.705409	0.4807	3146	CSF_ab42
rs7241624	18	60231038	G	T	0.549674	0.001084	0.004096	0.264648	0.7912	3146	CSF_ab42
rs72944064	18	63516255	T	C	0.279192	4.0179999999999995e-4	0.004736	0.08483952702702702	0.9324	3146	CSF_ab42
rs6566216	18	64253268	C	T	0.482376	0.003882	0.004058	0.956628881222277	0.3388	3146	CSF_ab42
rs11660312	NA	NA	NA	NA	NA	NA	NA	NA	NA	NA	NA
rs2554835	NA	NA	NA	NA	NA	NA	NA	NA	NA	NA	NA
rs11081529	18	75902735	T	C	0.315502	3.863e-4	0.004768	0.08101929530201343	0.9354	3146	CSF_ab42
rs11663602	18	77578191	C	A	0.292198	-0.00428	0.004589	-0.9326650686424057	0.35100000000000003	3146	CSF_ab42
rs2396366	19	1952841	T	C	0.591282	-0.001662	0.0041719999999999995	-0.39837	0.6905	3146	CSF_ab42
rs8103741	19	2325005	A	G	0.210258	-0.003718	0.005296	-0.7020392749244713	0.4826	3146	CSF_ab42
rs4807428	19	3237489	C	G	0.110361	-0.00193	0.006726	-0.2869461790068391	0.7742	3146	CSF_ab42
rs757436	19	3826749	A	T	0.566852	0.002571	0.004177	0.615514	0.5383	3146	CSF_ab42
rs76608582	NA	NA	NA	NA	NA	NA	NA	NA	NA	NA	NA
rs36055559	NA	NA	NA	NA	NA	NA	NA	NA	NA	NA	NA
rs2287838	19	9959014	G	A	0.602004	-0.003861	0.004111	-0.939188	0.3478	3146	CSF_ab42
rs58646455	19	13105622	G	A	0.0361293	-0.01294	0.01083	-1.1948291782086797	0.23199999999999998	3146	CSF_ab42
rs12151248	NA	NA	NA	NA	NA	NA	NA	NA	NA	NA	NA
rs4808766	19	18335715	G	C	0.262477	0.01091	0.004661	2.340699420725166	0.01936	3146	CSF_ab42
rs4808787	NA	NA	NA	NA	NA	NA	NA	NA	NA	NA	NA
rs10417097	19	19719824	C	G	0.419572	0.002456	0.004158	0.5906685906685906	0.5547	3146	CSF_ab42
rs7257460	19	30746753	T	C	0.275643	0.007905	0.004379999999999999	1.8047945205479456	0.07119	3146	CSF_ab42
rs2043294	19	32207820	A	T	0.193425	0.008442	0.005351	1.5776490375630723	0.1148	3146	CSF_ab42
rs2903739	19	32982587	C	T	0.841108	0.007858	0.005797999999999999	1.35529	0.1754	3146	CSF_ab42
rs807478	19	36252494	A	G	0.516205	-0.006459	0.004105	-1.57345	0.1157	3146	CSF_ab42
rs10402747	NA	NA	NA	NA	NA	NA	NA	NA	NA	NA	NA
rs76246107	NA	NA	NA	NA	NA	NA	NA	NA	NA	NA	NA
rs307913	19	54443051	G	A	0.838102	0.001325	0.005704	0.232293	0.8163	3146	CSF_ab42
rs192436652	NA	NA	NA	NA	NA	NA	NA	NA	NA	NA	NA
rs2422858	20	3131488	T	C	0.652466	0.001533	0.004377000000000001	0.35024	0.7262	3146	CSF_ab42
rs16995054	20	14811733	C	T	0.201348	0.001281	0.004963	0.25811001410437234	0.7964	3146	CSF_ab42
rs6044758	20	17345421	A	G	0.238893	0.008728	0.004692	1.8601875532821823	0.06296	3146	CSF_ab42
rs175325	NA	NA	NA	NA	NA	NA	NA	NA	NA	NA	NA
rs714604	NA	NA	NA	NA	NA	NA	NA	NA	NA	NA	NA
rs208795	20	37512698	T	C	0.833817	-0.005217	0.0053219999999999995	-0.980271	0.327	3146	CSF_ab42
rs4369924	20	41954383	G	A	0.129985	-0.0033049999999999998	0.005507	-0.6001452696568004	0.5484	3146	CSF_ab42
rs6513959	20	43620856	A	G	0.340764	-0.002933	0.004353	-0.6737881920514587	0.5005	3146	CSF_ab42
rs1569723	20	44742064	C	A	0.780058	-0.003518	0.004759	-0.739231	0.4599	3146	CSF_ab42
rs6122735	20	47523732	C	T	0.342137	0.00156	0.004181	0.3731164793111696	0.7092	3146	CSF_ab42
rs6020560	20	49119419	T	C	0.495446	0.0022140000000000003	0.004070000000000001	0.5439803439803439	0.5866	3146	CSF_ab42
rs6067645	NA	NA	NA	NA	NA	NA	NA	NA	NA	NA	NA
rs6123924	20	58219764	A	G	0.141664	-0.009379	0.005783	-1.6218225834342037	0.1049	3146	CSF_ab42
rs4810227	NA	NA	NA	NA	NA	NA	NA	NA	NA	NA	NA
rs7271169	20	61526951	A	G	0.385538	-0.0035	0.004156	-0.8421559191530318	0.3997	3146	CSF_ab42
rs7278859	21	20026532	A	T	0.291667	-3.519e-4	0.0043159999999999995	-0.08153382761816498	0.935	3146	CSF_ab42
rs8129956	NA	NA	NA	NA	NA	NA	NA	NA	NA	NA	NA
rs9977306	21	22718157	G	A	0.196566	-0.005065	0.004823	-1.050176238855484	0.2937	3146	CSF_ab42
rs8127221	21	30509030	C	T	0.40264	0.006509999999999999	0.004354	1.4951768488745978	0.135	3146	CSF_ab42
rs2833481	21	33062351	T	C	0.12636	-0.0027	0.006205	-0.4351329572925061	0.6635	3146	CSF_ab42
rs7277038	21	34292163	C	T	0.285688	-0.001819	0.004371	-0.4161519103180051	0.6773	3146	CSF_ab42
rs743316	21	35252696	T	C	0.226329	-0.0033009999999999997	0.0049310000000000005	-0.6694382478199147	0.5032	3146	CSF_ab42
rs2836140	NA	NA	NA	NA	NA	NA	NA	NA	NA	NA	NA
rs2837765	NA	NA	NA	NA	NA	NA	NA	NA	NA	NA	NA
rs28815283	NA	NA	NA	NA	NA	NA	NA	NA	NA	NA	NA
rs1964927	21	42653237	A	G	0.620152	3.435e-4	0.004217	0.081456	0.9351	3146	CSF_ab42
rs11575902	21	46493623	T	G	0.0955402	-8.761000000000001e-4	0.007343000000000001	-0.11931090834808662	0.905	3146	CSF_ab42
rs8127571	NA	NA	NA	NA	NA	NA	NA	NA	NA	NA	NA
rs5763431	22	30093667	T	C	0.341445	0.003587	0.004220000000000001	0.8499999999999999	0.3954	3146	CSF_ab42
rs7288964	22	31419209	A	G	0.74764	-0.002221	0.0047420000000000006	-0.468368	0.6395	3146	CSF_ab42
rs1540299	22	33907964	A	G	0.589688	0.002507	0.0041789999999999996	0.599904	0.5486	3146	CSF_ab42
rs35532491	22	34329603	A	T	0.0641537	-1.2770000000000001e-4	0.006812	-0.018746330005871992	0.985	3146	CSF_ab42
rs11703948	22	38817047	A	G	0.110526	-0.0033539999999999998	0.0072120000000000005	-0.46505823627287846	0.6419	3146	CSF_ab42
rs12170452	22	40019773	A	G	0.599444	-0.002589	0.00425	-0.609176	0.5425	3146	CSF_ab42
rs4822112	NA	NA	NA	NA	NA	NA	NA	NA	NA	NA	NA
rs136989	NA	NA	NA	NA	NA	NA	NA	NA	NA	NA	NA
rs5765717	22	44917646	G	T	0.490185	-0.003105	0.004038	-0.7689450222882616	0.4419	3146	CSF_ab42
rs1076780	NA	NA	NA	NA	NA	NA	NA	NA	NA	NA	NA
rs9616906	22	51104680	G	A	0.450638	0.007670000000000001	0.003961	1.9363797020954305	0.0529	3146	CSF_ab42
