$`Main MR results`
       Exposure       MR Analysis Causal Estimate         Sd     T-stat
1 beta.exposure               Raw     -0.04474362 0.06208742 -0.7206553
2 beta.exposure Outlier-corrected     -0.06091886 0.05902384 -1.0321060
    P-value
1 0.4733921
2 0.3054298

$`MR-PRESSO results`
$`MR-PRESSO results`$`Global Test`
$`MR-PRESSO results`$`Global Test`$RSSobs
[1] 102.2758

$`MR-PRESSO results`$`Global Test`$Pvalue
[1] 0.0278


$`MR-PRESSO results`$`Outlier Test`
         RSSobs Pvalue
1  1.316756e-06      1
2  2.421634e-04      1
3  5.106400e-06      1
4  1.568388e-04      1
5  1.983118e-04      1
6  3.475396e-05      1
7  7.091939e-04    0.3
8  4.935777e-05      1
9  2.320642e-05      1
10 1.231703e-04      1
11 2.653095e-05      1
12 6.612618e-05      1
13 3.431242e-04      1
14 6.705024e-05      1
15 2.209969e-04      1
16 5.188147e-07      1
17 3.491930e-04      1
18 3.244584e-04      1
19 3.368609e-05      1
20 4.038550e-04      1
21 2.661189e-06      1
22 8.260363e-05      1
23 5.487063e-06      1
24 1.334521e-05      1
25 9.947581e-04      1
26 1.517647e-04      1
27 1.394803e-04      1
28 6.854908e-04  0.315
29 1.088350e-05      1
30 6.774178e-07      1
31 1.030570e-05      1
32 4.476916e-06      1
33 9.295203e-05      1
34 9.322323e-05      1
35 2.086905e-07      1
36 2.322148e-05      1
37 1.699473e-05      1
38 5.988746e-06      1
39 9.609067e-04   0.03
40 1.061423e-04      1
41 1.771190e-04      1
42 5.187006e-05      1
43 2.582970e-04      1
44 1.029203e-04      1
45 1.290243e-04      1
46 2.383154e-05      1
47 1.531037e-04      1
48 8.721308e-07      1
49 8.854297e-05      1
50 5.845222e-08      1
51 8.267219e-06      1
52 1.432687e-05      1
53 9.033520e-04      1
54 2.916206e-04      1
55 2.492312e-04      1
56 6.667103e-06      1
57 7.077839e-05      1
58 7.612669e-05      1
59 3.335061e-03      1
60 2.845700e-04      1
61 7.250045e-05      1
62 2.853478e-04      1
63 1.197028e-03   0.99
64 4.415846e-05      1
65 4.082936e-05      1
66 8.073078e-09      1
67 1.072274e-04      1
68 1.473888e-04      1
69 6.125432e-05      1
70 3.724161e-04      1
71 9.089923e-04  0.705
72 3.829818e-05      1
73 7.040680e-06      1
74 1.113422e-04      1
75 6.323656e-06      1

$`MR-PRESSO results`$`Distortion Test`
$`MR-PRESSO results`$`Distortion Test`$`Outliers Indices`
[1] 39

$`MR-PRESSO results`$`Distortion Test`$`Distortion Coefficient`
beta.exposure 
     26.55209 

$`MR-PRESSO results`$`Distortion Test`$Pvalue
[1] 0.8038



