$`Main MR results`
       Exposure       MR Analysis Causal Estimate        Sd     T-stat
1 beta.exposure               Raw      -0.1078548 0.1315086 -0.8201353
2 beta.exposure Outlier-corrected              NA        NA         NA
    P-value
1 0.4146067
2        NA

$`MR-PRESSO results`
$`MR-PRESSO results`$`Global Test`
$`MR-PRESSO results`$`Global Test`$RSSobs
[1] 111.7059

$`MR-PRESSO results`$`Global Test`$Pvalue
[1] 0.015


$`MR-PRESSO results`$`Outlier Test`
         RSSobs Pvalue
1  7.053435e-05      1
2  4.554426e-06      1
3  8.450722e-05      1
4  1.737554e-03      1
5  4.868939e-03      1
6  1.420010e-03      1
7  1.941293e-05      1
8  2.076978e-02      1
9  4.929935e-04      1
10 8.618657e-05      1
11 1.380944e-07      1
12 1.640516e-04      1
13 7.647938e-04      1
14 5.680925e-06      1
15 6.986959e-04      1
16 9.524265e-05      1
17 7.607997e-04      1
18 3.608193e-04      1
19 6.450452e-05      1
20 6.250783e-04      1
21 3.695956e-05      1
22 3.427714e-05      1
23 3.548115e-03      1
24 4.081030e-04      1
25 4.082119e-04      1
26 1.125926e-04      1
27 9.584710e-04      1
28 4.889993e-05      1
29 6.145410e-05      1
30 7.448079e-04      1
31 2.043523e-03      1
32 7.648612e-03      1
33 7.099774e-05      1
34 5.366988e-08      1
35 1.344234e-04      1
36 6.563290e-04      1
37 6.353000e-06      1
38 5.303444e-04      1
39 4.599259e-06      1
40 1.307364e-03  0.304
41 1.369013e-03      1
42 4.533354e-05      1
43 4.466505e-03      1
44 2.422403e-05      1
45 3.810459e-05      1
46 1.029818e-03      1
47 1.166991e-03      1
48 3.672586e-04      1
49 7.977281e-04      1
50 1.289468e-04      1
51 4.890913e-04      1
52 3.702677e-04      1
53 4.553681e-05      1
54 6.433898e-05      1
55 2.204284e-04      1
56 8.293046e-04      1
57 6.492256e-04      1
58 2.279314e-04      1
59 8.885175e-05      1
60 1.955555e-05      1
61 1.198541e-03      1
62 1.065837e-04      1
63 3.176886e-05      1
64 1.657455e-05      1
65 6.674136e-03      1
66 1.608065e-03  0.824
67 1.669260e-05      1
68 1.504582e-06      1
69 1.046557e-04      1
70 2.811791e-06      1
71 2.532206e-04      1
72 4.798081e-08      1
73 3.550983e-04      1
74 8.325663e-05      1
75 1.453538e-04      1
76 1.192396e-05      1
77 8.664921e-04      1
78 5.208127e-04      1
79 2.975481e-05      1
80 2.140496e-04      1

$`MR-PRESSO results`$`Distortion Test`
$`MR-PRESSO results`$`Distortion Test`$`Outliers Indices`
[1] "No significant outliers"

$`MR-PRESSO results`$`Distortion Test`$`Distortion Coefficient`
[1] NA

$`MR-PRESSO results`$`Distortion Test`$Pvalue
[1] NA



