SNP	CHROM	POS	REF	ALT	AF	BETA	SE	Z	P	N	TRAIT
rs2942127	1	204420067	G	A	0.781613	-0.001669	0.007090000000000001	-0.235402	0.8139	3146	CSF_ab42
rs1974771	2	54278543	G	A	0.106468	-0.007088	0.009261	-0.7653601122988878	0.4441	3146	CSF_ab42
rs2114286	NA	NA	NA	NA	NA	NA	NA	NA	NA	NA	NA
rs877483	NA	NA	NA	NA	NA	NA	NA	NA	NA	NA	NA
rs2035562	3	85056521	A	G	0.625499	0.002768	0.006157999999999999	0.449497	0.6531	3146	CSF_ab42
rs181220614	NA	NA	NA	NA	NA	NA	NA	NA	NA	NA	NA
rs1972763	4	159860563	C	T	0.670364	2.156e-4	0.005961999999999999	0.0361624	0.9712	3146	CSF_ab42
rs77742115	5	18330424	T	C	0.126268	-0.00503	0.008451	-0.5951958348124482	0.5518	3146	CSF_ab42
rs35400317	6	26593275	C	T	0.068348	0.013969999999999998	0.01039	1.3445620789220403	0.1788	3146	CSF_ab42
rs149943	6	28002388	G	A	0.097313	0.01838	0.008591	2.1394482598067746	0.03245	3146	CSF_ab42
rs9257566	NA	NA	NA	NA	NA	NA	NA	NA	NA	NA	NA
rs3094622	NA	NA	NA	NA	NA	NA	NA	NA	NA	NA	NA
rs2596547	NA	NA	NA	NA	NA	NA	NA	NA	NA	NA	NA
rs2854277	NA	NA	NA	NA	NA	NA	NA	NA	NA	NA	NA
rs17075350	NA	NA	NA	NA	NA	NA	NA	NA	NA	NA	NA
rs1186721	7	34974602	G	A	0.285714	-0.0052640000000000004	0.006103	-0.8625266262493856	0.3885	3146	CSF_ab42
rs921915	7	50228581	T	C	0.569797	-0.001056	0.005673	-0.186145	0.8524	3146	CSF_ab42
rs1043595	7	128410012	G	A	0.231663	-4.444e-4	0.0067599999999999995	-0.06573964497041421	0.9476	3146	CSF_ab42
rs7804463	7	133447651	T	C	0.453205	-0.01158	0.005593	-2.0704451993563384	0.03847	3146	CSF_ab42
rs2988004	NA	NA	NA	NA	NA	NA	NA	NA	NA	NA	NA
rs7326482	13	54037803	G	T	0.608025	-0.004693	0.0057540000000000004	-0.815607	0.4148	3146	CSF_ab42
rs10145335	14	98547748	G	A	0.245735	-0.007807	0.0064849999999999994	-1.2038550501156515	0.2287	3146	CSF_ab42
rs4886868	NA	NA	NA	NA	NA	NA	NA	NA	NA	NA	NA
rs12912808	NA	NA	NA	NA	NA	NA	NA	NA	NA	NA	NA
rs429358	NA	NA	NA	NA	NA	NA	NA	NA	NA	NA	NA
rs1921981	NA	NA	NA	NA	NA	NA	NA	NA	NA	NA	NA
