$`Main MR results`
       Exposure       MR Analysis Causal Estimate         Sd     T-stat
1 beta.exposure               Raw    -0.003185802 0.01403027 -0.2270663
2 beta.exposure Outlier-corrected     0.004144439 0.01345495  0.3080233
    P-value
1 0.8204059
2 0.7581112

$`MR-PRESSO results`
$`MR-PRESSO results`$`Global Test`
$`MR-PRESSO results`$`Global Test`$RSSobs
[1] 1542.673

$`MR-PRESSO results`$`Global Test`$Pvalue
[1] 0.001306667


$`MR-PRESSO results`$`Outlier Test`
           RSSobs              Pvalue
1    3.622201e-06                   1
2    1.196307e-05                   1
3    8.069796e-05                   1
4    9.919844e-05                   1
5    1.962042e-05                   1
6    1.386041e-04                   1
7    6.343735e-07                   1
8    2.589961e-04                   1
9    1.264841e-04                   1
10   3.554057e-06                   1
11   1.533802e-06                   1
12   3.147582e-06                   1
13   4.732416e-08                   1
14   4.183795e-06                   1
15   5.067294e-06                   1
16   1.392125e-04                   1
17   1.865273e-05                   1
18   1.473229e-07                   1
19   1.208799e-04                   1
20   9.701623e-05                   1
21   4.074542e-05                   1
22   1.634660e-05                   1
23   7.413092e-05                   1
24   5.173673e-05                   1
25   1.050399e-05                   1
26   9.919211e-05                   1
27   4.148522e-05                   1
28   1.764324e-04                   1
29   1.217951e-07                   1
30   1.956626e-05                   1
31   4.451653e-08                   1
32   4.838623e-05                   1
33   2.679250e-05                   1
34   4.149052e-05                   1
35   1.228148e-04                   1
36   1.345945e-06                   1
37   1.845016e-06                   1
38   2.590644e-05                   1
39   1.796675e-05                   1
40   3.897587e-05                   1
41   2.380243e-04                   1
42   2.405883e-06                   1
43   5.826287e-06                   1
44   1.667575e-05                   1
45   8.785209e-05                   1
46   2.592764e-06                   1
47   3.036710e-05                   1
48   3.347369e-05                   1
49   4.727148e-05                   1
50   3.345804e-06                   1
51   4.790947e-05                   1
52   5.354688e-05                   1
53   8.562613e-06                   1
54   5.973923e-05                   1
55   6.280603e-05                   1
56   2.489545e-04                   1
57   1.813021e-04                   1
58   2.344785e-05                   1
59   1.200832e-06                   1
60   2.977731e-05                   1
61   2.806612e-05                   1
62   2.916287e-07                   1
63   2.542395e-05                   1
64   2.951665e-06                   1
65   3.468177e-05                   1
66   7.147730e-06                   1
67   1.696853e-05                   1
68   2.774783e-05                   1
69   2.034052e-06                   1
70   2.508224e-07                   1
71   7.671741e-05                   1
72   4.043083e-05                   1
73   4.496819e-06                   1
74   1.170536e-05                   1
75   2.736207e-05                   1
76   1.020648e-04                   1
77   5.909863e-07                   1
78   1.031410e-05                   1
79   1.098105e-05                   1
80   2.996033e-06                   1
81   2.365345e-05                   1
82   9.417118e-05                   1
83   7.907579e-06                   1
84   4.557087e-06                   1
85   5.293801e-05                   1
86   1.338060e-04                   1
87   2.232461e-06                   1
88   3.479607e-05                   1
89   2.881563e-05                   1
90   3.093015e-04                   1
91   6.298517e-05                   1
92   2.242310e-05                   1
93   4.517268e-05                   1
94   1.272214e-04                   1
95   8.221666e-05                   1
96   5.996746e-06                   1
97   2.279603e-05                   1
98   2.810154e-05                   1
99   9.274094e-06                   1
100  7.874912e-05                   1
101  5.838017e-06                   1
102  1.675299e-06                   1
103  1.144479e-05                   1
104  6.527911e-05                   1
105  4.346812e-07                   1
106  1.323190e-04                   1
107  3.975305e-05                   1
108  4.639277e-06                   1
109  3.114798e-05                   1
110  1.223909e-05                   1
111  4.682843e-05                   1
112  4.799031e-05                   1
113  4.404931e-06                   1
114  1.988227e-04                   1
115  9.312262e-07                   1
116  5.270033e-05                   1
117  8.281140e-07                   1
118  4.421260e-05                   1
119  4.255541e-05                   1
120  9.179726e-05                   1
121  2.073254e-05                   1
122  4.151222e-04                   1
123  7.240979e-05                   1
124  2.331541e-05                   1
125  1.844749e-05                   1
126  4.940511e-05                   1
127  5.474479e-06                   1
128  2.650443e-05                   1
129  6.543908e-06                   1
130  1.266519e-05                   1
131  2.706504e-08                   1
132  1.505957e-04                   1
133  7.131794e-05                   1
134  2.447087e-05                   1
135  3.181923e-05                   1
136  8.891840e-05                   1
137  2.000427e-05                   1
138  2.483617e-05                   1
139  1.748409e-05                   1
140  2.230983e-06                   1
141  1.588387e-05                   1
142  7.970148e-08                   1
143  5.910617e-05                   1
144  6.151957e-08                   1
145  8.539256e-05                   1
146  2.798626e-04                   1
147  1.289830e-04                   1
148  1.869571e-05                   1
149  1.748022e-06                   1
150  3.234461e-06                   1
151  6.397355e-06                   1
152  1.066346e-06                   1
153  1.347447e-04                   1
154  3.676404e-05                   1
155  9.630324e-08                   1
156  6.891419e-06                   1
157  3.411061e-06                   1
158  1.147327e-05                   1
159  9.425480e-05                   1
160  2.249297e-05                   1
161  9.220046e-05                   1
162  8.401510e-06                   1
163  5.874810e-06                   1
164  2.287770e-04                   1
165  1.937818e-05                   1
166  1.779771e-05                   1
167  5.234206e-05                   1
168  2.137322e-05                   1
169  2.144478e-06                   1
170  3.475307e-05                   1
171  1.135777e-04                   1
172  9.919897e-06                   1
173  3.587769e-05                   1
174  2.551696e-06                   1
175  5.739550e-06                   1
176  1.041184e-04                   1
177  3.054353e-05                   1
178  3.222216e-05                   1
179  1.513554e-05                   1
180  2.190394e-05                   1
181  3.411275e-05                   1
182  2.722308e-05                   1
183  1.097788e-04                   1
184  7.228835e-05                   1
185  1.867671e-07                   1
186  9.991336e-06                   1
187  1.993199e-04                   1
188  3.140580e-06                   1
189  1.092270e-04                   1
190  1.349618e-04                   1
191  7.696967e-05                   1
192  2.187736e-04                   1
193  6.923909e-05                   1
194  2.091952e-04                   1
195  1.121831e-05                   1
196  8.677379e-07                   1
197  1.081100e-05                   1
198  1.067660e-06                   1
199  5.102662e-05                   1
200  1.692820e-05                   1
201  2.473904e-04                   1
202  5.246364e-06                   1
203  2.750487e-06                   1
204  2.165411e-04                   1
205  2.333081e-05                   1
206  1.580014e-06                   1
207  2.046040e-05                   1
208  2.173325e-05                   1
209  1.191667e-06                   1
210  2.897824e-06                   1
211  8.296575e-05                   1
212  1.699868e-04                   1
213  4.588731e-08                   1
214  9.598754e-10                   1
215  1.340552e-05                   1
216  9.014737e-06                   1
217  1.976372e-05                   1
218  7.817018e-05                   1
219  5.197274e-05                   1
220  2.206485e-06                   1
221  2.651439e-05                   1
222  2.022452e-06                   1
223  5.440079e-06                   1
224  9.944181e-10                   1
225  2.740552e-05                   1
226  1.744216e-06                   1
227  4.616348e-06                   1
228  4.556759e-08                   1
229  2.808905e-04                   1
230  2.001082e-07                   1
231  1.152803e-04                   1
232  2.212402e-05                   1
233  4.930671e-06                   1
234  1.988508e-05                   1
235  3.481772e-04                   1
236  2.281404e-08                   1
237  1.682994e-06                   1
238  2.519941e-06                   1
239  3.734373e-06                   1
240  4.948561e-05                   1
241  9.240637e-06                   1
242  1.571765e-04                   1
243  1.670925e-05                   1
244  1.453246e-06                   1
245  1.266233e-04                   1
246  3.645949e-06                   1
247  3.731806e-05                   1
248  2.030231e-05                   1
249  2.549038e-04                   1
250  1.034440e-06                   1
251  6.035504e-06                   1
252  3.685771e-05                   1
253  2.506496e-05                   1
254  1.341429e-11                   1
255  2.007725e-05                   1
256  1.382828e-05                   1
257  4.947399e-05                   1
258  4.702002e-04                   1
259  2.355075e-06                   1
260  1.054189e-04                   1
261  3.819406e-06                   1
262  7.296143e-05                   1
263  1.402152e-04                   1
264  7.304413e-09                   1
265  1.014925e-05                   1
266  5.797576e-05                   1
267  5.479355e-07                   1
268  2.765307e-05                   1
269  8.705783e-05                   1
270  8.723374e-05                   1
271  1.043350e-04                   1
272  2.213167e-06                   1
273  1.182497e-04                   1
274  3.793157e-05                   1
275  3.148507e-05                   1
276  4.254836e-07                   1
277  5.149136e-05                   1
278  1.723362e-06                   1
279  1.142758e-05                   1
280  5.365712e-05                   1
281  2.587882e-05                   1
282  1.330329e-04                   1
283  4.136420e-04                   1
284  1.637738e-05                   1
285  6.499128e-05                   1
286  5.268319e-06                   1
287  2.670732e-05                   1
288  5.176287e-06                   1
289  6.936649e-07                   1
290  7.092466e-06                   1
291  8.467670e-05                   1
292  7.347803e-05                   1
293  3.142766e-05                   1
294  1.908938e-04                   1
295  2.497370e-05                   1
296  3.124813e-05                   1
297  1.950475e-09                   1
298  4.260491e-06                   1
299  1.301969e-04                   1
300  2.139804e-05                   1
301  2.312759e-05                   1
302  4.910578e-04                   1
303  3.850806e-05                   1
304  4.126335e-05                   1
305  1.533305e-04                   1
306  1.122729e-04                   1
307  5.048297e-06                   1
308  5.789036e-05                   1
309  2.140074e-06                   1
310  5.870296e-05                   1
311  8.012574e-07                   1
312  5.186721e-07                   1
313  2.125907e-05                   1
314  5.141781e-05                   1
315  7.376643e-05                   1
316  2.970677e-04                   1
317  1.232765e-04                   1
318  7.459948e-06                   1
319  3.540824e-05                   1
320  7.210110e-07                   1
321  2.559374e-05                   1
322  9.921090e-05                   1
323  3.468965e-05                   1
324  2.685807e-06                   1
325  4.307159e-05                   1
326  1.470019e-06                   1
327  1.357353e-05                   1
328  5.214611e-08                   1
329  5.099123e-05                   1
330  1.312490e-05                   1
331  1.579967e-05                   1
332  2.356969e-05                   1
333  4.003852e-05                   1
334  2.094793e-05                   1
335  2.286327e-05                   1
336  2.930902e-05                   1
337  6.132072e-06                   1
338  5.349975e-05                   1
339  4.920041e-05                   1
340  1.297949e-06                   1
341  1.449671e-05                   1
342  7.226092e-06                   1
343  8.169910e-05                   1
344  5.853815e-06                   1
345  5.266231e-05                   1
346  1.343561e-06                   1
347  4.051377e-07                   1
348  1.149425e-04                   1
349  2.429063e-04                   1
350  1.591282e-05                   1
351  3.332604e-05                   1
352  9.637412e-05                   1
353  1.727493e-05                   1
354  1.963042e-05                   1
355  9.335063e-06                   1
356  5.503241e-05                   1
357  1.099867e-06                   1
358  1.508320e-06                   1
359  3.459823e-04                   1
360  3.611060e-06                   1
361  7.106043e-05                   1
362  9.361573e-05                   1
363  2.291521e-04                   1
364  4.985451e-05                   1
365  1.818597e-06                   1
366  1.455837e-07                   1
367  7.404547e-06                   1
368  1.916964e-09                   1
369  1.241434e-05                   1
370  6.826138e-06                   1
371  5.269856e-07                   1
372  3.422960e-05                   1
373  1.445511e-05                   1
374  5.079896e-05                   1
375  7.351883e-06                   1
376  4.947362e-10                   1
377  4.685621e-05                   1
378  5.489825e-07                   1
379  1.570650e-06                   1
380  9.784015e-06                   1
381  4.418665e-05                   1
382  3.624311e-05                   1
383  5.179140e-05                   1
384  6.051593e-07                   1
385  2.662443e-05                   1
386  7.828861e-08                   1
387  2.948371e-07                   1
388  8.789053e-06                   1
389  7.210597e-06                   1
390  9.435565e-05                   1
391  1.084597e-05                   1
392  1.255605e-04                   1
393  1.252951e-05                   1
394  2.432557e-05                   1
395  7.107326e-06                   1
396  2.522579e-05                   1
397  1.764579e-04                   1
398  6.200704e-05                   1
399  8.314805e-05                   1
400  2.770282e-07                   1
401  3.328453e-06                   1
402  1.404003e-04                   1
403  1.535510e-04                   1
404  1.910139e-07                   1
405  2.373743e-06                   1
406  1.688119e-04                   1
407  1.107508e-06                   1
408  6.252046e-06                   1
409  1.075157e-04                   1
410  4.261509e-06                   1
411  9.026295e-05                   1
412  7.426353e-05                   1
413  5.118460e-07                   1
414  1.042327e-05                   1
415  1.241432e-04                   1
416  5.633080e-05                   1
417  3.846804e-05                   1
418  1.103865e-04                   1
419  1.549424e-06                   1
420  1.421981e-05                   1
421  2.317296e-07                   1
422  4.358694e-06                   1
423  1.360230e-06                   1
424  1.036383e-07                   1
425  1.076574e-10                   1
426  2.800961e-05                   1
427  9.226546e-06                   1
428  1.415743e-06                   1
429  1.512107e-05                   1
430  1.567586e-05                   1
431  1.009092e-05                   1
432  3.108352e-08                   1
433  7.281659e-06                   1
434  3.562367e-05                   1
435  6.149173e-06                   1
436  1.615145e-05                   1
437  8.313273e-05                   1
438  6.627571e-08                   1
439  9.430361e-07                   1
440  1.861192e-06                   1
441  2.103876e-05                   1
442  1.652997e-05                   1
443  5.837172e-07                   1
444  7.178999e-06                   1
445  1.268196e-05                   1
446  6.133148e-05                   1
447  6.433584e-06                   1
448  3.303876e-05                   1
449  7.635977e-05                   1
450  7.778459e-05                   1
451  6.737005e-05                   1
452  2.256656e-05                   1
453  1.162973e-04                   1
454  6.783385e-05                   1
455  2.591013e-05                   1
456  1.456293e-04                   1
457  4.276687e-05                   1
458  3.572105e-06                   1
459  1.713469e-05                   1
460  6.167384e-06                   1
461  9.791131e-05                   1
462  5.279994e-05                   1
463  2.996107e-04                   1
464  1.415125e-06                   1
465  3.492146e-05                   1
466  1.058588e-07                   1
467  6.572980e-05                   1
468  1.074453e-06                   1
469  1.454332e-06                   1
470  2.311687e-05                   1
471  2.129186e-05                   1
472  2.517564e-05                   1
473  7.350552e-08                   1
474  7.766759e-05                   1
475  1.207181e-05                   1
476  4.020852e-05                   1
477  1.153428e-04                   1
478  8.221600e-05                   1
479  5.793441e-06                   1
480  4.041749e-05                   1
481  1.051192e-04                   1
482  3.502958e-04                   1
483  1.046939e-06                   1
484  1.721256e-05                   1
485  5.313271e-06                   1
486  3.799766e-05                   1
487  1.187202e-06                   1
488  4.810818e-05                   1
489  1.276448e-04                   1
490  1.242980e-05                   1
491  5.678533e-05                   1
492  3.047369e-06                   1
493  1.177372e-05                   1
494  2.097953e-08                   1
495  1.006508e-04                   1
496  2.579779e-05                   1
497  6.431317e-05                   1
498  1.287681e-06                   1
499  1.431675e-05                   1
500  3.163142e-05                   1
501  2.626935e-05                   1
502  1.931620e-05                   1
503  3.902736e-08                   1
504  6.550214e-06                   1
505  4.152092e-04                   1
506  1.098706e-04                   1
507  5.793496e-05                   1
508  9.251804e-05                   1
509  2.511321e-05                   1
510  2.415918e-04                   1
511  3.419300e-05                   1
512  7.337115e-05                   1
513  1.901757e-05                   1
514  3.659837e-04                   1
515  7.782818e-04                   1
516  9.080076e-05                   1
517  1.395185e-04                   1
518  3.848829e-04                   1
519  2.157691e-05                   1
520  1.338240e-06                   1
521  5.687344e-05                   1
522  5.140383e-05                   1
523  4.209808e-05                   1
524  5.110389e-06                   1
525  3.287723e-05                   1
526  6.421099e-06                   1
527  4.839023e-05                   1
528  2.459713e-04                   1
529  6.541192e-05                   1
530  1.342206e-05                   1
531  1.120767e-05                   1
532  1.997683e-07                   1
533  4.261826e-05                   1
534  8.118441e-06                   1
535  8.628309e-06                   1
536  3.216388e-04                   1
537  1.233491e-05                   1
538  3.463824e-04                   1
539  1.060210e-04                   1
540  9.659662e-05                   1
541  5.745906e-05                   1
542  5.710979e-08                   1
543  2.758956e-06                   1
544  3.553796e-06                   1
545  2.599036e-05                   1
546  1.459781e-04                   1
547  1.309789e-04                   1
548  3.725858e-07                   1
549  3.539112e-05                   1
550  3.525663e-05                   1
551  2.060304e-09                   1
552  4.705501e-05                   1
553  3.257213e-05                   1
554  5.503808e-06                   1
555  2.084509e-07                   1
556  8.834314e-07                   1
557  4.092389e-05                   1
558  2.097596e-05                   1
559  1.428340e-06                   1
560  2.513554e-05                   1
561  9.144351e-05                   1
562  7.537323e-07                   1
563  7.012061e-05                   1
564  6.211194e-05                   1
565  1.203695e-04                   1
566  6.041348e-05                   1
567  9.564871e-06                   1
568  7.619053e-06                   1
569  2.970545e-05                   1
570  6.239597e-06                   1
571  1.972401e-05                   1
572  1.553924e-05                   1
573  4.101675e-06                   1
574  1.652091e-05                   1
575  4.318325e-07                   1
576  1.746669e-05                   1
577  2.534900e-05                   1
578  3.354800e-05                   1
579  7.947020e-07                   1
580  1.947438e-04                   1
581  7.920969e-07                   1
582  9.360868e-05                   1
583  1.272240e-04                   1
584  3.400082e-06                   1
585  3.662309e-05                   1
586  7.903933e-05                   1
587  6.233030e-05                   1
588  1.577810e-05                   1
589  8.735474e-06                   1
590  7.423915e-05                   1
591  2.255439e-05                   1
592  9.943844e-07                   1
593  8.810880e-05                   1
594  2.432584e-06                   1
595  2.096236e-06                   1
596  1.014443e-06                   1
597  4.068213e-05                   1
598  2.206699e-05                   1
599  2.655975e-06                   1
600  5.314263e-05                   1
601  3.570104e-05                   1
602  2.445287e-05                   1
603  1.985960e-05                   1
604  1.222876e-06                   1
605  1.583798e-04                   1
606  2.613482e-04                   1
607  4.502316e-05                   1
608  2.763643e-04                   1
609  2.695092e-05                   1
610  1.782305e-05                   1
611  5.362201e-07                   1
612  2.470779e-05                   1
613  1.882843e-04                   1
614  2.395445e-04                   1
615  2.758588e-05                   1
616  3.165564e-04                   1
617  1.707718e-05                   1
618  6.062188e-05                   1
619  4.973054e-05                   1
620  7.213662e-07                   1
621  3.263666e-06                   1
622  4.836807e-05                   1
623  2.681536e-05                   1
624  5.243670e-05                   1
625  2.217221e-06                   1
626  2.986487e-05                   1
627  6.553557e-06                   1
628  1.885639e-06                   1
629  2.767127e-05                   1
630  1.302565e-06                   1
631  4.878972e-05                   1
632  1.321443e-04                   1
633  4.115228e-06                   1
634  1.101412e-04                   1
635  6.423853e-05                   1
636  1.931534e-05                   1
637  7.936698e-05                   1
638  3.678995e-06                   1
639  8.935752e-05                   1
640  1.051045e-04                   1
641  3.934963e-05                   1
642  1.413529e-05                   1
643  4.742154e-05                   1
644  7.741685e-06                   1
645  8.856820e-05                   1
646  6.640409e-05                   1
647  9.368450e-06                   1
648  3.119381e-05                   1
649  2.903616e-05                   1
650  2.879609e-05                   1
651  1.408683e-05                   1
652  6.500681e-08                   1
653  2.366998e-05                   1
654  7.752609e-05                   1
655  1.548033e-06                   1
656  2.701232e-05                   1
657  2.525609e-05                   1
658  9.087385e-06                   1
659  2.643408e-05                   1
660  6.041706e-05                   1
661  1.010341e-04                   1
662  1.432352e-05                   1
663  2.555987e-05                   1
664  3.245027e-05                   1
665  3.218764e-05                   1
666  9.038470e-06                   1
667  3.422523e-06                   1
668  6.520872e-06                   1
669  2.155763e-05                   1
670  2.081291e-05                   1
671  1.573835e-07                   1
672  1.031177e-05                   1
673  1.820152e-04                   1
674  5.567568e-06                   1
675  1.579490e-04                   1
676  1.507223e-05                   1
677  1.932985e-07                   1
678  5.640822e-05                   1
679  3.044461e-05                   1
680  1.127123e-05                   1
681  2.202680e-05                   1
682  1.845156e-04                   1
683  1.345621e-04                   1
684  3.642017e-06                   1
685  7.018709e-05                   1
686  5.046951e-05                   1
687  3.114241e-04                   1
688  1.036564e-05                   1
689  1.101149e-05                   1
690  1.893722e-05                   1
691  2.203435e-05                   1
692  1.783545e-04                   1
693  1.906707e-05                   1
694  2.847710e-05                   1
695  8.131427e-07                   1
696  7.680721e-07                   1
697  7.141018e-05                   1
698  1.189444e-05                   1
699  1.204468e-05                   1
700  1.080679e-05                   1
701  1.103905e-06                   1
702  4.760782e-05                   1
703  1.005102e-04                   1
704  1.017916e-05                   1
705  1.147170e-06                   1
706  4.685388e-06                   1
707  4.966376e-05                   1
708  2.469311e-05                   1
709  1.825507e-04                   1
710  3.066583e-05                   1
711  7.823394e-05                   1
712  6.826579e-08                   1
713  1.843045e-06                   1
714  2.431423e-05                   1
715  6.867218e-05                   1
716  6.001854e-08                   1
717  5.367082e-06                   1
718  4.409567e-05                   1
719  1.943153e-05                   1
720  1.910324e-05                   1
721  1.470064e-04                   1
722  2.155815e-05                   1
723  8.121063e-07                   1
724  1.014231e-04                   1
725  5.311571e-05                   1
726  4.426191e-06                   1
727  1.632852e-06                   1
728  9.811530e-05                   1
729  4.032525e-06                   1
730  2.071484e-06                   1
731  5.604051e-07                   1
732  1.596132e-05                   1
733  1.334907e-06                   1
734  1.179343e-05                   1
735  5.642671e-05                   1
736  1.466324e-05                   1
737  2.242306e-04                   1
738  6.140948e-05                   1
739  1.681728e-06                   1
740  1.447489e-04                   1
741  1.643315e-05                   1
742  3.728013e-05                   1
743  1.062765e-05                   1
744  6.271085e-07                   1
745  3.682155e-05                   1
746  2.108339e-04                   1
747  3.979293e-06                   1
748  1.738205e-04                   1
749  7.671556e-06                   1
750  9.158308e-08                   1
751  1.583909e-04                   1
752  1.998347e-05                   1
753  4.060480e-05                   1
754  7.034246e-04  0.0734933333333333
755  1.275224e-05                   1
756  1.726334e-06                   1
757  4.366177e-05                   1
758  9.468748e-05                   1
759  1.641091e-09                   1
760  2.103011e-05                   1
761  2.510081e-05                   1
762  1.142707e-05                   1
763  1.496862e-04                   1
764  2.293834e-05                   1
765  5.965227e-05                   1
766  1.957140e-05                   1
767  1.101102e-05                   1
768  8.351857e-06                   1
769  6.112462e-05                   1
770  7.475710e-07                   1
771  6.733666e-06                   1
772  9.713230e-05                   1
773  1.972358e-05                   1
774  8.480741e-05                   1
775  2.706665e-07                   1
776  4.289628e-06                   1
777  2.426261e-05                   1
778  1.831187e-06                   1
779  6.411263e-05                   1
780  1.976385e-05                   1
781  3.828228e-06                   1
782  1.669601e-06                   1
783  1.282419e-05                   1
784  1.277835e-04                   1
785  2.927599e-06                   1
786  1.968113e-04                   1
787  3.214300e-05                   1
788  4.961623e-05                   1
789  1.478994e-04                   1
790  1.017129e-05                   1
791  5.632521e-06                   1
792  5.847424e-05                   1
793  1.480212e-05                   1
794  8.453923e-07                   1
795  4.205282e-06                   1
796  1.293034e-04                   1
797  7.428977e-06                   1
798  1.059905e-06                   1
799  3.026834e-05                   1
800  7.283652e-05                   1
801  7.844372e-07                   1
802  8.200763e-06                   1
803  9.406171e-06                   1
804  9.216369e-05                   1
805  1.023683e-04                   1
806  1.184859e-04                   1
807  1.816824e-04                   1
808  1.976241e-05                   1
809  8.846820e-07                   1
810  6.715890e-05                   1
811  9.154885e-05                   1
812  1.944745e-04                   1
813  2.735902e-05                   1
814  2.540525e-05                   1
815  1.056158e-06                   1
816  1.188665e-06                   1
817  2.862318e-07                   1
818  1.139466e-06                   1
819  4.638009e-05                   1
820  1.201096e-04                   1
821  1.090620e-04                   1
822  5.302192e-13                   1
823  7.907205e-06                   1
824  5.507777e-04                   1
825  9.511871e-05                   1
826  3.524738e-04                   1
827  1.855226e-04                   1
828  2.391541e-06                   1
829  4.880772e-07                   1
830  7.664258e-05                   1
831  3.954662e-05                   1
832  2.327904e-03                   1
833  1.569094e-05                   1
834  5.695283e-06                   1
835  9.482801e-05                   1
836  5.502401e-05                   1
837  6.694973e-11                   1
838  4.285876e-05                   1
839  1.062732e-04                   1
840  3.851562e-08                   1
841  4.408969e-05                   1
842  6.468478e-05                   1
843  4.164627e-05                   1
844  1.146202e-04                   1
845  4.176873e-05                   1
846  2.675418e-06                   1
847  8.985150e-07                   1
848  1.013406e-05                   1
849  2.096083e-07                   1
850  3.646213e-07                   1
851  2.836510e-05                   1
852  1.166070e-04                   1
853  4.072414e-06                   1
854  1.766449e-06                   1
855  6.929710e-05                   1
856  4.315896e-05                   1
857  3.076770e-05                   1
858  7.861173e-07                   1
859  1.421564e-05                   1
860  1.009061e-04                   1
861  9.091688e-06                   1
862  6.823926e-06                   1
863  2.012187e-06                   1
864  9.092541e-05                   1
865  4.809905e-05                   1
866  6.455025e-05                   1
867  3.538061e-05                   1
868  1.382219e-05                   1
869  1.549463e-05                   1
870  1.971686e-05                   1
871  1.926279e-04                   1
872  1.092546e-04                   1
873  2.327944e-04                   1
874  3.457486e-05                   1
875  6.762736e-05                   1
876  1.278789e-04                   1
877  5.915619e-05                   1
878  3.006331e-05                   1
879  2.124747e-05                   1
880  3.964122e-05                   1
881  2.870089e-04                   1
882  3.595822e-05                   1
883  1.988498e-04                   1
884  2.655024e-05                   1
885  5.887098e-05                   1
886  7.920110e-06                   1
887  1.760489e-06                   1
888  3.245814e-05                   1
889  6.946696e-05                   1
890  1.823964e-07                   1
891  9.332847e-06                   1
892  7.940786e-06                   1
893  1.874463e-06                   1
894  1.230538e-04                   1
895  1.664476e-04                   1
896  6.374108e-05                   1
897  3.334910e-05                   1
898  2.271361e-05                   1
899  8.179451e-06                   1
900  1.919564e-04                   1
901  1.831983e-06                   1
902  3.968417e-06                   1
903  5.352244e-06                   1
904  8.358953e-05                   1
905  3.353573e-06                   1
906  1.455953e-04                   1
907  4.250764e-05                   1
908  5.529386e-05                   1
909  4.785266e-05                   1
910  7.094651e-06                   1
911  1.912579e-05                   1
912  8.113270e-06                   1
913  1.606972e-04                   1
914  2.269410e-05                   1
915  2.355791e-05                   1
916  7.500136e-07                   1
917  1.204514e-05                   1
918  3.183822e-05                   1
919  1.437653e-05                   1
920  2.953320e-07                   1
921  1.610821e-06                   1
922  1.121754e-05                   1
923  2.727925e-04                   1
924  2.276179e-04                   1
925  9.150642e-05                   1
926  8.017727e-05                   1
927  1.440569e-05                   1
928  5.006546e-05                   1
929  6.197233e-05                   1
930  1.424386e-06                   1
931  9.133038e-06                   1
932  1.382467e-05                   1
933  1.637636e-06                   1
934  5.232658e-05                   1
935  4.476238e-07                   1
936  3.579982e-06                   1
937  2.743117e-04                   1
938  4.644025e-05                   1
939  9.598803e-06                   1
940  2.250034e-05                   1
941  1.648758e-06                   1
942  1.106201e-04                   1
943  1.354572e-04                   1
944  1.567452e-04                   1
945  3.310638e-05                   1
946  2.368052e-05                   1
947  6.161456e-05                   1
948  2.334985e-06                   1
949  4.761663e-05                   1
950  3.655266e-06                   1
951  4.557277e-06                   1
952  4.450786e-05                   1
953  1.042099e-06                   1
954  3.034651e-05                   1
955  5.553772e-05                   1
956  3.149881e-05                   1
957  2.813345e-05                   1
958  1.020664e-04                   1
959  8.003215e-05                   1
960  4.265325e-07                   1
961  3.851088e-06                   1
962  1.017039e-07                   1
963  2.975595e-06                   1
964  1.240038e-05                   1
965  5.980614e-06                   1
966  3.083134e-06                   1
967  8.649102e-06                   1
968  5.582514e-04                   1
969  2.403208e-04                   1
970  2.076003e-04                   1
971  4.037985e-05                   1
972  1.214273e-06                   1
973  1.083626e-05                   1
974  7.333824e-06                   1
975  7.812400e-05                   1
976  3.563549e-05                   1
977  7.682883e-05                   1
978  1.779132e-04                   1
979  1.014897e-04                   1
980  4.010923e-07                   1
981  4.844941e-06                   1
982  2.317746e-05                   1
983  9.618498e-06                   1
984  1.183053e-04                   1
985  8.515049e-05                   1
986  4.925945e-05                   1
987  3.492546e-05                   1
988  1.681454e-05                   1
989  4.778995e-05                   1
990  5.296377e-05                   1
991  6.055925e-05                   1
992  3.499715e-08                   1
993  4.173208e-06                   1
994  7.120122e-05                   1
995  5.848509e-06                   1
996  9.532235e-06                   1
997  4.603241e-05                   1
998  6.983183e-06                   1
999  1.071813e-04                   1
1000 2.597483e-05                   1
1001 3.975238e-05                   1
1002 7.526514e-08                   1
1003 1.551365e-05                   1
1004 2.011037e-04                   1
1005 4.770818e-05                   1
1006 2.427297e-05                   1
1007 1.407714e-05                   1
1008 5.615665e-05                   1
1009 2.378209e-08                   1
1010 4.301032e-06                   1
1011 1.219955e-05                   1
1012 5.232109e-05                   1
1013 5.150545e-05                   1
1014 3.467541e-06                   1
1015 8.166132e-05                   1
1016 6.691817e-05                   1
1017 7.050269e-06                   1
1018 1.000890e-06                   1
1019 8.707145e-06                   1
1020 1.726335e-04                   1
1021 1.187851e-05                   1
1022 1.191686e-05                   1
1023 1.656963e-05                   1
1024 5.278461e-05                   1
1025 8.910325e-06                   1
1026 6.977590e-05                   1
1027 9.392050e-05                   1
1028 6.120798e-07                   1
1029 1.280735e-05                   1
1030 1.121380e-07                   1
1031 2.899987e-07                   1
1032 5.399002e-05                   1
1033 1.447783e-05                   1
1034 1.773617e-05                   1
1035 5.941483e-07                   1
1036 6.295331e-05                   1
1037 4.648117e-05                   1
1038 4.069999e-05                   1
1039 7.526805e-08                   1
1040 4.046870e-07                   1
1041 2.226652e-05                   1
1042 1.423482e-06                   1
1043 5.812240e-05                   1
1044 1.630314e-06                   1
1045 7.896624e-05                   1
1046 5.116544e-06                   1
1047 3.698138e-05                   1
1048 6.486400e-05                   1
1049 2.373967e-06                   1
1050 5.881071e-06                   1
1051 1.244808e-06                   1
1052 5.059825e-06                   1
1053 6.913525e-09                   1
1054 7.044035e-06                   1
1055 5.829163e-05                   1
1056 3.320513e-07                   1
1057 4.719975e-09                   1
1058 5.073664e-04                   1
1059 2.454426e-05                   1
1060 7.075208e-05                   1
1061 1.463001e-06                   1
1062 2.594737e-06                   1
1063 2.631681e-05                   1
1064 1.499135e-07                   1
1065 1.230488e-04                   1
1066 1.896053e-05                   1
1067 8.121233e-04                   1
1068 8.925521e-06                   1
1069 9.313064e-06                   1
1070 3.955504e-08                   1
1071 3.793908e-05                   1
1072 8.992246e-05                   1
1073 4.231340e-05                   1
1074 2.692642e-06                   1
1075 1.151070e-05                   1
1076 1.145897e-04                   1
1077 1.421678e-05                   1
1078 5.894914e-06                   1
1079 5.741271e-05                   1
1080 7.591670e-05                   1
1081 8.000392e-05                   1
1082 3.479614e-05                   1
1083 1.219541e-06                   1
1084 6.809215e-06                   1
1085 2.705807e-07                   1
1086 3.730225e-07                   1
1087 2.052456e-04                   1
1088 6.937680e-05                   1
1089 9.285741e-06                   1
1090 1.001351e-05                   1
1091 2.194325e-05                   1
1092 2.889798e-05                   1
1093 3.840043e-06                   1
1094 1.035397e-04                   1
1095 3.248611e-05                   1
1096 4.667078e-05                   1
1097 9.254877e-07                   1
1098 1.018497e-05                   1
1099 1.302831e-05                   1
1100 1.527094e-05                   1
1101 4.921853e-06                   1
1102 1.098773e-05                   1
1103 7.910032e-05                   1
1104 1.228419e-06                   1
1105 1.243455e-05                   1
1106 9.882604e-06                   1
1107 1.066723e-04                   1
1108 6.228702e-05                   1
1109 1.120135e-05                   1
1110 4.634132e-07                   1
1111 2.253979e-05                   1
1112 4.676405e-07                   1
1113 2.775489e-05                   1
1114 9.014704e-06                   1
1115 2.469290e-06                   1
1116 3.457865e-05                   1
1117 3.519624e-05                   1
1118 1.321035e-05                   1
1119 2.349720e-06                   1
1120 2.738684e-05                   1
1121 7.435041e-06                   1
1122 3.302792e-05                   1
1123 2.928081e-08                   1
1124 1.261195e-07                   1
1125 1.079500e-05                   1
1126 2.250420e-05                   1
1127 1.999681e-05                   1
1128 1.093980e-05                   1
1129 1.521506e-04                   1
1130 1.882868e-05                   1
1131 6.568539e-05                   1
1132 1.503854e-05                   1
1133 6.977617e-08                   1
1134 6.652547e-07                   1
1135 7.215419e-07                   1
1136 4.799028e-07                   1
1137 7.409778e-06                   1
1138 1.640663e-05                   1
1139 4.384453e-06                   1
1140 2.299422e-05                   1
1141 9.557430e-06                   1
1142 1.384126e-05                   1
1143 2.181415e-05                   1
1144 1.189173e-05                   1
1145 1.260342e-05                   1
1146 3.475241e-05                   1
1147 5.658390e-05                   1
1148 1.689708e-05                   1
1149 3.233412e-05                   1
1150 2.206616e-05                   1
1151 2.696661e-05                   1
1152 6.281786e-05                   1
1153 4.331238e-05                   1
1154 1.972875e-05                   1
1155 7.467982e-05                   1
1156 7.915441e-06                   1
1157 1.470546e-05                   1
1158 8.279791e-06                   1
1159 9.220934e-06                   1
1160 5.409139e-05                   1
1161 5.499523e-05                   1
1162 1.573301e-05                   1
1163 3.359195e-06                   1
1164 2.380368e-06                   1
1165 7.248207e-06                   1
1166 2.324641e-05                   1
1167 3.984291e-04                   1
1168 6.025713e-05                   1
1169 4.759328e-05                   1
1170 4.712142e-05                   1
1171 6.918861e-05                   1
1172 1.505050e-04                   1
1173 1.298022e-04                   1
1174 2.983637e-04                   1
1175 1.373626e-06                   1
1176 5.501673e-05                   1
1177 2.704104e-08                   1
1178 3.331846e-05                   1
1179 9.159245e-05                   1
1180 9.053601e-05                   1
1181 2.183141e-06                   1
1182 2.161791e-05                   1
1183 1.716463e-07                   1
1184 2.132369e-05                   1
1185 5.831934e-07                   1
1186 7.778331e-06                   1
1187 4.932173e-05                   1
1188 5.429958e-05                   1
1189 7.328506e-06                   1
1190 1.031806e-07                   1
1191 1.703432e-05                   1
1192 2.774052e-06                   1
1193 2.121074e-05                   1
1194 3.983345e-05                   1
1195 4.364750e-07                   1
1196 9.202851e-05                   1
1197 2.426774e-06                   1
1198 1.476153e-04                   1
1199 2.059664e-07                   1
1200 1.223739e-05                   1
1201 2.470523e-05                   1
1202 3.541498e-06                   1
1203 2.956370e-05                   1
1204 6.133281e-03 <0.0183733333333333
1205 7.901454e-06                   1
1206 1.499853e-06                   1
1207 1.009117e-04                   1
1208 8.887592e-05                   1
1209 1.320283e-06                   1
1210 1.678746e-04                   1
1211 1.751878e-04                   1
1212 1.092562e-04                   1
1213 3.750773e-05                   1
1214 2.468497e-05                   1
1215 1.053960e-04                   1
1216 1.591612e-04                   1
1217 5.016955e-05                   1
1218 8.303848e-06                   1
1219 2.277800e-07                   1
1220 6.453265e-08                   1
1221 1.023833e-07                   1
1222 1.785503e-05                   1
1223 5.087279e-06                   1
1224 1.161639e-04                   1
1225 1.033881e-05                   1
1226 5.947073e-06                   1
1227 1.925666e-06                   1
1228 1.523256e-07                   1
1229 7.098463e-05                   1
1230 6.043743e-04   0.257226666666667
1231 1.493397e-06                   1
1232 1.361975e-07                   1
1233 2.825191e-05                   1
1234 9.093360e-06                   1
1235 5.588984e-05                   1
1236 2.976483e-05                   1
1237 5.346648e-07                   1
1238 8.561224e-05                   1
1239 5.143399e-05                   1
1240 3.727338e-04                   1
1241 2.310523e-06                   1
1242 1.007794e-05                   1
1243 1.442164e-10                   1
1244 1.039706e-04                   1
1245 2.502542e-05                   1
1246 3.936680e-05                   1
1247 2.353928e-05                   1
1248 3.601377e-05                   1
1249 1.722510e-04                   1
1250 2.621657e-07                   1
1251 9.122149e-07                   1
1252 2.334143e-06                   1
1253 6.946520e-04                   1
1254 7.270931e-06                   1
1255 1.771761e-04                   1
1256 2.853944e-06                   1
1257 6.468498e-06                   1
1258 1.538985e-05                   1
1259 1.553948e-05                   1
1260 8.274222e-05                   1
1261 2.213785e-04                   1
1262 3.186937e-05                   1
1263 2.366297e-05                   1
1264 3.352629e-05                   1
1265 2.038532e-05                   1
1266 6.912333e-06                   1
1267 2.436841e-05                   1
1268 3.181221e-04                   1
1269 7.253461e-05                   1
1270 6.611433e-06                   1
1271 5.298186e-09                   1
1272 3.569685e-05                   1
1273 4.879008e-05                   1
1274 6.974172e-07                   1
1275 4.387175e-04                   1
1276 1.862643e-04                   1
1277 2.382374e-06                   1
1278 2.108107e-05                   1
1279 1.643717e-04                   1
1280 9.808523e-08                   1
1281 9.330153e-06                   1
1282 1.395516e-04                   1
1283 9.408307e-05                   1
1284 2.129945e-04                   1
1285 2.504301e-05                   1
1286 1.069348e-06                   1
1287 8.438843e-07                   1
1288 1.083168e-05                   1
1289 3.104676e-05                   1
1290 9.968555e-07                   1
1291 1.938315e-04                   1
1292 5.675483e-06                   1
1293 5.891083e-06                   1
1294 3.157412e-04                   1
1295 1.997135e-04                   1
1296 5.004332e-04                   1
1297 5.947860e-07                   1
1298 1.039937e-05                   1
1299 8.847774e-05                   1
1300 9.116018e-05                   1
1301 2.125282e-06                   1
1302 1.579669e-05                   1
1303 5.105512e-06                   1
1304 7.564783e-07                   1
1305 9.581773e-05                   1
1306 3.441638e-05                   1
1307 3.947364e-05                   1
1308 2.079881e-07                   1
1309 2.418840e-05                   1
1310 6.620355e-06                   1
1311 4.084868e-05                   1
1312 3.528294e-05                   1
1313 4.275231e-07                   1
1314 1.039717e-05                   1
1315 2.839478e-06                   1
1316 1.000339e-05                   1
1317 6.963382e-06                   1
1318 3.829813e-05                   1
1319 1.257490e-05                   1
1320 7.485544e-08                   1
1321 3.414151e-05                   1
1322 9.890672e-06                   1
1323 1.383126e-07                   1
1324 2.828332e-05                   1
1325 9.903490e-05                   1
1326 7.622932e-05                   1
1327 1.309772e-05                   1
1328 3.591637e-07                   1
1329 1.818098e-05                   1
1330 1.025367e-04                   1
1331 2.797926e-04                   1
1332 1.434143e-06                   1
1333 3.981095e-05                   1
1334 8.641091e-06                   1
1335 1.295831e-04                   1
1336 1.610403e-04                   1
1337 8.789214e-05                   1
1338 1.098975e-05                   1
1339 1.368030e-05                   1
1340 2.110020e-05                   1
1341 3.758527e-06                   1
1342 8.482047e-08                   1
1343 1.273866e-05                   1
1344 9.232108e-05                   1
1345 2.431127e-06                   1
1346 9.137698e-08                   1
1347 1.477131e-05                   1
1348 5.469962e-08                   1
1349 5.828287e-05                   1
1350 8.119311e-07                   1
1351 8.365739e-05                   1
1352 1.744667e-05                   1
1353 4.838702e-05                   1
1354 1.100762e-04                   1
1355 7.452616e-06                   1
1356 2.567463e-06                   1
1357 4.515739e-06                   1
1358 4.792104e-05                   1
1359 1.253039e-05                   1
1360 7.506521e-09                   1
1361 1.277385e-06                   1
1362 1.250661e-04                   1
1363 6.953285e-05                   1
1364 1.833422e-04                   1
1365 1.034144e-05                   1
1366 3.122236e-07                   1
1367 5.352006e-05                   1
1368 4.759562e-05                   1
1369 3.007362e-07                   1
1370 6.594731e-06                   1
1371 4.757248e-06                   1
1372 7.642312e-06                   1
1373 1.012664e-06                   1
1374 2.151092e-06                   1
1375 1.714971e-06                   1
1376 3.132392e-06                   1
1377 5.259977e-05                   1
1378 4.719944e-05                   1

$`MR-PRESSO results`$`Distortion Test`
$`MR-PRESSO results`$`Distortion Test`$`Outliers Indices`
[1] 1204

$`MR-PRESSO results`$`Distortion Test`$`Distortion Coefficient`
beta.exposure 
    -176.8693 

$`MR-PRESSO results`$`Distortion Test`$Pvalue
[1] 0.1532533



