SNP	CHROM	POS	REF	ALT	AF	BETA	SE	Z	P	N	TRAIT
rs61780535	NA	NA	NA	NA	NA	NA	NA	NA	NA	NA	NA
rs150863806	NA	NA	NA	NA	NA	NA	NA	NA	NA	NA	NA
rs115181288	NA	NA	NA	NA	NA	NA	NA	NA	NA	NA	NA
rs11586691	1	151771667	T	C	0.470385	-0.007464	0.004125	-1.8094545454545454	0.07047	3146	CSF_ab42
rs2494664	1	154057802	A	G	0.438017	0.0013880000000000001	0.004301	0.3227156475238317	0.7469	3146	CSF_ab42
rs749256	NA	NA	NA	NA	NA	NA	NA	NA	NA	NA	NA
rs3936938	1	181031797	G	A	0.614561	0.00623	0.004275	1.45731	0.1451	3146	CSF_ab42
rs2942127	1	204420067	G	A	0.781613	0.002338	0.005053	0.462695	0.6436	3146	CSF_ab42
rs10157145	1	205261963	T	C	0.497864	6.501e-4	0.004183	0.155415	0.8765	3146	CSF_ab42
rs6743932	2	35005351	G	A	0.148276	0.00218	0.005145	0.423712342079689	0.6717	3146	CSF_ab42
rs1974771	2	54278543	G	A	0.106468	0.002869	0.006673	0.4299415555222539	0.6673	3146	CSF_ab42
rs2451292	NA	NA	NA	NA	NA	NA	NA	NA	NA	NA	NA
rs4850842	NA	NA	NA	NA	NA	NA	NA	NA	NA	NA	NA
rs2710477	2	210508116	T	A	0.106302	0.001489	0.0071319999999999995	0.20877734155916997	0.8346	3146	CSF_ab42
rs79827893	NA	NA	NA	NA	NA	NA	NA	NA	NA	NA	NA
rs114524724	NA	NA	NA	NA	NA	NA	NA	NA	NA	NA	NA
rs12233587	NA	NA	NA	NA	NA	NA	NA	NA	NA	NA	NA
rs2114286	NA	NA	NA	NA	NA	NA	NA	NA	NA	NA	NA
rs62252168	3	43958323	C	T	0.0960493	0.0075840000000000005	0.006831	1.1102327624066755	0.267	3146	CSF_ab42
rs877483	NA	NA	NA	NA	NA	NA	NA	NA	NA	NA	NA
rs2035562	3	85056521	A	G	0.625499	-0.001594	0.004415	-0.361042	0.7181	3146	CSF_ab42
rs7652008	3	127160434	T	C	0.481266	-2.4060000000000002e-4	0.004063000000000001	-0.05921732709820329	0.9528	3146	CSF_ab42
rs181220614	NA	NA	NA	NA	NA	NA	NA	NA	NA	NA	NA
rs192904106	NA	NA	NA	NA	NA	NA	NA	NA	NA	NA	NA
rs1873585	3	173641375	A	G	0.275555	-0.004639	0.004868	-0.9529580936729664	0.3407	3146	CSF_ab42
rs72638967	NA	NA	NA	NA	NA	NA	NA	NA	NA	NA	NA
rs7690846	NA	NA	NA	NA	NA	NA	NA	NA	NA	NA	NA
rs6812265	4	139726791	C	T	0.436773	-0.00386	0.004079	-0.9463103701887717	0.344	3146	CSF_ab42
rs1972763	4	159860563	C	T	0.670364	-0.006729	0.004275999999999999	-1.57367	0.1156	3146	CSF_ab42
rs62352768	NA	NA	NA	NA	NA	NA	NA	NA	NA	NA	NA
rs17183317	4	171734020	A	G	0.045471	-0.006657	0.008786	-0.7576826769861142	0.4487	3146	CSF_ab42
rs77742115	5	18330424	T	C	0.126268	0.001997	0.006065999999999999	0.3292120013188263	0.742	3146	CSF_ab42
rs10041140	NA	NA	NA	NA	NA	NA	NA	NA	NA	NA	NA
rs56947091	5	88160354	C	T	0.552489	0.005861	0.004065999999999999	1.4414658140678802	0.1495	3146	CSF_ab42
rs114243593	NA	NA	NA	NA	NA	NA	NA	NA	NA	NA	NA
rs144143828	6	25208153	C	T	0.061865	-0.01374	0.00775	-1.7729032258064517	0.07641	3146	CSF_ab42
rs35400317	6	26593275	C	T	0.068348	-0.01568	0.007448000000000001	-2.1052631578947367	0.03533	3146	CSF_ab42
rs149943	6	28002388	G	A	0.097313	-0.01206	0.0061530000000000005	-1.9600195026816185	0.05003	3146	CSF_ab42
rs9257566	NA	NA	NA	NA	NA	NA	NA	NA	NA	NA	NA
rs3094622	NA	NA	NA	NA	NA	NA	NA	NA	NA	NA	NA
rs2596547	NA	NA	NA	NA	NA	NA	NA	NA	NA	NA	NA
rs2854277	NA	NA	NA	NA	NA	NA	NA	NA	NA	NA	NA
rs9446663	6	73180747	C	A	0.30681	0.001368	0.004423	0.30929233551887864	0.7572	3146	CSF_ab42
rs2388195	NA	NA	NA	NA	NA	NA	NA	NA	NA	NA	NA
rs2764261	6	108927842	A	G	0.562613	0.003518	0.004221	0.833452	0.4047	3146	CSF_ab42
rs17075350	NA	NA	NA	NA	NA	NA	NA	NA	NA	NA	NA
rs56293069	7	8621822	G	C	0.292182	0.001113	0.0049700000000000005	0.22394366197183097	0.8229	3146	CSF_ab42
rs1186721	7	34974602	G	A	0.285714	0.007501000000000001	0.004377000000000001	1.7137308658898789	0.08668	3146	CSF_ab42
rs921915	7	50228581	T	C	0.569797	0.00305	0.004072	0.749018	0.4539	3146	CSF_ab42
rs184749094	NA	NA	NA	NA	NA	NA	NA	NA	NA	NA	NA
rs1043595	7	128410012	G	A	0.231663	-0.004615	0.004666	-0.9890698671238749	0.3226	3146	CSF_ab42
rs7804463	7	133447651	T	C	0.453205	-9.391e-4	0.004006	-0.23442336495257116	0.8147	3146	CSF_ab42
rs161344	7	137045731	C	A	0.445676	0.001382	0.004254	0.3248707099200752	0.7452	3146	CSF_ab42
rs143811675	NA	NA	NA	NA	NA	NA	NA	NA	NA	NA	NA
rs149136789	NA	NA	NA	NA	NA	NA	NA	NA	NA	NA	NA
rs4872389	8	25909499	C	T	0.270644	-0.001611	0.004843	-0.3326450547181499	0.7394	3146	CSF_ab42
rs67432617	8	104812820	A	C	0.202614	0.004553	0.005072999999999999	0.8974965503646758	0.3695	3146	CSF_ab42
rs2721937	8	116633699	C	T	0.209742	-0.01014	0.005307	-1.9106840022611644	0.05619	3146	CSF_ab42
rs2988004	NA	NA	NA	NA	NA	NA	NA	NA	NA	NA	NA
rs2148201	NA	NA	NA	NA	NA	NA	NA	NA	NA	NA	NA
rs4304660	NA	NA	NA	NA	NA	NA	NA	NA	NA	NA	NA
rs80014012	10	86318511	A	C	0.0565828	-0.001772	0.008498	-0.20851965168274886	0.8349	3146	CSF_ab42
rs12360330	10	104148355	C	T	0.197569	-0.002472	0.0060420000000000005	-0.4091360476663356	0.6825	3146	CSF_ab42
rs2283249	11	17824372	T	G	0.310182	-0.002107	0.0046159999999999994	-0.4564558058925477	0.648	3146	CSF_ab42
rs10835224	NA	NA	NA	NA	NA	NA	NA	NA	NA	NA	NA
rs11605988	11	57797100	A	T	0.332363	-0.001379	0.004543	-0.3035439137134052	0.7615	3146	CSF_ab42
rs527737	11	65884800	C	T	0.506947	0.008713	0.004093	2.12876	0.03336	3146	CSF_ab42
rs72928932	NA	NA	NA	NA	NA	NA	NA	NA	NA	NA	NA
rs2267549	12	4771682	G	A	0.437999	-6.452999999999999e-4	0.004083	-0.15804555473916237	0.8744	3146	CSF_ab42
rs11048486	12	26524796	C	A	0.124184	9.872e-4	0.005416	0.18227474150664696	0.8554	3146	CSF_ab42
rs61928076	12	53730164	G	A	0.0220481	-0.01938	0.0118	-1.6423728813559324	0.1006	3146	CSF_ab42
rs10506671	12	75522128	G	A	0.069873	9.232999999999998e-4	0.006532	0.1413502755664421	0.8876	3146	CSF_ab42
rs2638463	NA	NA	NA	NA	NA	NA	NA	NA	NA	NA	NA
rs9919769	12	126827971	A	G	0.168362	0.001065	0.004721	0.22558779919508576	0.8215	3146	CSF_ab42
rs78359610	NA	NA	NA	NA	NA	NA	NA	NA	NA	NA	NA
rs9579775	NA	NA	NA	NA	NA	NA	NA	NA	NA	NA	NA
rs17573850	13	44885589	A	G	0.227487	0.00426	0.0048270000000000006	0.882535736482287	0.3776	3146	CSF_ab42
rs7326482	13	54037803	G	T	0.608025	0.004241	0.004129	1.02713	0.3044	3146	CSF_ab42
rs111823604	NA	NA	NA	NA	NA	NA	NA	NA	NA	NA	NA
rs11616749	NA	NA	NA	NA	NA	NA	NA	NA	NA	NA	NA
rs78174524	NA	NA	NA	NA	NA	NA	NA	NA	NA	NA	NA
rs1340704	13	76506657	C	T	0.592081	-0.003905	0.004207	-0.928215	0.3534	3146	CSF_ab42
rs9584870	NA	NA	NA	NA	NA	NA	NA	NA	NA	NA	NA
rs1469851	13	102299385	A	T	0.787168	-0.002921	0.005131	-0.569285	0.5693	3146	CSF_ab42
rs974471	14	29685328	G	A	0.727866	-0.003365	0.004758	-0.70723	0.4794	3146	CSF_ab42
rs61975407	NA	NA	NA	NA	NA	NA	NA	NA	NA	NA	NA
rs139907649	NA	NA	NA	NA	NA	NA	NA	NA	NA	NA	NA
rs10145335	14	98547748	G	A	0.245735	-5.549e-4	0.004647999999999999	-0.11938468158347677	0.905	3146	CSF_ab42
rs1955896	14	99197274	A	G	0.41139	-0.0039689999999999994	0.004102000000000001	-0.9675767918088735	0.3334	3146	CSF_ab42
rs4906229	14	103057511	A	C	0.75	1.277e-5	0.004698	0.00271818	0.9978	3146	CSF_ab42
rs4281659	15	61844443	T	C	0.152087	-0.01291	0.005801	-2.2254783657990003	0.0261	3146	CSF_ab42
rs4886868	NA	NA	NA	NA	NA	NA	NA	NA	NA	NA	NA
rs12912808	NA	NA	NA	NA	NA	NA	NA	NA	NA	NA	NA
rs61301535	NA	NA	NA	NA	NA	NA	NA	NA	NA	NA	NA
rs4787924	16	24264538	G	A	0.547142	0.006543	0.004077	1.60486	0.1087	3146	CSF_ab42
rs6497882	NA	NA	NA	NA	NA	NA	NA	NA	NA	NA	NA
rs11641100	16	52469793	C	T	0.479861	0.010790000000000001	0.004026	2.6800794833581723	0.007422	3146	CSF_ab42
rs8058726	NA	NA	NA	NA	NA	NA	NA	NA	NA	NA	NA
rs112308536	NA	NA	NA	NA	NA	NA	NA	NA	NA	NA	NA
rs862490	17	35850275	T	C	0.665841	-0.007155	0.00425	-1.68353	0.09236	3146	CSF_ab42
rs112016448	NA	NA	NA	NA	NA	NA	NA	NA	NA	NA	NA
rs11081859	18	31926289	G	A	0.835569	0.004811	0.005957	0.807621	0.4194	3146	CSF_ab42
rs72920838	18	49514720	C	T	0.108932	-0.01126	0.006553	-1.7182969632229512	0.08581	3146	CSF_ab42
rs4800990	18	53197944	C	T	0.597227	0.006756	0.004092	1.65103	0.09885	3146	CSF_ab42
rs7233752	18	67399208	A	G	0.191694	-8.441e-5	0.005299	-0.015929420645404795	0.9873	3146	CSF_ab42
rs7508365	NA	NA	NA	NA	NA	NA	NA	NA	NA	NA	NA
rs12979056	19	17862131	G	A	0.486526	0.0017329999999999997	0.004139	0.4187001691229765	0.6755	3146	CSF_ab42
rs429358	NA	NA	NA	NA	NA	NA	NA	NA	NA	NA	NA
rs35650232	NA	NA	NA	NA	NA	NA	NA	NA	NA	NA	NA
rs466727	NA	NA	NA	NA	NA	NA	NA	NA	NA	NA	NA
rs293567	NA	NA	NA	NA	NA	NA	NA	NA	NA	NA	NA
rs3810496	NA	NA	NA	NA	NA	NA	NA	NA	NA	NA	NA
rs1921981	NA	NA	NA	NA	NA	NA	NA	NA	NA	NA	NA
rs11913445	NA	NA	NA	NA	NA	NA	NA	NA	NA	NA	NA
rs4821271	22	35004093	G	C	0.804608	0.008017	0.005111	1.56858	0.1169	3146	CSF_ab42
rs710187	NA	NA	NA	NA	NA	NA	NA	NA	NA	NA	NA
rs2267443	NA	NA	NA	NA	NA	NA	NA	NA	NA	NA	NA
rs719263	22	49685455	T	C	0.765648	-0.006618	0.005098	-1.29816	0.1944	3146	CSF_ab42
