SNP	CHR	POS	Effect_allele	Non_Effect_allele	EAF	Beta	SE	P	r2	N
rs3009872	1	66411400	T	C	0.5608	0.0442	0.0143	0.002048	9.623761924608001e-4	63926
rs12404604	1	244829280	A	G	0.7848	-0.0049	0.0175	0.7816	8.110047859199998e-6	63926
rs1260326	2	27730940	T	C	0.4221	0.0147	0.0145	0.3099	1.0542235456620002e-4	63926
rs34463745	NA	NA	NA	NA	NA	NA	NA	NA	NA	NA
rs115648382	2	97595403	T	C	0.0594	0.0208	0.0437	0.6345	4.83446126592e-5	63926
rs13022438	2	162800372	A	G	0.6308	-0.0127	0.0151	0.3997	7.51260949088e-5	63926
rs13017956	2	184982657	A	G	0.1731	0.0053	0.0188	0.7767	8.0414023902e-6	63926
rs62182116	2	240266511	A	G	0.3416	0.022	0.0149	0.141	2.1771233791999998e-4	63926
rs66664395	3	74538250	T	C	0.5372	0.0053	0.0149	0.7234	1.3967255868800001e-5	63926
rs9841829	3	85569361	T	G	0.7643	0.0115	0.0167	0.4922	4.7648487395e-5	63926
rs77446218	3	181977344	T	C	0.0789	0.0271	0.027	0.3163	1.0674618504779998e-4	63926
rs12646808	4	3249828	T	C	0.641	0.0068	0.0157	0.6654	2.1281405119999997e-5	63926
rs1355512	4	20483094	A	G	0.2344	0.0072	0.0185	0.6986	1.86060644352e-5	63926
rs11940694	4	39414993	A	G	0.4168	-0.0351	0.0151	0.01985	5.989484621951999e-4	63926
rs7685053	4	57727683	T	C	0.2836	0.0067	0.016	0.6724	1.82406959712e-5	63926
rs10018066	4	67961296	A	C	0.7443	0.0089	0.0162	0.5839	3.0150099934200002e-5	63926
rs7685065	4	83549402	A	G	0.6711	0.0221	0.015	0.1421	2.1560838936780002e-4	63926
rs186691688	NA	NA	NA	NA	NA	NA	NA	NA	NA	NA
rs147071310	4	98051237	A	C	0.0157	0.1166	0.0785	0.1373	4.2019824483119996e-4	63926
rs140184756	4	99161352	A	G	0.9821	-0.062	0.074	0.4019	1.351518879200002e-4	63926
rs29001570	4	99994405	T	C	0.9733	-0.0793	0.0585	0.1755	3.268393627277993e-4	63926
rs145452708	4	100248642	C	G	0.0285	-0.0231	0.0499	0.6428	2.9548920554999994e-5	63926
rs78744403	4	100276771	A	G	0.0933	0.0488	0.025	0.05092	4.0291635751680004e-4	63926
rs181871933	NA	NA	NA	NA	NA	NA	NA	NA	NA	NA
rs17264946	4	183795486	A	G	0.0546	0.0537	0.0395	0.174	2.9770546543920004e-4	63926
rs7719574	5	25063303	A	C	0.3916	0.0164	0.0146	0.2609	1.2815913876480006e-4	63926
rs55897521	6	7276630	T	C	0.2642	-0.0059	0.0162	0.7184	1.35340138232e-5	63926
rs115599192	6	9577974	T	C	0.9891	0.0904	0.1202	0.4522	1.7621121934080033e-4	63926
rs11982791	7	2127194	A	C	0.0523	0.0309	0.0324	0.3411	9.46497615102e-5	63926
rs185211959	NA	NA	NA	NA	NA	NA	NA	NA	NA	NA
rs322819	7	127733365	A	G	0.3355	-0.0315	0.015	0.03614	4.4242393387500007e-4	63926
rs6969458	7	153489725	A	G	0.4334	0.0121	0.0163	0.4602	7.19061793208e-5	63926
rs111988120	8	74408490	T	C	0.0292	-0.0576	0.0489	0.2387	1.880994742272e-4	63926
rs188917658	8	94264025	A	G	0.0108	0.0477	0.0797	0.5498	4.86154843488e-5	63926
rs4734100	8	105335216	A	G	0.4005	-0.0058	0.0145	0.6911	1.6153911179999995e-5	63926
rs4316229	9	26883149	C	G	0.8524	0.0128	0.0213	0.5469	4.122681016319999e-5	63926
rs79649709	10	10978503	C	G	0.0087	-0.0152	0.0898	0.8651	3.9851211648e-6	63926
rs66646187	10	20866965	A	G	0.929	0.0356	0.0285	0.212	1.671875964799999e-4	63926
rs7933896	11	47882782	T	C	0.4644	0.0513	0.0142	3.133e-4	0.0013091744027232	63926
rs7131465	11	113300022	A	C	0.3912	0.0068	0.0146	0.6391	2.20252735488e-5	63926
rs150578239	12	23477331	A	G	0.013	-0.0979	0.0721	0.1748	2.4595512941999996e-4	63926
rs2122692	12	57510511	C	G	0.501	0.0029	0.0144	0.842	4.20498318e-6	63926
rs35566689	13	27940328	T	C	0.6069	0.0083	0.0157	0.5955	3.28705038942e-5	63926
rs117282209	13	103157713	T	C	0.0285	0.0517	0.0472	0.2741	1.4801262019500003e-4	63926
rs1123285	14	57274519	C	G	0.6603	0.0058	0.0152	0.7005	1.5091167064799998e-5	63926
rs8012947	14	58784455	A	G	0.2665	0.0335	0.0162	0.03859	4.387498098750002e-4	63926
rs56938526	15	46885091	T	C	0.7806	0.0094	0.0174	0.59	3.0265710460800006e-5	63926
rs114358603	15	52652971	T	C	0.0489	0.0561	0.0436	0.1982	2.9274585795179995e-4	63926
rs55875685	16	30611451	A	C	0.6538	0.0109	0.0154	0.4793	5.378423196719999e-5	63926
rs12930148	16	71459146	T	G	0.3953	0.0161	0.0163	0.324	1.239220333022e-4	63926
rs8073177	17	7440584	T	C	0.218	0.0053	0.0176	0.7621	9.577341680000001e-6	63926
rs148254899	18	24729046	T	C	0.9195	0.0042	0.0266	0.8755	2.61141678e-6	63926
rs76774888	18	59981107	A	G	0.0343	-0.0463	0.0399	0.2455	1.4201307430379998e-4	63926
rs73215809	NA	NA	NA	NA	NA	NA	NA	NA	NA	NA
