$`Main MR results`
       Exposure       MR Analysis Causal Estimate       Sd     T-stat   P-value
1 beta.exposure               Raw       -59.12176 384.2154 -0.1538766 0.8780334
2 beta.exposure Outlier-corrected      -131.42443 365.9556 -0.3591267 0.7203057

$`MR-PRESSO results`
$`MR-PRESSO results`$`Global Test`
$`MR-PRESSO results`$`Global Test`$RSSobs
[1] 128.123

$`MR-PRESSO results`$`Global Test`$Pvalue
[1] 0.0199


$`MR-PRESSO results`$`Outlier Test`
         RSSobs Pvalue
1   33654.82538      1
2      17.43717      1
3   24091.31833      1
4  336954.12066 0.5184
5   10636.50175      1
6   91834.90993 0.9504
7   37358.32135      1
8   25575.06827      1
9   89549.63882 0.5376
10   3915.81458      1
11   4796.05584      1
12   6895.87163      1
13   9104.73668      1
14   3590.89205      1
15  19598.95578      1
16  10690.59519      1
17   2346.72735      1
18   6739.97837      1
19   1458.05316      1
20   5750.19847      1
21     76.44541      1
22  11998.96450      1
23  10304.18098      1
24   2254.16571      1
25   9379.32247      1
26  35362.08343      1
27  42251.24277      1
28  23639.18638      1
29  12675.51619      1
30  68166.91176      1
31  16365.43976      1
32   2347.13744      1
33   3199.66515      1
34  43461.75510      1
35  63332.03891      1
36     94.50789      1
37   6166.77608      1
38  29245.86011      1
39  44714.46595      1
40  45334.90199      1
41  13489.49391      1
42   2188.90608      1
43  28090.25731      1
44   3911.06470      1
45   4912.98529      1
46   1502.78252      1
47  25372.52468      1
48   2429.94449      1
49    964.31191      1
50    726.97115      1
51  49111.65489      1
52  44161.29139      1
53  33166.96363      1
54   3810.66317      1
55  27415.90446      1
56   2246.14907      1
57    294.09954      1
58  15892.86644      1
59     57.97052      1
60  55717.26635      1
61   7570.25044      1
62  13281.33150      1
63  30790.12562      1
64  18356.01415      1
65     61.97823      1
66  33900.13468      1
67  25527.84383      1
68   1780.62808      1
69  14853.58902      1
70  13957.13723      1
71  13409.04862      1
72  21309.14548      1
73   1025.63098      1
74    501.87561      1
75   9828.13053      1
76  62216.23705      1
77   1215.28654      1
78  30346.91418      1
79  14771.15857      1
80   1800.33764      1
81  12917.71722      1
82   5541.18564      1
83   4451.52965      1
84   1844.97940      1
85 167003.52378 0.0384
86  17040.61744      1
87   1619.44091      1
88   8433.49512      1
89  16739.90247      1
90   7995.29522      1
91  86395.50426      1
92   7719.85167      1
93  18283.55859      1
94   1872.79483      1
95  23851.91127      1
96    452.03048      1

$`MR-PRESSO results`$`Distortion Test`
$`MR-PRESSO results`$`Distortion Test`$`Outliers Indices`
[1] 85

$`MR-PRESSO results`$`Distortion Test`$`Distortion Coefficient`
beta.exposure 
     55.01463 

$`MR-PRESSO results`$`Distortion Test`$Pvalue
[1] 0.8899



