$`Main MR results`
       Exposure       MR Analysis Causal Estimate         Sd      T-stat
1 beta.exposure               Raw    -0.001271207 0.09627060 -0.01320452
2 beta.exposure Outlier-corrected     0.042887208 0.09202569  0.46603515
    P-value
1 0.9894939
2 0.6423289

$`MR-PRESSO results`
$`MR-PRESSO results`$`Global Test`
$`MR-PRESSO results`$`Global Test`$RSSobs
[1] 128.2769

$`MR-PRESSO results`$`Global Test`$Pvalue
[1] 0.0087


$`MR-PRESSO results`$`Outlier Test`
         RSSobs  Pvalue
1  1.208851e-04       1
2  3.168509e-04       1
3  1.579156e-05       1
4  2.096238e-04       1
5  5.770042e-06       1
6  2.957469e-04       1
7  3.847947e-04       1
8  2.095724e-04       1
9  9.383158e-04       1
10 7.317458e-04       1
11 2.375252e-04       1
12 1.501442e-04       1
13 1.316071e-04       1
14 6.482547e-04       1
15 5.406184e-04       1
16 1.013856e-04       1
17 2.947715e-05       1
18 5.336211e-05       1
19 2.507456e-02       1
20 2.288081e-09       1
21 4.257980e-08       1
22 2.684892e-03       1
23 9.135616e-05       1
24 9.833794e-07       1
25 6.423879e-04       1
26 8.324106e-05       1
27 9.440903e-06       1
28 8.343108e-04       1
29 1.056401e-04       1
30 1.549362e-05       1
31 1.057872e-04       1
32 9.950895e-07       1
33 5.791284e-05       1
34 7.173876e-05       1
35 1.466744e-04       1
36 3.593357e-05       1
37 6.951680e-04  0.2639
38 7.755540e-04  0.3458
39 8.991196e-04       1
40 6.471547e-05       1
41 1.173208e-05       1
42 1.866905e-04       1
43 4.280180e-06       1
44 8.350573e-04  0.6643
45 8.954697e-07       1
46 4.809021e-05       1
47 6.213082e-04  0.3822
48 1.012588e-04       1
49 8.026591e-05       1
50 1.464374e-06       1
51 2.982685e-06       1
52 2.507327e-06       1
53 3.520419e-05       1
54 1.941972e-06       1
55 2.024513e-04       1
56 5.638553e-05       1
57 7.203339e-09       1
58 2.449304e-05       1
59 3.653314e-05       1
60 6.650002e-05       1
61 1.095603e-04       1
62 1.712204e-04       1
63 5.853236e-05       1
64 6.686590e-07       1
65 2.325791e-06       1
66 4.438939e-05       1
67 1.438636e-06       1
68 4.718069e-04       1
69 1.005912e-05       1
70 5.961006e-05       1
71 1.105281e-04       1
72 6.344299e-06       1
73 2.793317e-05       1
74 1.572406e-04       1
75 5.144305e-05       1
76 3.950721e-06       1
77 2.079680e-05       1
78 1.996863e-05       1
79 8.264055e-06       1
80 1.096916e-03 <0.0091
81 3.434535e-04       1
82 1.654946e-04       1
83 1.244231e-04       1
84 3.831021e-05       1
85 1.805005e-04       1
86 5.706955e-05       1
87 9.142829e-07       1
88 1.096017e-05       1
89 1.699605e-04       1
90 1.243393e-04       1
91 1.762004e-04       1

$`MR-PRESSO results`$`Distortion Test`
$`MR-PRESSO results`$`Distortion Test`$`Outliers Indices`
[1] 80

$`MR-PRESSO results`$`Distortion Test`$`Distortion Coefficient`
beta.exposure 
    -102.9641 

$`MR-PRESSO results`$`Distortion Test`$Pvalue
[1] 0.1802



