$`Main MR results`
       Exposure       MR Analysis Causal Estimate        Sd    T-stat   P-value
1 beta.exposure               Raw       0.1201643 0.2554905 0.4703278 0.6391250
2 beta.exposure Outlier-corrected       0.2895753 0.1759251 1.6460143 0.1028693

$`MR-PRESSO results`
$`MR-PRESSO results`$`Global Test`
$`MR-PRESSO results`$`Global Test`$RSSobs
[1] 182.6498

$`MR-PRESSO results`$`Global Test`$Pvalue
[1] "<1e-04"


$`MR-PRESSO results`$`Outlier Test`
          RSSobs  Pvalue
1   5.921860e-03       1
2   6.251742e-04       1
3   1.139527e-03       1
4   2.657096e-02       1
5   3.055947e-03       1
6   1.176603e-02       1
7   1.181651e-03       1
8   8.264251e-04       1
9   4.781182e-05       1
10  5.514366e-03       1
11  3.384055e-02       1
12  6.837133e-03       1
13  7.699778e-03       1
14  1.378059e-03       1
15  2.280807e-03       1
16  3.542610e-03       1
17  5.610627e-03       1
18  1.263263e-02       1
19  1.511090e-04       1
20  1.240514e-01       1
21  5.554953e-02  0.8446
22  3.175330e-03       1
23  1.554152e-03       1
24  2.069065e-03       1
25  4.226079e-04       1
26  2.728549e-07       1
27  1.261774e-02       1
28  1.737333e-02       1
29  1.213102e-03       1
30  6.355012e-02       1
31  1.725103e-02       1
32  4.455199e-03       1
33  1.088568e-05       1
34  3.884701e-03       1
35  2.426799e-03       1
36  2.405922e-02       1
37  3.126892e-03       1
38  4.648258e-04       1
39  1.764116e-03       1
40  5.087101e-04       1
41  2.472986e-03       1
42  3.123655e-01       1
43  1.375090e+00 <0.0103
44  8.609301e-04       1
45  3.146178e-04       1
46  1.857661e-02       1
47  1.954935e-03       1
48  6.798032e-04       1
49  4.741322e-02  0.2369
50  3.290926e-03       1
51  1.496935e-02       1
52  4.963725e-02       1
53  4.567494e-03       1
54  2.229682e-03       1
55  3.320096e-04       1
56  2.777926e-06       1
57  9.385055e-04       1
58  1.025861e-03       1
59  1.731457e-05       1
60  9.314899e-04       1
61  5.773827e-03       1
62  1.733764e-02       1
63  1.488434e-02       1
64  2.389280e-03       1
65  2.427399e-03       1
66  5.795196e-03       1
67  1.600493e-02       1
68  8.871675e-04       1
69  2.019391e-06       1
70  7.857986e-04       1
71  9.594198e-07       1
72  1.738248e-05       1
73  6.197882e-05       1
74  6.523612e-03       1
75  5.996272e-02       1
76  7.272145e-04       1
77  1.915023e-03       1
78  1.164101e-03       1
79  1.382304e-03       1
80  4.391064e-03       1
81  1.060905e-03       1
82  2.444861e-03       1
83  1.423321e-03       1
84  3.467446e-03       1
85  5.710123e-04       1
86  5.550281e-03       1
87  3.674700e-03       1
88  5.093411e-03       1
89  2.281514e-02       1
90  1.381272e-03       1
91  1.122241e-03       1
92  4.114419e-03       1
93  1.813831e-03       1
94  7.501667e-04       1
95  5.031059e-06       1
96  1.162040e-02       1
97  4.090354e-02       1
98  1.625447e-03       1
99  4.092404e-03       1
100 3.940245e-02       1
101 8.410418e-04       1
102 4.304514e-03       1
103 1.072299e-05       1

$`MR-PRESSO results`$`Distortion Test`
$`MR-PRESSO results`$`Distortion Test`$`Outliers Indices`
[1] 43

$`MR-PRESSO results`$`Distortion Test`$`Distortion Coefficient`
beta.exposure 
    -58.50327 

$`MR-PRESSO results`$`Distortion Test`$Pvalue
[1] 0.492



