$`Main MR results`
       Exposure       MR Analysis Causal Estimate          Sd     T-stat
1 beta.exposure               Raw    -0.003560292 0.009798722 -0.3633425
2 beta.exposure Outlier-corrected    -0.007489663 0.009095725 -0.8234268
    P-value
1 0.7172840
2 0.4126832

$`MR-PRESSO results`
$`MR-PRESSO results`$`Global Test`
$`MR-PRESSO results`$`Global Test`$RSSobs
[1] 120.4917

$`MR-PRESSO results`$`Global Test`$Pvalue
[1] 0.0063


$`MR-PRESSO results`$`Outlier Test`
         RSSobs  Pvalue
1  1.136071e-06       1
2  3.955372e-06       1
3  5.572462e-07       1
4  2.421708e-06       1
5  2.876561e-06       1
6  1.160902e-06       1
7  1.536375e-05       1
8  1.888465e-06       1
9  1.327931e-07       1
10 3.224721e-07       1
11 1.594442e-06       1
12 2.307469e-06       1
13 2.066982e-08       1
14 1.232855e-05       1
15 1.348756e-06       1
16 1.498972e-06       1
17 7.109530e-07       1
18 1.839411e-08       1
19 4.392061e-07       1
20 1.989838e-07       1
21 3.460137e-06       1
22 2.209828e-07       1
23 4.154003e-06       1
24 1.372260e-06       1
25 2.470706e-05       1
26 1.482981e-09       1
27 8.079330e-06       1
28 1.211547e-05 <0.0083
29 2.419481e-06       1
30 7.552463e-07       1
31 1.148123e-06       1
32 2.510677e-06       1
33 2.492248e-08       1
34 4.510166e-07       1
35 4.283509e-07       1
36 3.281019e-09       1
37 1.364489e-07       1
38 1.563032e-06       1
39 1.979150e-07       1
40 4.095300e-09       1
41 6.784799e-08       1
42 1.334679e-07       1
43 2.965097e-07       1
44 2.107432e-06       1
45 4.355731e-06   0.747
46 5.646084e-07       1
47 7.497334e-07       1
48 7.081678e-08       1
49 1.996210e-07       1
50 2.476268e-06       1
51 8.945065e-07       1
52 3.150634e-06       1
53 5.894269e-07       1
54 5.992335e-08       1
55 1.374206e-06       1
56 1.865280e-06       1
57 5.899135e-07       1
58 5.603433e-07       1
59 2.198931e-07       1
60 3.187843e-07       1
61 1.620359e-06       1
62 1.258210e-05       1
63 1.608781e-06       1
64 2.898408e-09       1
65 4.433081e-07       1
66 5.694806e-07       1
67 7.254652e-07       1
68 8.735735e-06       1
69 6.255626e-06       1
70 8.632081e-06       1
71 7.412031e-07       1
72 1.385939e-06       1
73 7.619077e-07       1
74 3.358701e-06       1
75 1.371610e-06       1
76 1.156687e-06       1
77 7.103972e-08       1
78 1.110746e-06       1
79 4.479966e-07       1
80 2.727909e-08       1
81 2.156100e-07       1
82 3.239592e-07       1
83 3.234888e-07       1

$`MR-PRESSO results`$`Distortion Test`
$`MR-PRESSO results`$`Distortion Test`$`Outliers Indices`
[1] 28

$`MR-PRESSO results`$`Distortion Test`$`Distortion Coefficient`
beta.exposure 
     52.46392 

$`MR-PRESSO results`$`Distortion Test`$Pvalue
[1] 0.7851



