$`Main MR results`
       Exposure       MR Analysis Causal Estimate         Sd     T-stat
1 beta.exposure               Raw     -0.05878259 0.09276450 -0.6336755
2 beta.exposure Outlier-corrected     -0.07912228 0.09078238 -0.8715599
    P-value
1 0.5268986
2 0.3843269

$`MR-PRESSO results`
$`MR-PRESSO results`$`Global Test`
$`MR-PRESSO results`$`Global Test`$RSSobs
[1] 288.2193

$`MR-PRESSO results`$`Global Test`$Pvalue
[1] 0.0193


$`MR-PRESSO results`$`Outlier Test`
          RSSobs Pvalue
1   3.179238e-06      1
2   2.316282e-05      1
3   9.985943e-06      1
4   3.446815e-04      1
5   3.353048e-06      1
6   1.590908e-05      1
7   4.921736e-03      1
8   1.664015e-03      1
9   1.128441e-04      1
10  3.727068e-03 <0.024
11  3.239684e-05      1
12  4.876648e-04      1
13  5.636371e-05      1
14  5.649750e-05      1
15  4.845382e-04      1
16  1.578641e-03      1
17  2.484466e-04      1
18  2.375608e-04      1
19  5.545972e-04      1
20  4.136723e-04      1
21  9.954882e-05      1
22  2.562608e-03  0.456
23  2.901236e-06      1
24  8.241846e-08      1
25  6.231896e-03      1
26  4.622062e-04      1
27  7.272377e-07      1
28  7.045715e-05      1
29  4.770080e-04      1
30  3.124578e-04      1
31  6.016247e-04      1
32  3.589634e-05      1
33  1.184767e-04      1
34  6.716289e-04      1
35  2.304622e-04      1
36  1.125989e-03      1
37  4.628126e-06      1
38  1.544229e-04      1
39  2.973266e-05      1
40  1.138090e-03      1
41  2.976475e-05      1
42  2.779374e-04      1
43  2.673793e-05      1
44  1.098546e-04      1
45  4.313845e-05      1
46  1.419733e-03      1
47  3.703596e-04      1
48  3.780308e-04      1
49  2.401997e-04      1
50  3.433510e-03      1
51  2.058481e-06      1
52  1.790894e-08      1
53  2.287874e-04      1
54  1.131102e-06      1
55  3.263267e-04      1
56  8.919606e-04      1
57  1.575824e-05      1
58  4.075602e-03  0.096
59  2.183578e-06      1
60  9.095951e-04      1
61  1.339507e-04      1
62  1.348591e-03      1
63  6.727737e-05      1
64  4.707141e-03      1
65  9.285688e-04      1
66  3.690424e-05      1
67  1.593952e-04      1
68  2.273934e-05      1
69  4.294589e-05      1
70  2.268999e-03      1
71  7.141360e-05      1
72  1.043621e-03      1
73  2.874934e-06      1
74  5.530833e-05      1
75  2.993465e-04      1
76  3.312723e-03      1
77  2.438731e-04      1
78  2.091803e-05      1
79  2.988596e-05      1
80  1.932976e-04      1
81  4.802655e-05      1
82  7.772422e-04      1
83  4.636748e-06      1
84  3.066597e-04      1
85  2.980661e-04      1
86  2.541780e-04      1
87  7.480837e-05      1
88  1.054835e-04      1
89  1.308425e-03      1
90  4.637195e-04      1
91  1.791454e-04      1
92  3.933595e-06      1
93  6.696474e-05      1
94  5.896490e-04      1
95  1.407016e-03      1
96  3.965792e-06      1
97  1.930389e-04      1
98  9.894544e-05      1
99  8.431781e-03  0.432
100 4.880443e-05      1
101 3.069219e-05      1
102 9.328627e-07      1
103 1.060239e-04      1
104 1.000056e-04      1
105 4.734124e-05      1
106 1.587506e-04      1
107 6.594146e-04      1
108 1.395722e-04      1
109 2.947597e-03      1
110 7.329933e-04      1
111 8.018786e-05      1
112 3.662101e-05      1
113 3.555530e-04      1
114 6.200955e-06      1
115 2.734534e-04      1
116 8.677899e-05      1
117 2.542315e-04      1
118 1.266115e-03      1
119 2.469562e-05      1
120 1.019389e-04      1
121 9.675570e-04      1
122 2.208973e-03      1
123 2.411422e-04      1
124 1.580030e-04      1
125 1.365911e-03      1
126 1.130775e-04      1
127 6.266816e-04      1
128 1.288912e-04      1
129 4.661777e-04      1
130 1.341328e-04      1
131 3.407362e-06      1
132 9.994232e-05      1
133 1.882234e-04      1
134 3.203029e-04      1
135 1.610992e-06      1
136 1.236849e-04      1
137 5.945025e-05      1
138 1.822750e-04      1
139 2.454403e-04      1
140 2.239302e-04      1
141 3.989686e-04      1
142 4.738461e-04      1
143 1.390676e-07      1
144 1.819731e-04      1
145 8.778350e-08      1
146 6.224192e-04      1
147 2.128524e-05      1
148 1.328276e-05      1
149 8.952236e-04      1
150 1.763918e-03      1
151 1.481267e-03      1
152 3.904944e-04      1
153 9.472394e-04      1
154 2.679198e-04      1
155 1.662983e-04      1
156 2.092926e-03      1
157 8.130828e-05      1
158 9.175641e-03      1
159 2.115638e-03      1
160 7.286230e-06      1
161 2.411283e-03      1
162 1.058005e-05      1
163 4.507278e-04      1
164 2.604779e-05      1
165 6.138584e-04      1
166 7.309930e-06      1
167 4.120514e-05      1
168 1.358527e-04      1
169 6.884721e-05      1
170 1.336215e-03      1
171 3.806487e-05      1
172 1.186440e-03      1
173 2.612296e-05      1
174 1.795643e-04      1
175 5.639459e-04      1
176 3.273439e-02   0.72
177 6.841702e-04      1
178 1.412498e-06      1
179 2.516154e-04      1
180 4.476107e-04      1
181 1.160432e-03      1
182 1.602369e-04      1
183 3.234438e-04      1
184 1.161969e-03      1
185 1.713128e-03      1
186 9.166457e-05      1
187 6.401162e-04      1
188 8.087812e-04      1
189 4.137813e-07      1
190 1.471391e-04      1
191 8.495819e-05      1
192 3.021601e-04      1
193 5.353977e-04      1
194 2.812929e-04      1
195 1.259381e-05      1
196 2.031884e-05      1
197 2.621873e-07      1
198 1.123665e-04      1
199 9.402306e-06      1
200 5.021265e-06      1
201 2.954852e-05      1
202 5.065839e-05      1
203 7.234185e-04      1
204 3.700574e-04      1
205 1.004370e-03      1
206 1.715659e-04      1
207 1.932890e-04      1
208 2.684301e-04      1
209 1.769525e-03      1
210 2.341312e-05      1
211 1.309390e-05      1
212 2.051809e-04      1
213 5.928398e-05      1
214 1.278734e-05      1
215 2.294221e-04      1
216 2.857456e-05      1
217 1.437556e-06      1
218 6.045384e-04      1
219 1.216757e-05      1
220 9.868893e-04      1
221 3.860973e-04      1
222 6.947531e-05      1
223 7.602374e-05      1
224 4.961729e-04      1
225 2.012496e-04      1
226 4.097435e-06      1
227 4.458032e-04      1
228 6.395068e-04      1
229 3.759400e-04      1
230 9.024634e-05      1
231 4.917954e-06      1
232 9.313063e-05      1
233 1.210887e-05      1
234 6.963032e-04      1
235 2.049032e-04      1
236 5.461208e-05      1
237 3.388063e-04      1
238 2.747217e-03  0.576
239 1.323983e-04      1
240 8.874607e-08      1

$`MR-PRESSO results`$`Distortion Test`
$`MR-PRESSO results`$`Distortion Test`$`Outliers Indices`
[1] 10

$`MR-PRESSO results`$`Distortion Test`$`Distortion Coefficient`
beta.exposure 
     25.70665 

$`MR-PRESSO results`$`Distortion Test`$Pvalue
[1] 0.8568



