$`Main MR results`
       Exposure       MR Analysis Causal Estimate        Sd     T-stat
1 beta.exposure               Raw     -0.05873786 0.1497444 -0.3922541
2 beta.exposure Outlier-corrected              NA        NA         NA
    P-value
1 0.6959403
2        NA

$`MR-PRESSO results`
$`MR-PRESSO results`$`Global Test`
$`MR-PRESSO results`$`Global Test`$RSSobs
[1] 110.9922

$`MR-PRESSO results`$`Global Test`$Pvalue
[1] 0.0131


$`MR-PRESSO results`$`Outlier Test`
         RSSobs Pvalue
1  1.010603e-05      1
2  3.396995e-06      1
3  1.141326e-04      1
4  4.936281e-04      1
5  4.906584e-04      1
6  1.600060e-03      1
7  2.934963e-06      1
8  6.290710e-03      1
9  7.345652e-07      1
10 7.131875e-05      1
11 4.827213e-04      1
12 3.166349e-04      1
13 6.084602e-04      1
14 1.567085e-04      1
15 2.814488e-04      1
16 1.112671e-04      1
17 1.454749e-03      1
18 3.746156e-04      1
19 3.827251e-04      1
20 3.460119e-03      1
21 1.148392e-06      1
22 3.308783e-04      1
23 9.376730e-04      1
24 3.746045e-05      1
25 2.300147e-05      1
26 4.336828e-05      1
27 2.912350e-06      1
28 5.597159e-05      1
29 3.026458e-04      1
30 2.465443e-04      1
31 4.857585e-05      1
32 3.110126e-04      1
33 3.017933e-04      1
34 2.586564e-04      1
35 1.325370e-03      1
36 1.813074e-04      1
37 8.484932e-03 0.0948
38 5.003444e-05      1
39 6.708707e-04      1
40 1.415125e-04      1
41 7.385819e-04      1
42 8.132102e-05      1
43 3.608642e-04      1
44 2.768353e-04      1
45 2.576939e-04      1
46 1.033900e-04      1
47 9.786309e-04      1
48 2.239556e-03      1
49 3.449622e-06      1
50 6.036197e-05      1
51 1.843977e-04      1
52 4.047846e-04      1
53 1.344349e-05      1
54 9.122084e-04      1
55 2.122593e-03 0.7268
56 2.137571e-03      1
57 2.441047e-03      1
58 4.568827e-04      1
59 1.337735e-03      1
60 6.914074e-04      1
61 1.427712e-06      1
62 3.289015e-04      1
63 6.486171e-04      1
64 1.522171e-04      1
65 9.287795e-05      1
66 5.421177e-04      1
67 1.274631e-05      1
68 5.082401e-06      1
69 7.353401e-04      1
70 1.009196e-03      1
71 2.714920e-04      1
72 2.083576e-04      1
73 6.042688e-05      1
74 3.952265e-04      1
75 5.023236e-04      1
76 6.486651e-04      1
77 2.777420e-03  0.158
78 1.339936e-04      1
79 9.012415e-08      1

$`MR-PRESSO results`$`Distortion Test`
$`MR-PRESSO results`$`Distortion Test`$`Outliers Indices`
[1] "No significant outliers"

$`MR-PRESSO results`$`Distortion Test`$`Distortion Coefficient`
[1] NA

$`MR-PRESSO results`$`Distortion Test`$Pvalue
[1] NA



