$`Main MR results`
       Exposure       MR Analysis Causal Estimate         Sd     T-stat
1 beta.exposure               Raw    -0.005364570 0.01212138 -0.4425707
2 beta.exposure Outlier-corrected     0.002472819 0.01110645  0.2226471
    P-value
1 0.6591381
2 0.8243203

$`MR-PRESSO results`
$`MR-PRESSO results`$`Global Test`
$`MR-PRESSO results`$`Global Test`$RSSobs
[1] 117.3631

$`MR-PRESSO results`$`Global Test`$Pvalue
[1] 0.0402


$`MR-PRESSO results`$`Outlier Test`
         RSSobs  Pvalue
1  1.671134e-06       1
2  2.455109e-05       1
3  1.090125e-04       1
4  7.996657e-06       1
5  4.249636e-05       1
6  8.735369e-05       1
7  7.821491e-06       1
8  7.638137e-05       1
9  4.395800e-05       1
10 4.983679e-06       1
11 3.409397e-07       1
12 1.391659e-05       1
13 6.704157e-05       1
14 3.072255e-05       1
15 2.899161e-06       1
16 2.581093e-09       1
17 1.802694e-06       1
18 4.525508e-06       1
19 1.110178e-05       1
20 4.809321e-05       1
21 1.037600e-05       1
22 2.741539e-05       1
23 2.051028e-05       1
24 3.258190e-07       1
25 8.981262e-05       1
26 4.836156e-06       1
27 2.105556e-04       1
28 4.463001e-05       1
29 4.818437e-05       1
30 3.151520e-04       1
31 1.266370e-06       1
32 1.970616e-06       1
33 2.408704e-05       1
34 9.199549e-07       1
35 1.035883e-05       1
36 1.053475e-05       1
37 8.925805e-08       1
38 9.573897e-05       1
39 1.440717e-05       1
40 3.929841e-05       1
41 3.849440e-08       1
42 1.302751e-04       1
43 1.576274e-05       1
44 1.866471e-05       1
45 1.473711e-06       1
46 9.102491e-11       1
47 7.542748e-06       1
48 2.684268e-06       1
49 1.091873e-04       1
50 1.044405e-05       1
51 5.239093e-05       1
52 3.366135e-08       1
53 2.454019e-05       1
54 1.424501e-05       1
55 4.561545e-06       1
56 6.836456e-07       1
57 5.530456e-05       1
58 2.503878e-05       1
59 7.333111e-05       1
60 1.525536e-05       1
61 2.805146e-06       1
62 1.353785e-05       1
63 5.363302e-05       1
64 2.334561e-05       1
65 3.032115e-06       1
66 4.733821e-05       1
67 1.082863e-04       1
68 2.332512e-05       1
69 1.001397e-05       1
70 1.192560e-05       1
71 2.033411e-06       1
72 3.913214e-06       1
73 2.491457e-07       1
74 2.453258e-06       1
75 6.953065e-05       1
76 4.068127e-05       1
77 1.055810e-05       1
78 1.623948e-05       1
79 3.234411e-06       1
80 8.388778e-06       1
81 9.625143e-05       1
82 2.723136e-03 <0.0091
83 3.176513e-06       1
84 2.479435e-06       1
85 5.980896e-06       1
86 1.693189e-05       1
87 3.394158e-05       1
88 8.679885e-06       1
89 1.578298e-06       1
90 1.992470e-07       1
91 1.046833e-05       1

$`MR-PRESSO results`$`Distortion Test`
$`MR-PRESSO results`$`Distortion Test`$`Outliers Indices`
[1] 82

$`MR-PRESSO results`$`Distortion Test`$`Distortion Coefficient`
beta.exposure 
    -316.9414 

$`MR-PRESSO results`$`Distortion Test`$Pvalue
[1] 0.1285



