$`Main MR results`
       Exposure       MR Analysis Causal Estimate         Sd     T-stat
1 beta.exposure               Raw    -0.017158794 0.02663138 -0.6443074
2 beta.exposure Outlier-corrected    -0.008872003 0.02573337 -0.3447665
    P-value
1 0.5206481
2 0.7308997

$`MR-PRESSO results`
$`MR-PRESSO results`$`Global Test`
$`MR-PRESSO results`$`Global Test`$RSSobs
[1] 191.4575

$`MR-PRESSO results`$`Global Test`$Pvalue
[1] 1e-04


$`MR-PRESSO results`$`Outlier Test`
          RSSobs Pvalue
1   2.011602e-04      1
2   8.399464e-06      1
3   2.791288e-05      1
4   2.831398e-05      1
5   6.658984e-04      1
6   8.815157e-05      1
7   1.901328e-04      1
8   3.524913e-03 0.0117
9   5.296319e-04      1
10  9.958192e-04      1
11  2.836101e-05      1
12  1.013295e-03      1
13  6.943286e-05      1
14  4.479858e-04      1
15  1.195415e-04      1
16  9.291657e-05      1
17  1.995664e-05      1
18  5.539606e-06      1
19  5.370642e-04      1
20  5.250092e-06      1
21  2.550238e-04      1
22  1.431539e-03      1
23  8.993379e-08      1
24  1.423976e-04      1
25  1.026397e-05      1
26  4.991545e-06      1
27  1.379246e-03      1
28  2.783008e-07      1
29  1.042102e-03      1
30  1.154474e-05      1
31  4.653784e-04      1
32  5.055382e-05      1
33  6.867623e-05      1
34  3.474211e-04      1
35  2.051003e-03      1
36  1.213995e-03      1
37  5.141478e-04      1
38  3.418253e-03      1
39  6.608028e-04      1
40  7.494233e-06      1
41  1.977269e-07      1
42  2.050116e-04      1
43  2.782831e-05      1
44  3.402378e-04      1
45  7.864487e-04      1
46  1.123814e-03      1
47  1.499270e-03      1
48  1.482204e-03      1
49  8.246070e-05      1
50  7.368744e-04      1
51  1.273862e-04      1
52  7.608526e-04      1
53  6.864757e-04      1
54  3.669670e-04      1
55  1.582536e-06      1
56  7.500088e-05      1
57  3.028144e-04      1
58  5.232320e-04      1
59  2.083510e-05      1
60  3.379228e-05      1
61  1.848462e-04      1
62  9.166318e-04      1
63  6.683061e-04      1
64  1.536182e-03      1
65  1.473294e-03      1
66  1.482631e-05      1
67  6.773159e-05      1
68  1.018014e-04      1
69  2.573338e-04      1
70  6.481144e-05      1
71  8.019760e-07      1
72  3.323541e-04      1
73  4.038282e-05      1
74  1.393788e-04      1
75  1.140921e-03      1
76  1.264786e-12      1
77  8.831120e-04      1
78  7.743707e-05      1
79  2.650076e-05      1
80  7.145182e-04      1
81  4.875946e-05      1
82  6.688577e-05      1
83  2.466997e-04      1
84  2.167301e-04      1
85  9.530223e-05      1
86  8.506085e-05      1
87  5.484339e-04      1
88  1.817414e-04      1
89  5.919659e-06      1
90  3.410358e-05      1
91  1.422566e-04      1
92  1.553410e-04      1
93  4.732674e-04      1
94  1.867341e-05      1
95  6.413855e-04      1
96  3.122793e-03      1
97  1.118959e-03      1
98  2.974456e-06      1
99  2.755466e-05      1
100 2.781769e-04      1
101 2.029484e-03 0.1521
102 1.628852e-05      1
103 1.096349e-04      1
104 2.444814e-03      1
105 6.429217e-04      1
106 7.338249e-04      1
107 3.402802e-05      1
108 5.941195e-04      1
109 1.858066e-03 0.2808
110 2.917787e-05      1
111 2.224487e-04      1
112 4.164946e-04      1
113 3.188629e-05      1
114 4.234495e-03      1
115 1.206265e-04      1
116 2.978613e-05      1
117 4.936075e-05      1

$`MR-PRESSO results`$`Distortion Test`
$`MR-PRESSO results`$`Distortion Test`$`Outliers Indices`
[1] 8

$`MR-PRESSO results`$`Distortion Test`$`Distortion Coefficient`
beta.exposure 
    -93.40384 

$`MR-PRESSO results`$`Distortion Test`$Pvalue
[1] 0.3735



