SNP	CHR	POS	Effect_allele	Non_Effect_allele	EAF	Beta	SE	P	r2	N
rs58107686	1	33837334	A	C	0.3349	0.0156	0.0127	0.2207	1.0841298137279999e-4	40255
rs1416706	1	46602844	A	G	0.6748	-0.0065	0.013	0.6181	1.854309912e-5	40255
rs11209742	1	71504678	A	C	0.7126	-0.027	0.0133	0.04257	2.9860020791999995e-4	40255
rs12124523	1	72621463	T	C	0.1002	-0.0462	0.0328	0.1584	3.848820500447999e-4	40255
rs10753661	1	165119792	A	G	0.6823	-0.0244	0.0207	0.2387	2.581084569312e-4	40255
rs28680958	1	173848808	A	G	0.2268	-0.0134	0.0144	0.352	6.297591525120001e-5	40255
rs6675528	1	174896299	A	G	0.7243	0.0068	0.0135	0.6129	1.84672858848e-5	40255
rs139920619	NA	NA	NA	NA	NA	NA	NA	NA	NA	NA
rs823099	1	205669322	A	C	0.429	-0.0105	0.0123	0.3947	5.40134595e-5	40255
rs3990965	1	225989286	A	G	0.2476	0.0268	0.0307	0.3817	2.676079498752e-4	40255
rs79072804	1	231386470	A	G	0.9865	0.0196	0.0598	0.743	1.0232293679999967e-5	40255
rs61837208	1	235351567	A	G	0.9881	-0.0966	0.1533	0.5285	2.1944824357680043e-4	40255
rs1260326	2	27730940	T	C	0.4232	-7e-4	0.0123	0.9537	2.3921972479999996e-7	40255
rs441413	2	40393539	T	G	0.9284	-0.0148	0.0235	0.528	2.91206845952e-5	40255
rs62135521	2	44296002	T	G	0.0463	0.0255	0.0645	0.6926	5.7425281154999984e-5	40255
rs528301	2	45154908	A	G	0.5638	0.0032	0.0263	0.9041	5.0366373888e-6	40255
rs1949613	2	58050936	T	G	0.7099	0.0105	0.0133	0.4316	4.541020879500001e-5	40255
rs6739804	2	63269604	T	C	0.3423	0.0178	0.0131	0.1733	1.426608283128e-4	40255
rs7587577	2	73832786	T	C	0.2215	-0.0013	0.0147	0.9304	5.82839595e-7	40255
rs78876991	2	74238857	T	C	0.938	-0.0297	0.0253	0.2413	1.025976520800001e-4	40255
rs4233567	2	144272376	T	C	0.3567	0.0032	0.0276	0.9067	4.6994454528e-6	40255
rs72859280	2	147956293	T	G	0.0289	-0.0222	0.0382	0.56	2.76629022072e-5	40255
rs4664531	2	152986041	T	C	0.7252	0.0121	0.0137	0.3778	5.83546219872e-5	40255
rs10168014	2	162105737	A	G	0.1908	0.0234	0.0154	0.1287	1.690814466432e-4	40255
rs1377491	2	178173386	A	T	0.2024	0.0202	0.0236	0.3907	1.3174325457919998e-4	40255
rs75750180	2	221316160	T	G	0.0916	-0.0039	0.0491	0.9369	2.5312311647999997e-6	40255
rs56337305	2	225475560	T	C	0.6268	-0.0286	0.0263	0.276	3.8267728561920005e-4	40255
rs2713544	2	227144372	A	T	0.6346	0.0043	0.0195	0.8262	8.575027423199999e-6	40255
rs6809836	3	70940892	A	G	0.2951	-0.0128	0.0277	0.6445	6.816267960320001e-5	40255
rs13066050	3	81325861	T	C	0.2053	-0.0281	0.0151	0.06237	2.5765275931020004e-4	40255
rs28732378	3	85403892	A	G	0.2723	0.006	0.0138	0.6612	1.4266995119999998e-5	40255
rs79373562	3	100619865	A	G	0.0203	-0.0024	0.0489	0.9606	2.2910872319999996e-7	40255
rs9809760	3	117599116	T	C	0.5306	0.0192	0.0121	0.1127	1.8362964049919997e-4	40255
rs60654199	3	141267295	A	C	0.0499	-0.0105	0.0621	0.8654	1.0453902795e-5	40255
rs13077520	3	155334844	T	C	0.7805	0.0307	0.0147	0.03664	3.2293430235500007e-4	40255
rs6787172	3	158187811	T	G	0.4479	-0.011	0.0122	0.3685	5.984311278e-5	40255
rs7618629	3	184023061	A	G	0.2516	0.0432	0.0307	0.1595	7.028164288512e-4	40255
rs12646808	4	3249828	T	C	0.6376	0.0466	0.0284	0.1008	0.0010035484082688002	40255
rs7661710	4	18317770	A	G	0.5193	0.0317	0.0136	0.02012	5.016963770478e-4	40255
rs28712821	4	39413780	A	G	0.5813	0.0413	0.0265	0.1187	8.302968357278002e-4	40255
rs16854020	4	42117559	A	G	0.1236	-0.02	0.0184	0.2786	8.6658432e-5	40255
rs72876662	4	97621560	A	G	0.0138	0.0084	0.0598	0.8885	1.9205811071999998e-6	40255
rs140572477	NA	NA	NA	NA	NA	NA	NA	NA	NA	NA
rs4290898	4	97972876	T	C	0.0128	0.3036	0.152	0.04581	0.0023294245404671997	40255
rs140184756	4	99161352	A	G	0.9812	0.1847	0.2514	0.4625	0.0012585752160608026	40255
rs1229984	4	100239319	T	C	0.0576	0.1092	0.0599	0.06849	0.0012945923407872003	40255
rs78234152	4	100279889	A	G	0.0966	0.041	0.02	0.04075	2.9339649528000003e-4	40255
rs2116993	4	101391596	T	C	0.1061	0.0074	0.0198	0.7089	1.0387182360800001e-5	40255
rs13107325	4	103188709	T	C	0.0697	-0.0073	0.0515	0.8868	6.910850767800001e-6	40255
rs2713871	4	106325106	T	G	0.5247	-0.016	0.0122	0.1885	1.2768763392e-4	40255
rs2074378	4	113278057	T	C	0.3244	0.0114	0.0129	0.3793	5.6965273228800005e-5	40255
rs331939	4	143654889	A	G	0.3485	-0.0221	0.0127	0.08349	2.2178478315500001e-4	40255
rs7698119	4	171070910	A	G	0.4817	0.0042	0.0258	0.8698	8.808185080799998e-6	40255
rs28694391	4	174154311	T	C	0.1765	0.0161	0.0245	0.5107	7.5351180555e-5	40255
rs13124335	4	179027704	T	C	0.8231	0.068	0.0378	0.07209	0.0013465678947199998	40255
rs1910091	5	13781535	A	G	0.263	-0.0336	0.014	0.01648	4.3765489151999996e-4	40255
rs1540751	5	19985234	T	C	0.4191	-0.0148	0.0125	0.2346	1.0665284963519999e-4	40255
rs4481304	5	50759415	A	G	0.4394	0.0221	0.026	0.3944	2.4061776530480007e-4	40255
rs4916723	5	87854395	A	C	0.5942	0.0153	0.0136	0.2622	1.128905392248e-4	40255
rs12513758	5	132239939	C	G	0.8347	0.001	0.0256	0.9702	2.7595182e-7	40255
rs4501371	5	144360451	A	T	0.5354	0.0103	0.0255	0.6878	5.2779104511200005e-5	40255
rs55872084	5	155902003	T	G	0.2313	0.0089	0.0144	0.5353	2.8167125110199998e-5	40255
rs55786063	5	166833187	T	G	0.4836	-0.0194	0.0121	0.1077	1.8797754842879997e-4	40255
rs2545799	5	176852186	T	G	0.4677	-0.0147	0.0267	0.58	1.075941109278e-4	40255
rs9349379	6	12903957	A	G	0.6025	-0.011	0.0195	0.5749	5.79574875e-5	40255
rs1906252	6	98550289	A	C	0.4997	-0.0221	0.0133	0.09748	2.442049120862e-4	40255
rs911475	6	109263187	T	C	0.1604	-0.003	0.0166	0.8557	2.42409312e-6	40255
rs74375407	7	3942558	T	C	0.0197	-0.0584	0.0499	0.2413	1.317288555392e-4	40255
rs6962879	7	14295168	C	G	0.4044	-0.0083	0.028	0.7673	3.31857789792e-5	40255
rs11238438	7	51358762	C	G	0.4297	0.0123	0.0191	0.5205	7.414962240780001e-5	40255
rs10085696	7	69783020	A	G	0.8107	0.0017	0.0154	0.9097	8.870306478000001e-7	40255
rs34958196	7	73043101	A	G	0.1212	0.09	0.0433	0.03766	0.001725471072	40255
rs10236149	7	98977515	A	G	0.8886	-0.0517	0.0216	0.01637	5.291789760312002e-4	40255
rs2299409	7	103812171	A	G	0.5238	-0.0082	0.0121	0.4969	3.354382514880001e-5	40255
rs6951574	7	153489744	T	C	0.5731	-0.0119	0.0317	0.7068	6.929158277580001e-5	40255
rs2724988	8	4445638	T	G	0.6024	-0.02	0.0124	0.1084	1.91611392e-4	40255
rs13254315	8	23378055	A	G	0.1476	-0.002	0.0172	0.9053	1.0065139200000001e-6	40255
rs9297173	8	31181474	A	T	0.4885	-0.0063	0.0196	0.7462	1.9834501995000002e-5	40255
rs4380889	8	33663381	A	G	0.4195	-0.001	0.0122	0.9331	4.870395e-7	40255
rs112537273	8	38248306	T	C	0.7886	-0.0026	0.0169	0.8771	2.2539197408000003e-6	40255
rs78718497	NA	NA	NA	NA	NA	NA	NA	NA	NA	NA
rs6982152	8	64779013	T	C	0.2332	-0.0302	0.0146	0.03916	3.261778996608e-4	40255
rs10097299	8	93329382	T	G	0.8059	-0.0026	0.0154	0.8663	2.1148685688000004e-6	40255
rs800578	8	116869477	T	C	0.2205	0.0116	0.0312	0.709	4.6256278319999994e-5	40255
rs28601761	8	126500031	C	G	0.5775	0.0231	0.026	0.3739	2.60395009875e-4	40255
rs10512093	9	82446394	A	G	0.4945	-0.0244	0.0136	0.07238	2.9764398072000005e-4	40255
rs138068171	9	94233712	T	C	0.0283	-0.0426	0.0381	0.2633	9.980856972719999e-5	40255
rs55932213	9	108755622	A	G	0.2813	-0.0369	0.0301	0.2202	5.505542315982e-4	40255
rs4743005	9	109327591	A	G	0.1789	8e-4	0.0161	0.9613	1.880253312e-7	40255
rs7043551	9	127248424	T	C	0.5503	0.0106	0.0269	0.6938	5.5611438175199995e-5	40255
rs13288470	9	129688559	A	T	0.8842	0.0033	0.0305	0.9149	2.2300620408e-6	40255
rs10996513	10	67301127	A	C	0.0498	-0.0052	0.028	0.8527	2.5590634368e-6	40255
rs61873510	10	102626510	T	G	0.3304	-0.0267	0.0308	0.3852	3.1543363595520007e-4	40255
rs72825968	10	110394720	T	C	0.9252	0.0367	0.0529	0.4877	1.864229371488e-4	40255
rs77232328	11	8663970	T	C	0.0644	-0.0086	0.0248	0.7292	8.912570508799999e-6	40255
rs2049045	11	27694241	C	G	0.1912	0.0362	0.0328	0.2695	4.0529959265280007e-4	40255
rs4756121	11	33204159	C	G	0.6801	0.0011	0.0204	0.9574	5.265048558e-7	40255
rs60816887	11	45335432	T	C	0.189	-0.0208	0.0156	0.1819	1.3262925312e-4	40255
rs12285419	11	46343189	A	C	0.1847	0.003	0.0344	0.93	2.7105463800000002e-6	40255
rs4752999	11	47428565	T	C	0.3179	-0.0473	0.0131	2.886e-4	9.702660926222001e-4	40255
rs11231299	11	62771388	A	G	0.1927	-0.0118	0.0172	0.4915	4.332221740080001e-5	40255
rs4309187	11	113412443	A	C	0.324	-0.0092	0.0146	0.5284	3.707638272e-5	40255
rs17542254	11	113655696	A	G	0.7367	-0.0109	0.0139	0.431	4.609189039819999e-5	40255
rs7106546	11	116079170	T	G	0.7566	0.0045	0.0141	0.7468	7.4583358199999985e-6	40255
rs682011	11	121544285	T	C	0.4501	-0.0029	0.0138	0.8347	4.1631180318e-6	40255
rs35247189	12	6857898	A	C	0.2232	0.0034	0.0148	0.8171	4.0085862912e-6	40255
rs35011311	12	38616581	T	G	0.2457	0.0205	0.0354	0.5633	1.55771134155e-4	40255
rs73107969	12	48185165	A	G	0.2284	0.0565	0.0324	0.08101	0.0011251623976800001	40255
rs2336448	12	50212628	T	C	0.3988	-0.0075	0.0124	0.5443	2.6972837999999998e-5	40255
rs7971859	12	51866406	A	G	0.4743	-0.0058	0.0259	0.8226	1.67755622328e-5	40255
rs3809162	12	54674235	A	G	0.6041	0.0204	0.0125	0.1019	1.9906030630080003e-4	40255
rs1609028	12	75409357	C	G	0.6317	-0.0207	0.0196	0.2914	1.993807761678e-4	40255
rs61934664	12	81608058	A	G	0.502	-0.0023	0.0121	0.8499	2.64495768e-6	40255
rs147865473	12	87787481	A	G	0.9673	-0.0208	0.034	0.54	2.7369420748799962e-5	40255
rs1387766	12	92081800	A	G	0.6109	0.0174	0.0126	0.1676	1.4393282456879998e-4	40255
rs4369456	12	97680728	A	C	0.7356	0.0017	0.0139	0.9028	1.1241674592e-6	40255
rs55863153	12	123637698	A	C	0.9789	-0.0572	0.0496	0.2482	1.3515833622720005e-4	40255
rs943724	13	27274270	A	G	0.7574	-0.0047	0.0219	0.8315	8.1178647032e-6	40255
rs1927847	13	54060827	T	C	0.6231	-0.009	0.0199	0.6503	3.804511518e-5	40255
rs34704785	13	68117681	T	C	0.5294	-0.0022	0.012	0.8549	2.4116329952e-6	40255
rs4772260	13	100645723	T	C	0.5873	-0.0127	0.0123	0.3025	7.818652427179999e-5	40255
rs1825395	14	42737596	A	C	0.669	0.0135	0.013	0.2982	8.071451549999999e-5	40255
rs1123285	14	57274519	C	G	0.662	0.0062	0.0272	0.8205	1.7202361279999998e-5	40255
rs6573197	14	58724208	T	C	0.7263	-0.0193	0.014	0.1677	1.4809331518380003e-4	40255
rs28929474	14	94844947	T	C	0.0176	-0.0394	0.0549	0.4727	5.36813539328e-5	40255
rs281287	15	47681552	A	G	0.6411	7e-4	0.0126	0.9552	2.2548897419999996e-7	40255
rs2414133	15	52412563	A	G	0.705	0.0022	0.0148	0.8832	2.0131980000000004e-6	40255
rs10518876	15	57065787	A	G	0.1619	0.0127	0.0166	0.443	4.3770360846199996e-5	40255
rs35807116	15	74667953	T	C	0.5915	0.0154	0.0124	0.2152	1.1460887438e-4	40255
rs28616142	15	86867867	T	C	0.4164	0.0403	0.0193	0.03621	7.893435999072001e-4	40255
rs17177078	16	24810681	T	C	0.0687	0.0125	0.0238	0.5982	1.9993846875000004e-5	40255
rs153106	16	28526897	T	C	0.6016	0.0161	0.0127	0.2049	1.242535784448e-4	40255
rs3814877	16	30042677	T	G	0.3878	-0.0251	0.0125	0.04388	2.9914280982320005e-4	40255
rs1558902	16	53803574	A	T	0.4035	0.0018	0.0193	0.9254	1.5596566200000003e-6	40255
rs62044525	16	64872590	C	G	0.8176	0.0136	0.0248	0.5823	5.51662583808e-5	40255
rs73562876	16	69124308	T	G	0.9215	0.0228	0.023	0.3198	7.520811192000002e-5	40255
rs16959025	16	69695589	T	G	0.8248	0.0185	0.0361	0.6095	9.891364511999999e-5	40255
rs79616692	16	72338507	C	G	0.1094	0.0172	0.0421	0.6824	5.7648352755200004e-5	40255
rs11860773	16	73912503	T	C	0.8138	0.0082	0.0346	0.8124	2.0377695228800004e-5	40255
rs13332432	16	85721809	C	G	0.7044	-0.0079	0.0291	0.7871	2.5990100284800002e-5	40255
rs11656013	17	7446081	T	C	0.789	-0.008	0.0235	0.7339	2.1309312e-5	40255
rs34121753	17	7733833	A	G	0.4227	-0.029	0.0255	0.2549	4.1044956222e-4	40255
rs1971157	17	27925343	C	G	0.3821	-0.0368	0.0277	0.1836	6.394710175232e-4	40255
rs7502556	17	29642430	T	C	0.3807	0.0199	0.0126	0.1153	1.867325832702e-4	40255
rs732770	17	35440637	A	G	0.3248	-0.009	0.0131	0.4927	3.5527403519999994e-5	40255
rs76640332	NA	NA	NA	NA	NA	NA	NA	NA	NA	NA
rs35895680	17	47060322	A	C	0.3091	-0.0277	0.0289	0.3372	3.2772059263019995e-4	40255
rs79415988	17	66066969	T	C	0.239	-0.066	0.0392	0.09238	0.001584529848	40255
rs10438820	17	78524597	T	C	0.7031	0.0042	0.0132	0.7532	7.364713759199999e-6	40255
rs28597806	18	40734725	A	G	0.6312	-0.0031	0.0125	0.8063	4.4741576832e-6	40255
rs78308288	18	46482687	T	C	0.1863	-0.0116	0.034	0.7328	4.079652246719999e-5	40255
rs1011392	18	53041903	A	G	0.6759	-0.0224	0.0129	0.08383	2.198302783488e-4	40255
rs1942964	18	55027212	T	G	0.5095	0.0033	0.0122	0.7904	5.443034355e-6	40255
rs838145	19	49248730	A	G	0.5788	-0.0306	0.0266	0.2501	4.565514575231999e-4	40255
rs28429420	20	18656530	A	G	0.4114	0.0203	0.0124	0.1018	1.9957521996719999e-4	40255
rs6106989	20	25027630	A	G	0.6182	-0.02	0.027	0.4578	1.88823008e-4	40255
rs9607814	22	41946519	A	C	0.2011	0.02	0.0151	0.1833	1.28527032e-4	40255
rs17884691	22	46481623	A	G	0.231	-0.0082	0.0324	0.8014	2.3888892720000007e-5	40255
rs149015425	22	50545634	T	G	0.0384	0.0257	0.0363	0.4792	4.8777767731199995e-5	40255
