SNP	CHROM	POS	REF	ALT	AF	BETA	SE	Z	P	N	TRAIT
rs76360763	1	26493519	C	T	0.0451	0.0721	0.1981	0.36395759717314485	0.7158	4046	Neuritic_Plaques_Any
rs4653218	1	37197319	T	C	0.5678	0.0665	0.0702	0.947293	0.3434	4046	Neuritic_Plaques_Any
rs11579246	1	50559162	A	G	0.1043	0.0673	0.1197	0.562239	0.5739	4046	Neuritic_Plaques_Any
rs1890946	1	52342427	T	C	0.5319	0.006	0.071	0.084507	0.9323	4046	Neuritic_Plaques_Any
rs10127497	NA	NA	NA	NA	NA	NA	NA	NA	NA	NA	NA
rs6699744	NA	NA	NA	NA	NA	NA	NA	NA	NA	NA	NA
rs114853178	1	97509552	G	A	0.0235	-0.3917	0.3059	-1.2804838182412552	0.2004	4046	Neuritic_Plaques_Any
rs4971040	1	151366494	A	C	0.8248	-0.0816	0.1011	-0.807122	0.4197	4046	Neuritic_Plaques_Any
rs1765516	1	168705289	G	A	0.5395	0.0048	0.0732	0.06557377049180327	0.9475	4046	Neuritic_Plaques_Any
rs10753123	1	176303204	G	A	0.4123	-0.0075	0.0752	-0.09973404255319149	0.9203	4046	Neuritic_Plaques_Any
rs7548151	1	177026983	G	A	0.0948	0.08900000000000001	0.1258	0.7074721780604134	0.4793	4046	Neuritic_Plaques_Any
rs72740410	1	191115099	C	T	0.0791	-0.0369	0.139	-0.2654676258992806	0.7906	4046	Neuritic_Plaques_Any
rs2759663	NA	NA	NA	NA	NA	NA	NA	NA	NA	NA	NA
rs2685292	NA	NA	NA	NA	NA	NA	NA	NA	NA	NA	NA
rs1808361	NA	NA	NA	NA	NA	NA	NA	NA	NA	NA	NA
rs10175979	2	57813173	C	T	0.6669	0.0441	0.0765	0.5764705882352942	0.5642	4046	Neuritic_Plaques_Any
rs2945451	NA	NA	NA	NA	NA	NA	NA	NA	NA	NA	NA
rs111945524	2	106099018	C	T	0.0368	0.1489	0.2878	0.5173731758165393	0.6048	4046	Neuritic_Plaques_Any
rs11123030	2	124976163	T	C	0.5058	-0.1876	0.0715	-2.62378	0.00869	4046	Neuritic_Plaques_Any
rs4662297	NA	NA	NA	NA	NA	NA	NA	NA	NA	NA	NA
rs4455170	2	161490130	C	T	0.2879	0.0979	0.0802	1.2206982543640899	0.2222	4046	Neuritic_Plaques_Any
rs72948529	2	212641990	A	C	0.2111	0.1334	0.0963	1.38525	0.1657	4046	Neuritic_Plaques_Any
rs13097653	3	44739832	T	C	0.3149	0.0527	0.0771	0.683528	0.4946	4046	Neuritic_Plaques_Any
rs7635184	3	56226041	G	A	0.6356	-0.0948	0.0769	-1.2327698309492847	0.2174	4046	Neuritic_Plaques_Any
rs9843540	3	81256869	T	C	0.4941	0.0358	0.073	0.490411	0.6242	4046	Neuritic_Plaques_Any
rs62265371	NA	NA	NA	NA	NA	NA	NA	NA	NA	NA	NA
rs2399363	3	110506842	C	T	0.4918	0.0833	0.0896	0.9296875	0.3527	4046	Neuritic_Plaques_Any
rs66511648	3	117515519	T	C	0.2808	-0.1986	0.08	-2.4825	0.013080000000000001	4046	Neuritic_Plaques_Any
rs28820925	3	158111936	T	C	0.574	-0.07	0.0717	-0.97629	0.3289	4046	Neuritic_Plaques_Any
rs9759257	3	183986363	A	C	0.2399	0.034	0.0848	0.400943	0.6883	4046	Neuritic_Plaques_Any
rs2276882	NA	NA	NA	NA	NA	NA	NA	NA	NA	NA	NA
rs10002787	4	47497811	A	G	0.4215	-0.0243	0.0876	-0.277397	0.7816	4046	Neuritic_Plaques_Any
rs28649197	4	95150054	T	G	0.0184	-0.2334	0.5301	-0.440294	0.6597	4046	Neuritic_Plaques_Any
rs6818069	4	131153170	T	G	0.2703	0.0047	0.08199999999999999	0.0573171	0.9547	4046	Neuritic_Plaques_Any
rs4475190	4	139636199	T	C	0.2665	-0.0942	0.08199999999999999	-1.14878	0.2504	4046	Neuritic_Plaques_Any
rs73107919	5	61126994	A	G	0.1115	0.0471	0.1197	0.393484	0.6938	4046	Neuritic_Plaques_Any
rs12188167	NA	NA	NA	NA	NA	NA	NA	NA	NA	NA	NA
rs30266	5	103972357	G	A	0.3282	-0.0254	0.0776	-0.327319587628866	0.7431	4046	Neuritic_Plaques_Any
rs3756644	5	153780979	A	C	0.0704	-0.2931	0.1396	-2.09957	0.03586	4046	Neuritic_Plaques_Any
rs10035449	5	164486067	T	C	0.5236	0.1057	0.0734	1.44005	0.1499	4046	Neuritic_Plaques_Any
rs10068776	5	167455595	T	G	0.1865	0.047	0.0964	0.487552	0.6257	4046	Neuritic_Plaques_Any
rs12661596	6	17016400	A	G	0.2482	-0.1352	0.0812	-1.66502	0.09577000000000001	4046	Neuritic_Plaques_Any
rs28993076	6	24254970	A	G	0.0407	0.1432	0.2048	0.699219	0.4844	4046	Neuritic_Plaques_Any
rs11961509	6	28989210	A	G	0.0622	-0.0547	0.1455	-0.375945	0.7070000000000001	4046	Neuritic_Plaques_Any
rs3132685	6	29945949	G	A	0.1142	-0.0734	0.15	-0.4893333333333334	0.6244	4046	Neuritic_Plaques_Any
rs4715176	6	50085235	C	T	0.6346	-0.0354	0.0751	-0.47137150466045274	0.6376	4046	Neuritic_Plaques_Any
rs76736233	6	66646738	T	C	0.0783	-0.303	0.1749	-1.73242	0.08319	4046	Neuritic_Plaques_Any
rs112348907	6	73587953	A	G	0.2352	-0.0776	0.0912	-0.850877	0.3947	4046	Neuritic_Plaques_Any
rs10447426	6	110721750	G	A	0.0267	0.1233	0.3478	0.3545140885566418	0.723	4046	Neuritic_Plaques_Any
rs2876520	NA	NA	NA	NA	NA	NA	NA	NA	NA	NA	NA
rs4895718	6	147973296	C	T	0.6723	-0.0918	0.0786	-1.16793893129771	0.2431	4046	Neuritic_Plaques_Any
rs2328850	6	148412981	T	C	0.5481	0.0327	0.0722	0.452909	0.6506	4046	Neuritic_Plaques_Any
rs139353239	NA	NA	NA	NA	NA	NA	NA	NA	NA	NA	NA
rs3996329	7	2018870	G	A	0.1857	-0.1475	0.0912	-1.6173245614035086	0.1058	4046	Neuritic_Plaques_Any
rs3807865	7	12250402	G	A	0.4366	0.1105	0.0735	1.5034013605442178	0.1329	4046	Neuritic_Plaques_Any
rs2270236	NA	NA	NA	NA	NA	NA	NA	NA	NA	NA	NA
rs62482416	7	103030228	C	A	0.0865	0.1832	0.135	1.357037037037037	0.1747	4046	Neuritic_Plaques_Any
rs6466512	7	114842574	G	A	0.422	0.0499	0.0729	0.6844993141289437	0.494	4046	Neuritic_Plaques_Any
rs2402273	7	117600424	T	C	0.4189	0.0659	0.0713	0.924264	0.3558	4046	Neuritic_Plaques_Any
rs144369419	NA	NA	NA	NA	NA	NA	NA	NA	NA	NA	NA
rs113664121	8	9413213	T	G	0.0236	0.352	0.9261	0.380089	0.7039	4046	Neuritic_Plaques_Any
rs9643389	NA	NA	NA	NA	NA	NA	NA	NA	NA	NA	NA
rs10960103	NA	NA	NA	NA	NA	NA	NA	NA	NA	NA	NA
rs263575	9	17033840	G	A	0.4642	0.0347	0.0732	0.47404371584699456	0.6359	4046	Neuritic_Plaques_Any
rs9408062	NA	NA	NA	NA	NA	NA	NA	NA	NA	NA	NA
rs7030813	9	36999369	C	T	0.3789	0.0308	0.0758	0.4063324538258575	0.6842	4046	Neuritic_Plaques_Any
rs7046881	9	82515992	T	G	0.4139	0.0335	0.0724	0.462707	0.6436	4046	Neuritic_Plaques_Any
rs189315389	NA	NA	NA	NA	NA	NA	NA	NA	NA	NA	NA
rs7098208	10	18553164	C	T	0.2502	-0.0116	0.0853	-0.13599062133645953	0.8916	4046	Neuritic_Plaques_Any
rs10762080	10	68397445	A	G	0.5793	0.1601	0.0709	2.25811	0.02386	4046	Neuritic_Plaques_Any
rs1021363	10	106610839	A	G	0.6579	-0.022	0.0737	-0.298507	0.7652	4046	Neuritic_Plaques_Any
rs1710278	10	127738918	G	A	0.4378	0.0679	0.0718	0.9456824512534819	0.3442	4046	Neuritic_Plaques_Any
rs10767735	NA	NA	NA	NA	NA	NA	NA	NA	NA	NA	NA
rs78652754	11	59531576	G	T	0.0826	0.2506	0.1874	1.3372465314834576	0.18100000000000002	4046	Neuritic_Plaques_Any
rs1791684	11	66369211	T	G	0.5231	2e-4	0.0715	0.0027972	0.9975	4046	Neuritic_Plaques_Any
rs10501696	11	88748162	A	G	0.4788	-0.1846	0.0778	-2.37275	0.01761	4046	Neuritic_Plaques_Any
rs578174	11	89959637	A	G	0.1166	0.033	0.1233	0.26764	0.7892	4046	Neuritic_Plaques_Any
rs4936275	11	113365084	C	T	0.6242	0.021	0.0761	0.2759526938239159	0.7824	4046	Neuritic_Plaques_Any
rs60545357	11	118281418	A	C	0.1749	-0.0462	0.0954	-0.484277	0.6282	4046	Neuritic_Plaques_Any
rs10450	12	56984606	C	T	0.7138	-0.0677	0.0928	-0.7295258620689655	0.4659	4046	Neuritic_Plaques_Any
rs7965279	NA	NA	NA	NA	NA	NA	NA	NA	NA	NA	NA
rs521048	12	118830958	A	G	0.7316	0.0105	0.083	0.126506	0.899	4046	Neuritic_Plaques_Any
rs9530139	13	31847324	C	T	0.2021	0.0342	0.0915	0.3737704918032787	0.7086	4046	Neuritic_Plaques_Any
rs9805634	13	53863604	C	T	0.3257	-0.1374	0.0786	-1.748091603053435	0.08027999999999999	4046	Neuritic_Plaques_Any
rs74456050	13	64891245	G	A	0.1403	0.1081	0.125	0.8648	0.3871	4046	Neuritic_Plaques_Any
rs1755255	13	80875422	T	C	0.7014	-0.0553	0.0809	-0.68356	0.4941	4046	Neuritic_Plaques_Any
rs510339	13	97286612	G	A	0.8266	0.0315	0.0928	0.3394396551724138	0.7341	4046	Neuritic_Plaques_Any
rs1900599	14	42141201	G	A	0.2885	-0.1482	0.0786	-1.8854961832061068	0.0592	4046	Neuritic_Plaques_Any
rs10148293	14	75296831	A	G	0.5386	0.0052	0.0734	0.0708447	0.9434	4046	Neuritic_Plaques_Any
rs67788318	14	94043084	T	C	0.1151	-0.0596	0.1259	-0.473392	0.6357	4046	Neuritic_Plaques_Any
rs4906349	14	104091115	A	G	0.2983	-0.0252	0.0793	-0.317781	0.7509	4046	Neuritic_Plaques_Any
rs28541419	NA	NA	NA	NA	NA	NA	NA	NA	NA	NA	NA
rs12932870	NA	NA	NA	NA	NA	NA	NA	NA	NA	NA	NA
rs2369818	16	21614009	C	T	0.4349	0.0909	0.0763	1.1913499344692005	0.2336	4046	Neuritic_Plaques_Any
rs2617841	16	56373222	G	A	0.723	0.0568	0.0781	0.7272727272727273	0.4672	4046	Neuritic_Plaques_Any
rs34187563	17	31726162	G	T	0.4913	-0.092	0.0705	-1.3049645390070923	0.1915	4046	Neuritic_Plaques_Any
rs12943181	NA	NA	NA	NA	NA	NA	NA	NA	NA	NA	NA
rs11877758	18	35138110	T	G	0.301	-0.054	0.0792	-0.681818	0.495	4046	Neuritic_Plaques_Any
rs57679688	18	36621062	C	T	0.268	-0.1095	0.0802	-1.3653366583541149	0.1718	4046	Neuritic_Plaques_Any
rs1367635	18	50861409	T	C	0.512	0.0059	0.0709	0.0832158	0.9339	4046	Neuritic_Plaques_Any
rs12967143	NA	NA	NA	NA	NA	NA	NA	NA	NA	NA	NA
rs7241572	18	77580712	G	A	0.2241	-0.2351	0.0844	-2.7855450236966823	0.005353	4046	Neuritic_Plaques_Any
rs34947393	NA	NA	NA	NA	NA	NA	NA	NA	NA	NA	NA
rs6131010	20	44724305	A	G	0.7226	0.0532	0.079	0.673418	0.5006	4046	Neuritic_Plaques_Any
rs143502921	NA	NA	NA	NA	NA	NA	NA	NA	NA	NA	NA
rs4925300	20	60392038	G	A	0.6191	0.0933	0.0724	1.288674033149171	0.1977	4046	Neuritic_Plaques_Any
rs77937532	22	20030041	G	A	0.1941	0.0832	0.0921	0.9033659066232356	0.3659	4046	Neuritic_Plaques_Any
