$`Main MR results`
       Exposure       MR Analysis Causal Estimate         Sd     T-stat
1 beta.exposure               Raw    -0.025843889 0.02265289 -1.1408653
2 beta.exposure Outlier-corrected    -0.004237379 0.01590117 -0.2664823
    P-value
1 0.2567063
2 0.7904334

$`MR-PRESSO results`
$`MR-PRESSO results`$`Global Test`
$`MR-PRESSO results`$`Global Test`$RSSobs
[1] 223.3203

$`MR-PRESSO results`$`Global Test`$Pvalue
[1] "<1e-04"


$`MR-PRESSO results`$`Outlier Test`
         RSSobs  Pvalue
1  2.215768e-05       1
2  1.284778e-05       1
3  1.527389e-04       1
4  6.212335e-06       1
5  1.190244e-05       1
6  2.169554e-05       1
7  9.527708e-05       1
8  1.106527e-06       1
9  1.467244e-05       1
10 6.539976e-06       1
11 2.743881e-05       1
12 1.800130e-10       1
13 3.835094e-07       1
14 4.338583e-05       1
15 5.864443e-06       1
16 3.226788e-05       1
17 1.313558e-04       1
18 2.324385e-05       1
19 6.291793e-05       1
20 9.517389e-07       1
21 3.202963e-05       1
22 4.187171e-04       1
23 9.732401e-08       1
24 3.380554e-05       1
25 1.156700e-05       1
26 2.007135e-07       1
27 8.374054e-06       1
28 1.482302e-04       1
29 1.168579e-05       1
30 7.910676e-05       1
31 1.430460e-05       1
32 6.487600e-05       1
33 1.084395e-06       1
34 1.173000e-04       1
35 5.323613e-06       1
36 4.123640e-07       1
37 1.467360e-04       1
38 2.775987e-05       1
39 1.879513e-05       1
40 2.090274e-05       1
41 4.672440e-03 <0.0099
42 1.343463e-04       1
43 9.513544e-06       1
44 1.130145e-05       1
45 1.389113e-07       1
46 1.121992e-04       1
47 1.594026e-04       1
48 2.524651e-07       1
49 2.488276e-04       1
50 9.738520e-06       1
51 2.318574e-06       1
52 7.840573e-07       1
53 9.256228e-05       1
54 1.299882e-05       1
55 2.727188e-05       1
56 1.391300e-04       1
57 7.722065e-05       1
58 1.503259e-05       1
59 1.385129e-04       1
60 6.421669e-05       1
61 2.560594e-05       1
62 1.546166e-05       1
63 3.844836e-05       1
64 1.480964e-04       1
65 1.310269e-05       1
66 2.132656e-06       1
67 1.062396e-04       1
68 4.966756e-06       1
69 2.185919e-05       1
70 1.332753e-04       1
71 1.137035e-04       1
72 1.152776e-04       1
73 3.866377e-05       1
74 1.429446e-07       1
75 2.477446e-08       1
76 1.793947e-04       1
77 4.026688e-05       1
78 2.042776e-05       1
79 5.521161e-05       1
80 1.123651e-07       1
81 7.792657e-06       1
82 7.882585e-05       1
83 8.683534e-08       1
84 3.875057e-04       1
85 3.066796e-05       1
86 1.404791e-05       1
87 3.011840e-05       1
88 7.498754e-06       1
89 2.788367e-05       1
90 5.361483e-05       1
91 3.271848e-05       1
92 7.596930e-07       1
93 5.071708e-05       1
94 7.523268e-05       1
95 1.434477e-04       1
96 4.353947e-05       1
97 4.226624e-04       1
98 4.746377e-07       1
99 2.772627e-10       1

$`MR-PRESSO results`$`Distortion Test`
$`MR-PRESSO results`$`Distortion Test`$`Outliers Indices`
[1] 41

$`MR-PRESSO results`$`Distortion Test`$`Distortion Coefficient`
beta.exposure 
    -509.9026 

$`MR-PRESSO results`$`Distortion Test`$Pvalue
[1] 0.0577



