$`Main MR results`
       Exposure       MR Analysis Causal Estimate        Sd     T-stat
1 beta.exposure               Raw     0.005386141 0.2850262 0.01889701
2 beta.exposure Outlier-corrected              NA        NA         NA
    P-value
1 0.9849613
2        NA

$`MR-PRESSO results`
$`MR-PRESSO results`$`Global Test`
$`MR-PRESSO results`$`Global Test`$RSSobs
[1] 138.569

$`MR-PRESSO results`$`Global Test`$Pvalue
[1] 0.0074


$`MR-PRESSO results`$`Outlier Test`
          RSSobs Pvalue
1   1.275731e-03      1
2   1.003198e-03      1
3   1.892308e-04      1
4   7.872755e-05      1
5   3.825967e-06      1
6   6.743885e-05      1
7   1.250790e-04      1
8   1.331077e-04      1
9   1.520943e-05      1
10  3.071902e-05      1
11  3.583122e-05      1
12  1.421668e-05      1
13  3.112171e-04      1
14  1.340018e-04      1
15  1.691706e-04      1
16  1.060232e-02   0.51
17  1.915445e-04      1
18  1.253858e-04      1
19  2.055153e-05      1
20  1.771701e-03      1
21  1.029265e-04      1
22  2.116660e-04      1
23  3.370835e-05      1
24  7.914320e-04      1
25  3.639077e-04      1
26  6.010463e-05      1
27  5.687047e-04      1
28  1.484861e-03      1
29  2.005404e-04      1
30  2.084608e-02      1
31  1.047763e-03      1
32  4.054018e-02   0.28
33  2.916067e-04      1
34  3.317977e-04      1
35  8.330437e-04      1
36  9.550617e-05      1
37  1.411633e-04      1
38  2.678463e-06      1
39  1.068347e-05      1
40  3.094676e-04      1
41  4.004101e-05      1
42  1.943489e-04      1
43  1.419846e-04      1
44  3.273015e-07      1
45  7.382767e-04      1
46  4.615522e-04      1
47  8.000346e-05      1
48  1.480815e-03      1
49  1.298426e-05      1
50  2.047847e-05      1
51  3.222309e-04      1
52  8.063562e-05      1
53  1.163208e-03      1
54  2.502459e-03      1
55  1.439470e-03      1
56  1.641709e-03   0.42
57  3.936627e-04      1
58  8.562734e-04      1
59  4.865620e-04      1
60  2.608390e-04      1
61  1.700136e-04      1
62  8.963331e-04      1
63  1.107390e-03      1
64  1.274485e-03      1
65  3.366585e-05      1
66  7.309821e-07      1
67  1.083929e-05      1
68  1.558385e-04      1
69  1.243942e-04      1
70  1.900741e-04      1
71  6.460239e-05      1
72  4.411502e-05      1
73  2.563826e-04      1
74  1.087615e-04      1
75  5.287848e-04      1
76  1.223645e-04      1
77  6.268473e-05      1
78  3.479122e-06      1
79  1.823528e-04      1
80  1.916070e-05      1
81  8.824847e-07      1
82  5.517247e-07      1
83  1.305339e-03      1
84  2.889783e-04      1
85  4.325840e-06      1
86  2.350751e-03      1
87  4.776135e-05      1
88  9.767033e-05      1
89  4.533968e-07      1
90  4.372696e-05      1
91  1.037102e-03      1
92  2.593583e-04      1
93  2.137785e-04      1
94  4.005280e-04      1
95  1.038568e-03      1
96  1.553749e-03      1
97  1.297284e-03      1
98  6.068763e-04      1
99  1.863635e-04      1
100 9.585127e-07      1

$`MR-PRESSO results`$`Distortion Test`
$`MR-PRESSO results`$`Distortion Test`$`Outliers Indices`
[1] "No significant outliers"

$`MR-PRESSO results`$`Distortion Test`$`Distortion Coefficient`
[1] NA

$`MR-PRESSO results`$`Distortion Test`$Pvalue
[1] NA



