SNP	CHROM	POS	REF	ALT	AF	BETA	SE	Z	P	N	TRAIT
rs11264100	1	35591626	A	G	0.8834	-0.1304	0.0761	-1.71353	0.08675	4735	Neurofibrillary_Tangles
rs34973462	1	175993820	C	T	0.3399	-0.0059	0.0463	-0.12742980561555076	0.8981	4735	Neurofibrillary_Tangles
rs7599488	2	60718347	C	T	0.4266	-0.0428	0.044000000000000004	-0.9727272727272726	0.3308	4735	Neurofibrillary_Tangles
rs78408772	2	62710608	C	T	0.1143	0.0765	0.0733	1.0436562073669848	0.2966	4735	Neurofibrillary_Tangles
rs10204824	2	148372720	A	G	0.6747	-0.1028	0.0486	-2.11523	0.0343	4735	Neurofibrillary_Tangles
rs2084533	3	16872929	C	T	0.3148	0.0157	0.0468	0.33547008547008544	0.7378	4735	Neurofibrillary_Tangles
rs7431710	3	48935583	G	A	0.6624	0.0642	0.0463	1.3866090712742978	0.1652	4735	Neurofibrillary_Tangles
rs699165	3	136224697	A	G	0.7378	0.0763	0.0509	1.49902	0.1335	4735	Neurofibrillary_Tangles
rs28813180	3	158083918	G	A	0.5058	0.0463	0.0438	1.0570776255707763	0.2903	4735	Neurofibrillary_Tangles
rs1024323	4	3006043	C	T	0.3813	-0.0152	0.0444	-0.34234234234234234	0.7322	4735	Neurofibrillary_Tangles
rs11940255	4	67086288	G	A	0.7063	-0.0229	0.0497	-0.4607645875251509	0.6453	4735	Neurofibrillary_Tangles
rs10018253	4	67961464	A	C	0.2496	-0.0073	0.0495	-0.147475	0.8827	4735	Neurofibrillary_Tangles
rs7766641	6	26184102	G	A	0.2903	0.0342	0.0493	0.693711967545639	0.4871	4735	Neurofibrillary_Tangles
rs215600	7	32333642	G	A	0.648	-0.0506	0.0456	-1.1096491228070176	0.2671	4735	Neurofibrillary_Tangles
rs62447179	7	50339609	G	A	0.2893	-0.0342	0.048	-0.7125	0.4763	4735	Neurofibrillary_Tangles
rs4236926	8	42578059	T	G	0.7677	-0.0822	0.0532	-1.54511	0.1224	4735	Neurofibrillary_Tangles
rs790564	8	64604218	A	C	0.7307	-0.0435	0.0499	-0.871743	0.3835	4735	Neurofibrillary_Tangles
rs112151537	9	136455785	C	T	0.0548	0.0879	0.1516	0.5798153034300791	0.5621	4735	Neurofibrillary_Tangles
rs3025383	9	136502369	T	C	0.1755	-0.0228	0.0599	-0.380634	0.7039	4735	Neurofibrillary_Tangles
rs11186852	10	93962124	T	C	0.2715	0.0416	0.059000000000000004	0.705085	0.4808	4735	Neurofibrillary_Tangles
rs7951365	11	16377044	T	C	0.2095	0.0136	0.0583	0.233276	0.8157	4735	Neurofibrillary_Tangles
rs10742683	11	43667625	G	A	0.4089	-0.0059	0.0448	-0.13169642857142858	0.8953	4735	Neurofibrillary_Tangles
rs7125588	11	113436072	A	G	0.4388	-0.0154	0.0449	-0.342984	0.7315	4735	Neurofibrillary_Tangles
rs11846838	14	104184737	G	A	0.3244	0.0062	0.0474	0.1308016877637131	0.8954	4735	Neurofibrillary_Tangles
rs10519203	15	78814046	G	A	0.665	0.0152	0.0467	0.32548179871520344	0.7449	4735	Neurofibrillary_Tangles
rs182317	15	89943601	G	T	0.3433	-0.0262	0.0548	-0.4781021897810219	0.632	4735	Neurofibrillary_Tangles
rs1592485	16	52093549	C	A	0.6099	0.004	0.0448	0.08928571428571429	0.9291	4735	Neurofibrillary_Tangles
rs12924872	16	69552215	C	T	0.4796	-0.0214	0.0448	-0.4776785714285714	0.6322	4735	Neurofibrillary_Tangles
rs258321	16	89756473	A	G	0.4431	0.0494	0.0446	1.10762	0.2686	4735	Neurofibrillary_Tangles
rs4485470	18	62125063	G	A	0.573	0.0224	0.0453	0.4944812362030905	0.6205	4735	Neurofibrillary_Tangles
rs34406232	19	41305530	C	A	0.0218	-0.0782	0.1515	-0.5161716171617162	0.6057	4735	Neurofibrillary_Tangles
rs56113850	19	41353107	T	C	0.5922	0.0331	0.0521	0.635317	0.5259	4735	Neurofibrillary_Tangles
rs117875279	19	41498715	G	A	0.0253	-0.0642	0.1866	-0.3440514469453376	0.7307	4735	Neurofibrillary_Tangles
rs6078373	20	11863500	G	A	0.4083	-0.0284	0.0449	-0.6325167037861915	0.5279	4735	Neurofibrillary_Tangles
rs2273500	20	61986949	T	C	0.2137	-0.0685	0.0626	-1.09425	0.2734	4735	Neurofibrillary_Tangles
rs7281463	21	40520783	A	C	0.4206	-0.0393	0.0441	-0.891156	0.373	4735	Neurofibrillary_Tangles
rs6663484	NA	NA	NA	NA	NA	NA	NA	NA	NA	NA	NA
rs2072659	NA	NA	NA	NA	NA	NA	NA	NA	NA	NA	NA
rs58889493	NA	NA	NA	NA	NA	NA	NA	NA	NA	NA	NA
rs2741351	NA	NA	NA	NA	NA	NA	NA	NA	NA	NA	NA
rs113001570	NA	NA	NA	NA	NA	NA	NA	NA	NA	NA	NA
rs632811	NA	NA	NA	NA	NA	NA	NA	NA	NA	NA	NA
rs4887093	NA	NA	NA	NA	NA	NA	NA	NA	NA	NA	NA
rs59208569	NA	NA	NA	NA	NA	NA	NA	NA	NA	NA	NA
rs1737894	NA	NA	NA	NA	NA	NA	NA	NA	NA	NA	NA
