$`Main MR results`
       Exposure       MR Analysis Causal Estimate         Sd   T-stat
1 beta.exposure               Raw      0.07270818 0.05138923 1.414852
2 beta.exposure Outlier-corrected      0.08236168 0.04866825 1.692308
     P-value
1 0.16038124
2 0.09389949

$`MR-PRESSO results`
$`MR-PRESSO results`$`Global Test`
$`MR-PRESSO results`$`Global Test`$RSSobs
[1] 173.8434

$`MR-PRESSO results`$`Global Test`$Pvalue
[1] "<1e-04"


$`MR-PRESSO results`$`Outlier Test`
         RSSobs  Pvalue
1  5.288250e-05       1
2  1.299101e-05       1
3  2.543309e-04       1
4  3.393965e-04       1
5  1.077039e-04       1
6  2.198975e-04       1
7  2.396175e-03       1
8  2.978997e-04       1
9  2.810418e-05       1
10 1.283488e-04       1
11 3.241550e-03       1
12 1.226574e-03  0.5856
13 3.890666e-04       1
14 6.205092e-06       1
15 2.997722e-05       1
16 1.565753e-05       1
17 8.945878e-04       1
18 1.907597e-04       1
19 5.157771e-05       1
20 3.060302e-03  0.4032
21 3.659405e-04       1
22 4.814316e-04       1
23 5.110456e-06       1
24 1.076911e-04       1
25 1.220133e-04       1
26 9.567998e-07       1
27 1.077557e-03       1
28 3.861968e-04       1
29 3.235142e-06       1
30 9.502577e-04       1
31 4.109589e-04       1
32 8.040381e-04       1
33 3.232677e-03 <0.0096
34 1.006148e-03  0.8832
35 8.764760e-04       1
36 2.865829e-04       1
37 1.085694e-03       1
38 1.959923e-06       1
39 2.314824e-04       1
40 1.776566e-03    0.24
41 1.343239e-03       1
42 6.431764e-06       1
43 1.310547e-03       1
44 1.963405e-04       1
45 2.491698e-04       1
46 7.084095e-04       1
47 5.422053e-06       1
48 1.394797e-03       1
49 4.871252e-04       1
50 2.538844e-04       1
51 2.093270e-04       1
52 4.901713e-04       1
53 4.912646e-04       1
54 2.240091e-05       1
55 9.290564e-05       1
56 4.480732e-06       1
57 3.009772e-06       1
58 2.078074e-08       1
59 2.458706e-05       1
60 4.793736e-05       1
61 8.382765e-04       1
62 5.822118e-04       1
63 3.605286e-04       1
64 1.343842e-03       1
65 9.379534e-05       1
66 3.481724e-05       1
67 5.213875e-04       1
68 9.230360e-05       1
69 9.856516e-05       1
70 1.172689e-04       1
71 1.119178e-04       1
72 3.473398e-03       1
73 7.784825e-07       1
74 5.731521e-05       1
75 5.009487e-06       1
76 9.295966e-06       1
77 1.082676e-04       1
78 3.563439e-06       1
79 4.345404e-04       1
80 5.364748e-05       1
81 3.953649e-04       1
82 1.105781e-07       1
83 1.083113e-03       1
84 6.600641e-03       1
85 1.058126e-04       1
86 6.439023e-05       1
87 4.178626e-04       1
88 8.892959e-06       1
89 3.195998e-05       1
90 1.188325e-04       1
91 3.248526e-04       1
92 1.159643e-03       1
93 1.207550e-07       1
94 1.874835e-04       1
95 2.128918e-04       1
96 1.091514e-04       1

$`MR-PRESSO results`$`Distortion Test`
$`MR-PRESSO results`$`Distortion Test`$`Outliers Indices`
[1] 33

$`MR-PRESSO results`$`Distortion Test`$`Distortion Coefficient`
beta.exposure 
    -11.72086 

$`MR-PRESSO results`$`Distortion Test`$Pvalue
[1] 0.8469



