SNP	CHROM	POS	REF	ALT	AF	BETA	SE	Z	P	N	TRAIT
rs10789062	1	58914980	T	C	0.7906	-0.022	0.09	-0.244444	0.8067	4046	Neuritic_Plaques_Any
rs10191160	2	224802504	A	G	0.1726	-0.1575	0.1125	-1.4	0.1616	4046	Neuritic_Plaques_Any
rs579837	3	7009205	C	T	0.0906	-0.0345	0.1453	-0.23743977976600136	0.8121	4046	Neuritic_Plaques_Any
rs78323057	NA	NA	NA	NA	NA	NA	NA	NA	NA	NA	NA
rs1229984	4	100239319	T	C	0.9558	-0.0041	0.2024	-0.0202569	0.9839	4046	Neuritic_Plaques_Any
rs147909804	NA	NA	NA	NA	NA	NA	NA	NA	NA	NA	NA
rs1028427	6	52383676	G	A	0.2944	-0.0866	0.0781	-1.1088348271446862	0.2675	4046	Neuritic_Plaques_Any
rs111312143	8	66500288	C	A	0.0568	0.1589	0.1982	0.8017154389505551	0.4226	4046	Neuritic_Plaques_Any
rs4590429	8	69409738	T	C	0.3995	-0.037	0.0737	-0.502035	0.6161	4046	Neuritic_Plaques_Any
rs2006682	NA	NA	NA	NA	NA	NA	NA	NA	NA	NA	NA
rs13296886	NA	NA	NA	NA	NA	NA	NA	NA	NA	NA	NA
rs79171978	NA	NA	NA	NA	NA	NA	NA	NA	NA	NA	NA
rs9571413	NA	NA	NA	NA	NA	NA	NA	NA	NA	NA	NA
rs187025437	NA	NA	NA	NA	NA	NA	NA	NA	NA	NA	NA
rs870089	NA	NA	NA	NA	NA	NA	NA	NA	NA	NA	NA
rs77694582	14	102895904	G	A	0.0343	0.1854	0.2202	0.8419618528610354	0.3998	4046	Neuritic_Plaques_Any
rs56328486	16	17406306	C	T	0.1261	0.0431	0.1236	0.34870550161812297	0.7272	4046	Neuritic_Plaques_Any
rs7240201	18	8509783	C	T	0.2581	0.0899	0.0872	1.0309633027522935	0.3021	4046	Neuritic_Plaques_Any
rs8088633	18	72946216	G	A	0.0302	-0.109	0.22899999999999998	-0.47598253275109176	0.6341	4046	Neuritic_Plaques_Any
rs5768156	22	48314463	G	A	0.387	0.0589	0.0735	0.8013605442176871	0.423	4046	Neuritic_Plaques_Any
