$`Main MR results`
       Exposure       MR Analysis Causal Estimate           Sd    T-stat
1 beta.exposure               Raw    1.130347e-04 0.0002573858 0.4391645
2 beta.exposure Outlier-corrected    7.193471e-05 0.0002517026 0.2857925
    P-value
1 0.6607843
2 0.7751884

$`MR-PRESSO results`
$`MR-PRESSO results`$`Global Test`
$`MR-PRESSO results`$`Global Test`$RSSobs
[1] 540.7477

$`MR-PRESSO results`$`Global Test`$Pvalue
[1] "<4e-05"


$`MR-PRESSO results`$`Outlier Test`
          RSSobs   Pvalue
1   1.283532e-06        1
2   4.589404e-07        1
3   7.782980e-07        1
4   8.298824e-10        1
5   6.370176e-06  0.56592
6   3.905212e-07        1
7   4.217282e-06        1
8   5.116925e-07        1
9   3.338654e-06        1
10  3.779333e-07        1
11  1.160037e-07        1
12  1.004045e-05        1
13  7.193137e-09        1
14  3.935112e-07        1
15  6.866845e-08        1
16  2.198425e-06        1
17  7.830659e-07        1
18  4.785957e-08        1
19  1.280731e-08        1
20  7.874550e-08        1
21  1.487680e-07        1
22  8.381313e-07        1
23  3.549733e-06        1
24  3.239865e-08        1
25  1.474404e-06        1
26  8.500026e-07        1
27  6.744915e-07        1
28  1.247717e-06        1
29  1.999661e-06        1
30  2.321111e-07        1
31  1.392139e-08        1
32  2.445709e-06        1
33  2.654012e-10        1
34  2.522490e-10        1
35  1.921561e-08        1
36  1.583928e-06        1
37  4.303752e-07        1
38  3.197234e-06        1
39  1.271849e-06        1
40  3.191028e-06        1
41  1.810301e-06        1
42  2.201267e-06        1
43  5.561733e-07        1
44  2.031661e-06        1
45  1.452319e-07        1
46  2.309170e-07        1
47  3.371008e-07        1
48  1.033455e-06        1
49  4.746641e-08        1
50  3.492827e-08        1
51  4.793790e-08        1
52  3.380724e-07        1
53  5.000996e-08        1
54  8.263116e-06        1
55  3.911277e-06        1
56  2.643471e-07        1
57  1.379175e-06        1
58  3.830968e-07        1
59  6.641676e-10        1
60  9.863344e-08        1
61  4.328372e-07        1
62  7.849421e-07        1
63  4.716393e-07        1
64  4.709252e-07        1
65  3.377686e-07        1
66  6.696219e-07        1
67  1.499144e-08        1
68  9.801451e-07        1
69  2.271532e-07        1
70  3.300339e-06        1
71  3.232569e-08        1
72  1.561483e-06        1
73  1.487825e-07        1
74  1.745106e-08        1
75  3.926060e-06        1
76  1.124734e-06        1
77  3.433741e-07        1
78  1.878748e-07        1
79  1.536720e-08        1
80  7.335134e-08        1
81  8.397662e-07        1
82  8.539521e-07        1
83  9.910606e-08        1
84  1.832778e-07        1
85  5.029568e-08        1
86  5.748403e-05 <0.01572
87  1.027803e-07        1
88  1.735040e-07        1
89  2.659794e-06        1
90  8.444986e-07        1
91  5.239434e-07        1
92  4.675511e-07        1
93  1.389402e-08        1
94  9.705816e-07        1
95  3.374780e-07        1
96  5.818956e-08        1
97  5.186429e-07        1
98  1.645325e-06        1
99  3.194236e-05        1
100 1.355331e-06        1
101 3.967125e-07        1
102 2.621431e-06        1
103 1.907816e-05        1
104 2.713209e-06        1
105 4.440328e-07        1
106 1.089928e-06        1
107 3.887871e-07        1
108 1.038411e-07        1
109 1.804787e-07        1
110 1.766662e-07        1
111 3.037495e-06        1
112 3.400889e-08        1
113 9.912091e-08        1
114 3.726789e-06        1
115 7.782631e-07        1
116 6.879383e-07        1
117 9.672158e-07        1
118 1.110946e-07        1
119 2.653331e-07        1
120 2.933798e-07        1
121 2.083687e-08        1
122 1.250216e-06        1
123 2.430269e-06        1
124 3.524719e-06        1
125 6.679466e-09        1
126 2.138347e-07        1
127 2.509509e-06        1
128 1.281717e-05  0.33012
129 6.199827e-07        1
130 2.344731e-07        1
131 8.557271e-07        1
132 2.884572e-10        1
133 1.655665e-06        1
134 9.656262e-07        1
135 3.772953e-07        1
136 2.520844e-06        1
137 1.311812e-08        1
138 2.653711e-07        1
139 4.696327e-08        1
140 1.059194e-06        1
141 1.867203e-06        1
142 3.388328e-06        1
143 2.329841e-07        1
144 3.084733e-07        1
145 6.005504e-07        1
146 1.055584e-06        1
147 3.705945e-06        1
148 3.518379e-10        1
149 5.913797e-08        1
150 2.632434e-06        1
151 6.646860e-07        1
152 6.023984e-07        1
153 1.454413e-07        1
154 3.325346e-08        1
155 2.365366e-07        1
156 1.748097e-06        1
157 2.475102e-06        1
158 3.152451e-07        1
159 6.066397e-07        1
160 1.031155e-06        1
161 9.697367e-07        1
162 2.652316e-07        1
163 4.347836e-06        1
164 1.390497e-08        1
165 1.728549e-07        1
166 4.596502e-10        1
167 5.905842e-07        1
168 1.244185e-06        1
169 5.301534e-07        1
170 3.396739e-08        1
171 6.134754e-07        1
172 1.333740e-08        1
173 2.372769e-07        1
174 7.766922e-07        1
175 1.764669e-10        1
176 7.997011e-08        1
177 8.036271e-08        1
178 7.827612e-07        1
179 1.452326e-07        1
180 6.652302e-07        1
181 3.700882e-06        1
182 1.163952e-06        1
183 7.786423e-08        1
184 2.367896e-07        1
185 1.739720e-05        1
186 7.786151e-07        1
187 3.028637e-06        1
188 6.156781e-06        1
189 6.713336e-07        1
190 1.898132e-06        1
191 1.651838e-06        1
192 1.361777e-07        1
193 2.314181e-07        1
194 7.830589e-08        1
195 2.715886e-06        1
196 3.240645e-07        1
197 6.149778e-07        1
198 6.678536e-06        1
199 4.551404e-08        1
200 2.655967e-10        1
201 4.674894e-08        1
202 1.649611e-06        1
203 7.466180e-09        1
204 2.660580e-07        1
205 3.833710e-07        1
206 6.176918e-09        1
207 6.847856e-09        1
208 4.708584e-07        1
209 1.089569e-06        1
210 4.674975e-07        1
211 7.491270e-09        1
212 3.438992e-07        1
213 2.357327e-06        1
214 4.613166e-08        1
215 2.022046e-06        1
216 1.263703e-06        1
217 9.703116e-07        1
218 2.373991e-07        1
219 4.714466e-07        1
220 3.795872e-07        1
221 3.420360e-07        1
222 6.055299e-07        1
223 5.181094e-08        1
224 8.647081e-07        1
225 1.656376e-08        1
226 1.400840e-06        1
227 1.468243e-07        1
228 1.055334e-06        1
229 1.376039e-08        1
230 5.166314e-07        1
231 3.106861e-08        1
232 1.735552e-07        1
233 6.667762e-07        1
234 3.462131e-08        1
235 8.468443e-07        1
236 2.328268e-06        1
237 2.505467e-06        1
238 2.335143e-07        1
239 1.049236e-06        1
240 6.182183e-07        1
241 1.830416e-07        1
242 5.987256e-09        1
243 9.551075e-07        1
244 2.173427e-07        1
245 1.089016e-07        1
246 4.660140e-08        1
247 5.185195e-08        1
248 2.684401e-06        1
249 4.558066e-07        1
250 2.514395e-06        1
251 3.948996e-06        1
252 3.731001e-06        1
253 1.254172e-06        1
254 5.381039e-07        1
255 7.733340e-07        1
256 2.033674e-06        1
257 3.515053e-06        1
258 2.986376e-06        1
259 3.166631e-06        1
260 1.033558e-07        1
261 7.778095e-08        1
262 7.642832e-07        1
263 9.901197e-06        1
264 3.847367e-07        1
265 3.509275e-08        1
266 3.434865e-08        1
267 8.447292e-07        1
268 2.521853e-06        1
269 2.422955e-06        1
270 1.881932e-07        1
271 1.475997e-07        1
272 4.573497e-07        1
273 1.907728e-06        1
274 2.623740e-06        1
275 1.727740e-07        1
276 6.541384e-09        1
277 4.800507e-08        1
278 6.879147e-07        1
279 7.795498e-08        1
280 1.338014e-08        1
281 7.395125e-06        1
282 7.807141e-07        1
283 1.481461e-08        1
284 2.187209e-07        1
285 2.669843e-06        1
286 2.823802e-06        1
287 6.678837e-07        1
288 9.593476e-07        1
289 4.141278e-06        1
290 6.626403e-07        1
291 2.651176e-07        1
292 6.161926e-07        1
293 1.757622e-07        1
294 2.200027e-06        1
295 1.525526e-06        1
296 9.760034e-07        1
297 2.844407e-06        1
298 7.054231e-10        1
299 2.795452e-07        1
300 5.298719e-07        1
301 7.740742e-08        1
302 9.818353e-06        1
303 8.371046e-07        1
304 2.611797e-06        1
305 4.160403e-07        1
306 8.744903e-07        1
307 2.354717e-06        1
308 2.643089e-06        1
309 4.670330e-07        1
310 1.774946e-07        1
311 1.195597e-07        1
312 2.849007e-06        1
313 1.355113e-08        1
314 6.168133e-07        1
315 3.285338e-08        1
316 1.439937e-07        1
317 1.750765e-07        1
318 2.100227e-08        1
319 4.125267e-06        1
320 1.360603e-07        1
321 9.661602e-07        1
322 1.054255e-06        1
323 1.827763e-09        1
324 4.992058e-06        1
325 4.754405e-06        1
326 3.687092e-06        1
327 2.181462e-06        1
328 7.835079e-07        1
329 1.365158e-06        1
330 4.749849e-06        1
331 9.920285e-08        1
332 6.078376e-07        1
333 5.996217e-07        1
334 1.011280e-05        1
335 1.447562e-07        1
336 3.408958e-08        1
337 2.384330e-06        1
338 2.334946e-07        1
339 3.165730e-06        1
340 2.327883e-07        1
341 3.330441e-08        1
342 8.061252e-06        1
343 3.823485e-07        1
344 9.673104e-07        1
345 1.331940e-07        1
346 2.840999e-06        1
347 2.094843e-06        1
348 1.636675e-06        1
349 9.195924e-06        1
350 1.410431e-06        1
351 5.943983e-07        1
352 1.805282e-06        1
353 3.934121e-06        1
354 8.037546e-05  0.53448
355 2.498572e-06        1
356 5.477337e-06        1
357 1.504467e-08        1
358 6.815042e-07        1
359 8.020834e-08        1
360 3.394221e-07        1
361 2.630109e-06        1
362 3.787475e-07        1
363 6.535995e-06        1
364 4.912444e-08        1
365 2.300550e-06        1
366 7.815193e-07        1
367 7.489338e-09        1
368 8.043540e-08        1
369 8.381792e-07        1
370 8.149656e-08        1
371 4.063744e-06        1
372 2.698706e-07        1
373 2.946953e-08        1
374 1.282406e-05        1
375 1.788874e-06        1
376 1.488259e-07        1
377 2.196845e-06        1
378 1.486810e-06        1
379 2.350251e-07        1
380 1.507707e-06        1
381 3.279013e-07        1
382 2.009567e-06        1
383 6.059094e-07        1
384 3.891155e-07        1
385 1.401812e-06        1
386 4.304846e-06        1
387 2.996216e-07        1
388 1.491137e-08        1
389 1.436393e-08        1
390 2.517936e-06        1
391 2.617959e-06        1
392 1.775508e-06        1
393 1.063786e-07        1

$`MR-PRESSO results`$`Distortion Test`
$`MR-PRESSO results`$`Distortion Test`$`Outliers Indices`
[1] 86

$`MR-PRESSO results`$`Distortion Test`$`Distortion Coefficient`
beta.exposure 
     57.13516 

$`MR-PRESSO results`$`Distortion Test`$Pvalue
[1] 0.71332



