$`Main MR results`
       Exposure       MR Analysis Causal Estimate        Sd     T-stat  P-value
1 beta.exposure               Raw     -0.02417387 0.1338838 -0.1805586 0.856779
2 beta.exposure Outlier-corrected              NA        NA         NA       NA

$`MR-PRESSO results`
$`MR-PRESSO results`$`Global Test`
$`MR-PRESSO results`$`Global Test`$RSSobs
[1] 701.3761

$`MR-PRESSO results`$`Global Test`$Pvalue
[1] 8e-05


$`MR-PRESSO results`$`Outlier Test`
          RSSobs  Pvalue
1   5.696171e-04       1
2   1.732609e-03       1
3   2.573223e-05       1
4   3.963021e-04       1
5   4.295259e-04       1
6   8.114777e-05       1
7   8.541527e-04       1
8   7.194700e-04       1
9   1.784977e-07       1
10  1.322854e-04       1
11  2.868062e-05       1
12  6.869847e-05       1
13  3.924776e-04       1
14  2.023131e-04       1
15  4.061456e-04       1
16  2.638605e-04       1
17  6.719345e-04       1
18  7.439545e-04       1
19  5.478759e-05       1
20  3.609390e-04       1
21  1.321242e-04       1
22  1.183231e-05       1
23  5.611833e-05       1
24  5.819340e-05       1
25  1.277396e-03       1
26  1.181814e-05       1
27  1.087796e-05       1
28  7.025633e-04       1
29  1.545396e-03       1
30  1.553337e-05       1
31  1.892798e-03       1
32  6.401220e-04       1
33  1.055176e-04       1
34  1.956993e-04       1
35  9.574778e-08       1
36  1.636876e-04       1
37  4.861645e-05       1
38  5.439196e-07       1
39  2.371064e-04       1
40  4.906895e-04       1
41  8.500582e-04       1
42  6.771968e-05       1
43  1.192683e-03       1
44  1.164209e-03       1
45  1.077999e-04       1
46  7.240295e-05       1
47  5.586355e-05       1
48  9.181977e-05       1
49  5.541642e-04       1
50  1.346826e-04       1
51  6.355911e-06       1
52  2.615912e-05       1
53  4.481137e-06       1
54  4.542788e-04       1
55  1.352119e-04       1
56  1.530102e-03       1
57  4.281465e-05       1
58  5.112808e-04       1
59  2.040568e-04       1
60  3.095194e-04       1
61  6.024681e-04       1
62  2.288398e-03       1
63  1.637116e-05       1
64  1.748112e-03       1
65  5.805932e-04       1
66  6.930980e-06       1
67  5.283970e-06       1
68  1.262679e-04       1
69  1.067118e-03       1
70  8.068917e-04       1
71  1.183542e-04       1
72  8.645152e-05       1
73  1.188437e-04       1
74  6.182018e-04       1
75  4.447926e-04       1
76  4.972042e-04       1
77  1.040923e-03       1
78  2.653933e-03       1
79  6.505975e-04       1
80  1.470105e-03       1
81  1.384786e-06       1
82  2.060935e-04       1
83  2.627596e-04       1
84  2.623999e-04       1
85  8.069403e-05       1
86  2.192580e-06       1
87  4.279976e-04       1
88  2.028637e-03       1
89  5.226565e-05       1
90  4.129738e-04       1
91  1.836927e-04       1
92  3.720913e-04       1
93  1.213063e-03       1
94  2.832178e-05       1
95  1.334702e-05       1
96  2.088954e-04       1
97  9.046746e-05       1
98  1.082767e-06       1
99  1.429277e-05       1
100 1.372191e-03       1
101 3.054107e-05       1
102 5.610696e-05       1
103 5.591507e-05       1
104 2.558652e-04       1
105 1.046065e-08       1
106 3.736425e-05       1
107 1.822035e-04       1
108 7.410106e-05       1
109 2.901494e-05       1
110 6.427422e-05       1
111 4.889421e-04       1
112 3.822768e-05       1
113 4.849415e-06       1
114 3.872533e-05       1
115 5.755335e-04       1
116 1.337161e-04       1
117 7.495587e-05       1
118 1.024365e-04       1
119 1.399124e-04       1
120 3.534623e-06       1
121 9.493076e-05       1
122 3.243361e-05       1
123 5.987354e-05       1
124 1.467596e-04       1
125 3.535687e-07       1
126 1.903898e-04       1
127 5.935308e-05       1
128 1.586488e-07       1
129 2.149632e-05       1
130 3.558848e-03 0.27072
131 2.773368e-04       1
132 4.503729e-05       1
133 6.776418e-06       1
134 1.931835e-05       1
135 3.522615e-04       1
136 7.653935e-09       1
137 2.573234e-03       1
138 1.447926e-04       1
139 3.285074e-05       1
140 2.799234e-05       1
141 1.117934e-05       1
142 3.793637e-05       1
143 7.848762e-05       1
144 8.037855e-03       1
145 1.391041e-03       1
146 5.903895e-06       1
147 9.436730e-05       1
148 1.639846e-03       1
149 1.400416e-03       1
150 1.178437e-04       1
151 5.963582e-06       1
152 7.621290e-08       1
153 4.797955e-04       1
154 3.764606e-03       1
155 6.271230e-05       1
156 5.467278e-05       1
157 4.416766e-06       1
158 1.611091e-03       1
159 3.805670e-04       1
160 1.283819e-03       1
161 5.696143e-05       1
162 1.141330e-04       1
163 1.321626e-05       1
164 3.254805e-04       1
165 4.261291e-04       1
166 1.508477e-04       1
167 6.821027e-05       1
168 1.170471e-03       1
169 7.509334e-05       1
170 4.505783e-03       1
171 8.320415e-06       1
172 1.679744e-05       1
173 1.584677e-03       1
174 9.985269e-04       1
175 1.339465e-03       1
176 2.481893e-03 0.42864
177 3.093354e-05       1
178 5.417195e-05       1
179 1.443546e-04       1
180 1.554724e-04       1
181 1.330298e-04       1
182 7.052881e-04       1
183 1.393524e-04       1
184 2.688337e-04       1
185 3.779286e-05       1
186 1.083252e-03       1
187 1.425394e-03       1
188 4.958271e-04       1
189 7.296654e-05       1
190 7.846726e-04       1
191 2.491888e-04       1
192 6.200465e-03       1
193 1.188056e-04       1
194 5.827710e-05       1
195 7.356053e-04       1
196 2.939376e-05       1
197 6.589581e-04       1
198 1.334694e-03       1
199 2.584486e-04       1
200 6.355914e-05       1
201 1.436176e-05       1
202 4.707039e-05       1
203 6.361306e-04       1
204 9.999448e-05       1
205 1.130417e-04       1
206 4.118569e-04       1
207 1.315551e-06       1
208 3.341875e-05       1
209 1.396764e-04       1
210 8.514740e-05       1
211 1.197609e-04       1
212 2.322405e-04       1
213 1.023417e-03       1
214 1.226164e-05       1
215 2.136442e-05       1
216 3.962216e-05       1
217 2.014099e-05       1
218 1.574076e-05       1
219 2.695216e-04       1
220 1.071665e-04       1
221 3.081524e-05       1
222 1.687685e-06       1
223 8.689473e-05       1
224 4.030657e-04       1
225 2.421800e-04       1
226 5.025705e-05       1
227 5.260096e-05       1
228 2.977312e-05       1
229 1.704889e-04       1
230 3.090049e-04       1
231 3.778118e-06       1
232 5.171973e-05       1
233 2.475503e-05       1
234 2.709962e-04       1
235 6.435452e-04       1
236 1.734365e-03       1
237 2.432966e-04       1
238 1.805278e-05       1
239 1.021639e-04       1
240 5.708929e-05       1
241 1.909571e-04       1
242 7.397198e-04       1
243 3.112068e-06       1
244 5.907487e-05       1
245 1.098343e-03       1
246 4.121293e-06       1
247 4.900790e-04       1
248 2.642709e-04       1
249 3.051964e-04       1
250 5.714554e-04       1
251 5.714603e-09       1
252 6.242734e-05       1
253 1.663899e-04       1
254 6.083196e-05       1
255 1.146741e-04       1
256 2.833383e-08       1
257 5.470331e-04       1
258 2.002570e-03       1
259 9.979635e-05       1
260 8.664215e-05       1
261 2.541124e-05       1
262 3.773324e-04       1
263 2.229857e-04       1
264 3.090338e-06       1
265 4.002333e-05       1
266 1.094263e-02       1
267 5.526041e-04       1
268 8.966722e-06       1
269 4.967609e-04       1
270 1.342468e-03       1
271 7.752644e-04       1
272 7.650118e-04       1
273 6.996479e-05       1
274 2.184805e-02       1
275 9.564042e-05       1
276 4.695109e-04       1
277 8.651248e-08       1
278 7.259375e-06       1
279 3.073747e-04       1
280 7.392219e-04       1
281 1.982007e-04       1
282 1.787118e-03       1
283 8.086723e-05       1
284 1.649414e-03       1
285 9.737817e-06       1
286 1.361259e-03       1
287 2.765975e-04       1
288 4.362910e-04       1
289 8.488069e-04       1
290 8.538264e-06       1
291 7.798251e-04       1
292 1.225876e-03       1
293 8.563762e-05       1
294 3.342351e-05       1
295 3.605735e-06       1
296 5.178690e-05       1
297 8.578557e-06       1
298 1.706153e-04       1
299 8.750749e-05       1
300 3.735968e-06       1
301 4.790884e-06       1
302 2.221358e-04       1
303 4.619146e-04       1
304 5.106063e-04       1
305 5.343722e-04       1
306 3.518612e-04       1
307 2.885458e-04       1
308 8.420908e-06       1
309 1.099731e-04       1
310 3.969339e-04       1
311 2.567610e-06       1
312 4.842755e-04       1
313 1.361967e-04       1
314 1.084862e-03       1
315 9.428957e-04       1
316 2.869968e-06       1
317 4.477917e-05       1
318 3.571558e-05       1
319 6.241013e-04       1
320 1.904881e-05       1
321 3.881186e-05       1
322 3.481672e-05       1
323 2.149277e-03 0.72192
324 4.283531e-06       1
325 1.514047e-05       1
326 1.709416e-04       1
327 1.641174e-04       1
328 2.032003e-03       1
329 3.119566e-05       1
330 5.012572e-05       1
331 2.586324e-06       1
332 2.770025e-04       1
333 3.429895e-04       1
334 1.433580e-04       1
335 2.631881e-04       1
336 1.840413e-04       1
337 3.845311e-04       1
338 1.111581e-05       1
339 1.041113e-04       1
340 6.240841e-07       1
341 9.676630e-06       1
342 3.542418e-05       1
343 8.697354e-05       1
344 3.080813e-04       1
345 3.739412e-04       1
346 1.230699e-05       1
347 3.275707e-04       1
348 2.336143e-04       1
349 1.286352e-03       1
350 8.390828e-04       1
351 4.933319e-10       1
352 1.454539e-06       1
353 1.666225e-03       1
354 1.166020e-03       1
355 1.277958e-03       1
356 5.603286e-04       1
357 1.617587e-04       1
358 3.238838e-04       1
359 7.536102e-04       1
360 6.510342e-05       1
361 1.456361e-04       1
362 5.617054e-04       1
363 6.657515e-06       1
364 3.570705e-04       1
365 8.985120e-06       1
366 1.870149e-03       1
367 4.326718e-05       1
368 3.825619e-04       1
369 3.695431e-04       1
370 1.157932e-03       1
371 3.463571e-04       1
372 3.738717e-04       1
373 3.302542e-04       1
374 1.921890e-03       1
375 7.584904e-05       1
376 2.193210e-05       1
377 1.233869e-03       1
378 9.078025e-04       1
379 7.286094e-06       1
380 2.106805e-04       1
381 6.680683e-04       1
382 9.380037e-05       1
383 5.290667e-04       1
384 9.992858e-06       1
385 3.467454e-04       1
386 2.255266e-04       1
387 7.105498e-04       1
388 8.079575e-04       1
389 3.672142e-04       1
390 4.979495e-04       1
391 1.057315e-04       1
392 3.613446e-04       1
393 5.137052e-04       1
394 3.121645e-04       1
395 6.388925e-04       1
396 1.014733e-03       1
397 5.959531e-05       1
398 6.641009e-07       1
399 2.435758e-04       1
400 3.478056e-04       1
401 7.825763e-06       1
402 3.121584e-11       1
403 2.795376e-04       1
404 4.167462e-04       1
405 5.496587e-05       1
406 1.946255e-05       1
407 2.943552e-05       1
408 4.406757e-07       1
409 1.464534e-04       1
410 8.294424e-05       1
411 7.365261e-04       1
412 7.359166e-04       1
413 2.368593e-03  0.9024
414 5.550968e-04       1
415 4.417209e-04       1
416 1.531692e-06       1
417 1.907054e-04       1
418 2.551313e-06       1
419 2.028521e-06       1
420 7.611982e-04       1
421 1.901879e-03       1
422 9.423339e-07       1
423 8.783474e-04       1
424 3.247162e-05       1
425 3.920017e-05       1
426 7.494466e-05       1
427 3.552529e-04       1
428 2.214676e-04       1
429 1.321191e-04       1
430 1.034530e-03       1
431 8.852817e-05       1
432 5.768466e-06       1
433 2.310451e-04       1
434 1.420745e-04       1
435 1.686080e-05       1
436 3.127875e-04       1
437 1.412903e-04       1
438 2.695415e-04       1
439 1.061293e-04       1
440 3.397583e-04       1
441 9.314802e-04       1
442 2.041175e-04       1
443 7.045556e-05       1
444 2.970001e-05       1
445 1.122582e-03       1
446 7.559656e-05       1
447 2.623011e-03       1
448 5.391585e-05       1
449 2.123989e-05       1
450 6.183643e-06       1
451 5.489467e-04       1
452 2.601521e-04       1
453 8.715138e-05       1
454 6.111163e-04       1
455 6.477901e-05       1
456 7.579164e-04       1
457 4.682050e-04       1
458 4.983546e-03       1
459 4.714991e-04       1
460 3.901057e-04       1
461 7.988063e-04       1
462 1.031438e-03       1
463 5.107660e-04       1
464 1.288287e-05       1
465 2.143612e-03       1
466 4.949352e-03       1
467 1.212893e-06       1
468 1.895247e-04       1
469 1.826692e-04       1
470 4.818341e-04       1
471 1.488915e-04       1
472 3.944730e-04       1
473 9.841066e-04       1
474 4.623664e-04       1
475 4.247319e-04       1
476 4.433939e-03       1
477 3.341911e-05       1
478 1.056831e-03       1
479 1.199012e-03       1
480 4.367556e-04       1
481 8.220106e-06       1
482 2.046405e-04       1
483 2.457770e-04       1
484 4.414515e-04       1
485 1.955122e-04       1
486 2.287432e-06       1
487 5.705564e-05       1
488 2.257186e-05       1
489 1.236559e-05       1
490 1.117542e-02       1
491 1.851816e-05       1
492 6.315375e-04       1
493 5.364346e-06       1
494 5.687270e-04       1
495 3.541947e-04       1
496 3.240628e-07       1
497 1.651421e-03       1
498 4.461712e-04       1
499 5.357913e-04       1
500 9.308526e-04       1
501 2.343788e-04       1
502 5.188747e-04       1
503 5.964390e-04       1
504 1.167190e-06       1
505 7.423013e-04       1
506 4.587063e-04       1
507 5.422653e-04       1
508 8.352137e-04       1
509 7.577301e-05       1
510 6.257840e-04       1
511 2.056708e-04       1
512 2.855559e-04       1
513 2.372746e-04       1
514 3.604020e-05       1
515 5.244933e-04       1
516 5.042052e-05       1
517 6.109235e-04       1
518 9.800537e-05       1
519 1.079962e-05       1
520 7.087270e-06       1
521 2.857793e-05       1
522 5.353505e-05       1
523 5.090250e-04       1
524 3.901631e-08       1
525 8.325426e-04       1
526 3.904263e-07       1
527 2.825393e-06       1
528 8.127441e-04       1
529 4.531509e-06       1
530 1.738927e-04       1
531 5.696785e-05       1
532 2.177894e-04       1
533 1.126853e-04       1
534 4.572214e-06       1
535 2.281838e-05       1
536 2.948555e-04       1
537 7.134684e-04       1
538 7.732511e-04       1
539 5.031799e-05       1
540 8.993350e-05       1
541 2.344709e-04       1
542 8.882102e-06       1
543 3.922308e-05       1
544 6.060683e-05       1
545 1.819955e-05       1
546 1.776877e-04       1
547 2.517960e-04       1
548 8.600040e-06       1
549 8.820593e-05       1
550 3.337565e-05       1
551 7.519093e-05       1
552 8.506427e-04       1
553 2.435048e-05       1
554 2.199485e-10       1
555 6.295981e-05       1
556 2.367285e-04       1
557 3.690296e-04       1
558 2.000635e-03       1
559 9.631274e-04       1
560 4.654412e-06       1
561 6.343748e-06       1
562 3.452761e-04       1
563 2.223538e-06       1
564 8.132560e-05       1

$`MR-PRESSO results`$`Distortion Test`
$`MR-PRESSO results`$`Distortion Test`$`Outliers Indices`
[1] "No significant outliers"

$`MR-PRESSO results`$`Distortion Test`$`Distortion Coefficient`
[1] NA

$`MR-PRESSO results`$`Distortion Test`$Pvalue
[1] NA



