SNP	CHROM	POS	REF	ALT	AF	BETA	SE	Z	P	N	TRAIT
rs12136689	1	8601118	A	C	0.319964	0.002327	0.0057280000000000005	0.40625	0.6845	3146	CSF_ab42
rs35619052	NA	NA	NA	NA	NA	NA	NA	NA	NA	NA	NA
rs10917515	NA	NA	NA	NA	NA	NA	NA	NA	NA	NA	NA
rs116362708	1	75930314	G	A	0.0214623	0.0072180000000000005	0.014740000000000001	0.4896879240162822	0.6244	3146	CSF_ab42
rs6576884	1	87709646	C	G	0.763053	0.004396	0.006487000000000001	0.677663	0.4981	3146	CSF_ab42
rs113389356	1	91085397	G	A	0.132807	0.003961999999999999	0.009651999999999999	0.41048487360132613	0.6815	3146	CSF_ab42
rs6697362	1	115236579	A	T	0.727157	-0.002912	0.0063560000000000005	-0.45815	0.6469	3146	CSF_ab42
rs145252437	NA	NA	NA	NA	NA	NA	NA	NA	NA	NA	NA
rs10911105	1	182601372	A	T	0.0285143	0.001541	0.01967	0.07834265378749365	0.9376	3146	CSF_ab42
rs71637264	NA	NA	NA	NA	NA	NA	NA	NA	NA	NA	NA
rs12032342	1	243834360	G	A	0.182057	-0.007382	0.0073219999999999995	-1.008194482381863	0.3135	3146	CSF_ab42
rs1463979	2	22570074	A	G	0.390262	-0.008841	0.005517	-1.6025013594344752	0.1091	3146	CSF_ab42
rs938023	2	36190122	C	A	0.699163	-0.001724	0.005879	-0.293247	0.7694	3146	CSF_ab42
rs10490220	2	50945777	G	C	0.0901342	-8.552999999999999e-4	0.008772	-0.09750341997264021	0.9223	3146	CSF_ab42
rs6430286	2	148834364	G	A	0.401342	-0.011359999999999999	0.005332	-2.1305326331582894	0.033139999999999996	3146	CSF_ab42
rs4507102	2	152488677	A	T	0.295572	-0.002165	0.005843	-0.37052883792572305	0.711	3146	CSF_ab42
rs115848509	2	167230994	T	A	0.0625	0.02893	0.017519999999999997	1.6512557077625574	0.09891	3146	CSF_ab42
rs137975658	NA	NA	NA	NA	NA	NA	NA	NA	NA	NA	NA
rs74338595	2	212749786	T	C	0.245917	0.01114	0.006418999999999999	1.7354728150802308	0.08282	3146	CSF_ab42
rs4233997	2	215379188	G	A	0.382588	5.078e-4	0.005563	0.09128168254538917	0.9273	3146	CSF_ab42
rs6715064	2	220041928	C	T	0.31984	0.003511	0.005783	0.6071243299325609	0.5438	3146	CSF_ab42
rs6737187	2	226360417	G	A	0.339441	-6.03e-4	0.0058590000000000005	-0.10291858678955453	0.9179999999999999	3146	CSF_ab42
rs77020450	NA	NA	NA	NA	NA	NA	NA	NA	NA	NA	NA
rs895941	3	16846216	A	C	0.301708	0.004299	0.0059770000000000005	0.7192571524176007	0.4721	3146	CSF_ab42
rs9586	3	49213637	C	T	0.785507	-3.834e-4	0.006497	-0.0590119	0.9529	3146	CSF_ab42
rs1167248	NA	NA	NA	NA	NA	NA	NA	NA	NA	NA	NA
rs6774035	3	80461975	T	C	0.441188	-0.008355	0.005372999999999999	-1.5549972082635402	0.1201	3146	CSF_ab42
rs4465966	3	82009703	A	G	0.553195	0.007018	0.005418	1.29531	0.1954	3146	CSF_ab42
rs4859144	3	182624759	C	T	0.327953	-0.0026920000000000004	0.0056689999999999996	-0.4748632915858177	0.6349	3146	CSF_ab42
rs170035	NA	NA	NA	NA	NA	NA	NA	NA	NA	NA	NA
rs77087420	4	123122856	A	G	0.062568	0.0119	0.01218	0.9770114942528736	0.3285	3146	CSF_ab42
rs56392095	5	24234601	G	T	0.454909	0.002682	0.005871	0.456821665815023	0.6479	3146	CSF_ab42
rs1019762	5	79029594	T	C	0.171756	5.446e-4	0.007390000000000001	0.07369418132611637	0.9413	3146	CSF_ab42
rs30266	5	103972357	G	A	0.323315	-0.006567	0.006267	-1.0478697941598851	0.2948	3146	CSF_ab42
rs248453	NA	NA	NA	NA	NA	NA	NA	NA	NA	NA	NA
rs2069117	5	152244551	A	C	0.668122	0.001967	0.005435	0.361914	0.7174	3146	CSF_ab42
rs11134409	5	165514142	T	C	0.730211	0.001865	0.006981	0.267154	0.7893	3146	CSF_ab42
rs73352630	5	166065998	A	G	0.0879898	-0.023459999999999998	0.01055	-2.2236966824644546	0.0263	3146	CSF_ab42
rs1024993	5	167006009	C	T	0.714026	0.01251	0.005674	2.20479	0.027610000000000003	3146	CSF_ab42
rs751206	5	167408366	A	G	0.18546	-0.007597	0.007228	-1.0510514665190924	0.2933	3146	CSF_ab42
rs139070646	NA	NA	NA	NA	NA	NA	NA	NA	NA	NA	NA
rs10456089	NA	NA	NA	NA	NA	NA	NA	NA	NA	NA	NA
rs114146785	6	28797097	A	G	0.03477	7.525e-4	0.013019999999999999	0.057795698924731194	0.9539	3146	CSF_ab42
rs240113	6	101058886	G	A	0.520705	0.008425	0.005295	1.59112	0.1117	3146	CSF_ab42
rs7770860	6	131186393	T	C	0.395252	0.002448	0.005469	0.44761382336807465	0.6544	3146	CSF_ab42
rs868708	6	163259260	G	A	0.301308	0.0020039999999999997	0.005489	0.36509382401165963	0.7151	3146	CSF_ab42
rs3807866	7	12250378	G	A	0.373498	0.001283	0.005441	0.23580224223488333	0.8135	3146	CSF_ab42
rs4722031	7	21481971	A	T	0.713661	0.001325	0.005797999999999999	0.228527	0.8193	3146	CSF_ab42
rs8180817	7	114047542	G	C	0.471616	4.846e-4	0.0053490000000000005	0.09059637315386053	0.9278	3146	CSF_ab42
rs929295	NA	NA	NA	NA	NA	NA	NA	NA	NA	NA	NA
rs322349	NA	NA	NA	NA	NA	NA	NA	NA	NA	NA	NA
rs13233916	NA	NA	NA	NA	NA	NA	NA	NA	NA	NA	NA
rs7831711	8	21970230	A	C	0.560066	-0.00767	0.005337	-1.43714	0.1508	3146	CSF_ab42
rs4872006	8	22536502	T	C	0.603134	-0.01265	0.005833	-2.1687	0.03025	3146	CSF_ab42
rs7011293	8	33880319	C	T	0.220407	0.002315	0.006412999999999999	0.3609854982067675	0.7182	3146	CSF_ab42
rs77644617	8	129126451	C	T	0.0413043	0.014169999999999999	0.01647	0.8603521554341227	0.3896	3146	CSF_ab42
rs10966061	9	23740210	C	A	0.292515	-0.0057729999999999995	0.005974	-0.9663542015400066	0.3339	3146	CSF_ab42
rs7857710	9	36974620	C	T	0.0949436	-0.005135	0.009275	-0.5536388140161724	0.5798	3146	CSF_ab42
rs773020	NA	NA	NA	NA	NA	NA	NA	NA	NA	NA	NA
rs112624881	NA	NA	NA	NA	NA	NA	NA	NA	NA	NA	NA
rs10992800	9	96373818	G	A	0.477108	0.012459999999999999	0.005521	2.2568375294330734	0.02415	3146	CSF_ab42
rs2149351	9	120501644	T	G	0.785948	0.002932	0.0068390000000000005	0.428718	0.6682	3146	CSF_ab42
rs10984766	9	122657312	A	G	0.465298	-0.005477	0.006537	-0.8378461067768089	0.4022	3146	CSF_ab42
rs1147321	9	125673051	T	G	0.843727	0.005469	0.007289	0.750309	0.4531	3146	CSF_ab42
rs28458909	NA	NA	NA	NA	NA	NA	NA	NA	NA	NA	NA
rs11022762	11	13335926	C	T	0.448163	-0.006881999999999999	0.005429	-1.2676367655185117	0.205	3146	CSF_ab42
rs143864773	11	32765866	T	C	0.0539855	-0.01942	0.01004	-1.9342629482071712	0.05312000000000001	3146	CSF_ab42
rs11605348	11	47606483	G	A	0.383205	-0.01048	0.0056619999999999995	-1.8509360649947015	0.0643	3146	CSF_ab42
rs1966836	11	57982229	A	G	0.648874	-0.002099	0.005695	-0.368569	0.7125	3146	CSF_ab42
rs680914	11	99501982	A	G	0.660968	-0.003716	0.005647	-0.658049	0.5106	3146	CSF_ab42
rs4572147	11	132489333	G	A	0.531525	0.01104	0.005604	1.97002	0.04904	3146	CSF_ab42
rs74757488	12	24200931	G	T	0.198767	-0.0104	0.006675	-1.5580524344569286	0.1192	3146	CSF_ab42
rs73416497	12	112070977	T	A	0.200263	-0.01235	0.007144	-1.728723404255319	0.08386	3146	CSF_ab42
rs11068917	12	118791120	C	A	0.182843	0.008425	0.006919	1.217661511779159	0.2235	3146	CSF_ab42
rs9596054	13	31607186	A	G	0.505296	0.001517	0.005454	0.278144	0.7809	3146	CSF_ab42
rs146715199	NA	NA	NA	NA	NA	NA	NA	NA	NA	NA	NA
rs7997287	NA	NA	NA	NA	NA	NA	NA	NA	NA	NA	NA
rs4899292	14	69704052	A	G	0.730405	-0.002267	0.005607	-0.404316	0.6859999999999999	3146	CSF_ab42
rs8022832	14	75211328	G	A	0.656685	8.945e-4	0.005744	0.155728	0.8763	3146	CSF_ab42
rs61978688	NA	NA	NA	NA	NA	NA	NA	NA	NA	NA	NA
rs962950	15	47685416	A	T	0.280254	-0.00647	0.006189	-1.0454031345936339	0.2959	3146	CSF_ab42
rs8035460	15	78064664	T	G	0.441337	-0.001989	0.005975	-0.3328870292887029	0.7393	3146	CSF_ab42
rs2018719	16	71432033	T	C	0.730556	-1.974e-4	0.0061719999999999995	-0.0319831	0.9745	3146	CSF_ab42
rs73263511	17	13790097	T	G	0.0391588	-0.00798	0.01455	-0.5484536082474226	0.5834	3146	CSF_ab42
rs4098686	17	42629737	A	C	0.738545	-0.01255	0.005857	-2.14274	0.03225	3146	CSF_ab42
rs62085660	NA	NA	NA	NA	NA	NA	NA	NA	NA	NA	NA
rs1941699	18	31245871	A	G	0.604182	-0.004097	0.005508	-0.743827	0.4571	3146	CSF_ab42
rs6508210	18	50747191	A	C	0.558524	-0.009397	0.005358	-1.75383	0.07955	3146	CSF_ab42
rs613872	18	53210302	G	T	0.843977	-0.004642	0.007364	-0.630364	0.5285	3146	CSF_ab42
rs140217861	NA	NA	NA	NA	NA	NA	NA	NA	NA	NA	NA
rs1025574	19	30421480	G	C	0.896545	0.01388	0.008609	1.61227	0.107	3146	CSF_ab42
rs79106024	NA	NA	NA	NA	NA	NA	NA	NA	NA	NA	NA
rs4402837	NA	NA	NA	NA	NA	NA	NA	NA	NA	NA	NA
rs2149282	20	30339145	C	G	0.541318	-4.036e-4	0.005538	-0.0728783	0.9419	3146	CSF_ab42
rs1022688	20	47648856	G	A	0.32878	-1.992e-4	0.005573	-0.035743764579221245	0.9715	3146	CSF_ab42
rs495146	20	48130328	C	T	0.230084	-0.00414	0.006016	-0.6881648936170213	0.4914	3146	CSF_ab42
rs6013429	20	50919177	A	G	0.248184	-0.005965	0.005867	-1.016703596386569	0.3094	3146	CSF_ab42
rs11702783	NA	NA	NA	NA	NA	NA	NA	NA	NA	NA	NA
