$`Main MR results`
       Exposure       MR Analysis Causal Estimate         Sd   T-stat   P-value
1 beta.exposure               Raw      0.06955994 0.05184767 1.341621 0.1829509
2 beta.exposure Outlier-corrected      0.06146613 0.04960216 1.239182 0.2183962

$`MR-PRESSO results`
$`MR-PRESSO results`$`Global Test`
$`MR-PRESSO results`$`Global Test`$RSSobs
[1] 134.3839

$`MR-PRESSO results`$`Global Test`$Pvalue
[1] 0.0071


$`MR-PRESSO results`$`Outlier Test`
         RSSobs Pvalue
1  8.121504e-04      1
2  9.461663e-04      1
3  2.660691e-04      1
4  1.138861e-03      1
5  3.541164e-04      1
6  2.920117e-06      1
7  2.605498e-03      1
8  1.854949e-04      1
9  7.020680e-05      1
10 9.323924e-05      1
11 1.058873e-03      1
12 9.898812e-04      1
13 1.711230e-03      1
14 1.267683e-04      1
15 1.496898e-06      1
16 1.419010e-05      1
17 3.147469e-04      1
18 6.093535e-06      1
19 6.950374e-05      1
20 1.596165e-03      1
21 1.989791e-09      1
22 8.130062e-04      1
23 1.420308e-04      1
24 5.818669e-05      1
25 1.433090e-04      1
26 3.018892e-05      1
27 3.305421e-04      1
28 6.828886e-04      1
29 4.889167e-05      1
30 8.409690e-04      1
31 3.362565e-04      1
32 1.134934e-04      1
33 8.123144e-04      1
34 2.695959e-04      1
35 2.634048e-04      1
36 4.718449e-04      1
37 1.448388e-05      1
38 7.397808e-03      1
39 3.024545e-04      1
40 1.324096e-04      1
41 2.418153e-05      1
42 2.962978e-04      1
43 2.179617e-03 0.3705
44 2.033576e-03  0.133
45 1.461268e-04      1
46 5.492036e-04      1
47 3.955599e-05      1
48 9.589707e-06      1
49 1.154443e-04      1
50 1.386268e-04      1
51 9.692799e-04      1
52 9.801904e-04      1
53 3.764362e-04      1
54 1.820665e-06      1
55 1.078810e-04      1
56 6.646381e-05      1
57 7.676970e-07      1
58 1.127525e-04      1
59 6.481864e-05      1
60 2.018500e-06      1
61 2.627713e-03  0.038
62 6.053395e-05      1
63 3.870562e-05      1
64 3.302447e-05      1
65 1.355228e-05      1
66 8.041103e-04      1
67 1.524940e-05      1
68 1.070247e-07      1
69 4.470885e-04      1
70 6.415958e-07      1
71 8.248349e-05      1
72 1.623948e-04      1
73 2.518464e-04      1
74 4.086705e-06      1
75 1.387526e-03      1
76 1.030557e-03      1
77 1.780986e-05      1
78 3.877094e-04      1
79 4.039010e-05      1
80 2.082737e-03      1
81 1.700756e-04      1
82 8.006301e-04      1
83 3.666964e-04      1
84 1.519946e-04      1
85 1.020303e-04      1
86 1.165095e-04      1
87 8.612513e-05      1
88 4.952991e-04      1
89 8.570341e-05      1
90 2.989898e-04      1
91 7.652840e-04      1
92 2.824966e-04      1
93 4.392806e-05      1
94 1.451058e-06      1
95 3.752775e-04      1

$`MR-PRESSO results`$`Distortion Test`
$`MR-PRESSO results`$`Distortion Test`$`Outliers Indices`
[1] 61

$`MR-PRESSO results`$`Distortion Test`$`Distortion Coefficient`
beta.exposure 
     13.16793 

$`MR-PRESSO results`$`Distortion Test`$Pvalue
[1] 0.8306



