$`Main MR results`
       Exposure       MR Analysis Causal Estimate        Sd    T-stat   P-value
1 beta.exposure               Raw       0.2752862 0.3480434 0.7909537 0.4311725
2 beta.exposure Outlier-corrected       0.1292172 0.3292440 0.3924663 0.6957078

$`MR-PRESSO results`
$`MR-PRESSO results`$`Global Test`
$`MR-PRESSO results`$`Global Test`$RSSobs
[1] 150.7672

$`MR-PRESSO results`$`Global Test`$Pvalue
[1] "<1e-04"


$`MR-PRESSO results`$`Outlier Test`
         RSSobs  Pvalue
1  3.661781e-03       1
2  3.429593e-04       1
3  2.064268e-05       1
4  5.311814e-05       1
5  1.489887e-04       1
6  2.553064e-06       1
7  8.834500e-05       1
8  7.854318e-04       1
9  2.160086e-05       1
10 4.300078e-02       1
11 1.277550e-04       1
12 8.933525e-05       1
13 4.485140e-05       1
14 1.165790e-03       1
15 2.688679e-03  0.3268
16 7.764229e-05       1
17 3.582350e-03       1
18 1.228072e-05       1
19 6.610038e-04       1
20 6.407053e-04       1
21 6.195226e-05       1
22 1.343876e-04       1
23 2.691337e-05       1
24 4.482932e-05       1
25 2.940046e-03       1
26 4.988465e-04       1
27 6.212637e-06       1
28 1.469706e-03       1
29 1.980586e-05       1
30 1.507005e-05       1
31 3.508636e-04       1
32 6.157220e-04       1
33 1.568052e-03       1
34 1.096448e-03       1
35 8.965489e-05       1
36 1.076336e-05       1
37 1.256265e-03       1
38 1.022763e-03       1
39 9.811983e-04       1
40 8.085896e-04       1
41 3.324463e-03       1
42 9.912821e-05       1
43 2.892201e-05       1
44 5.549377e-04       1
45 2.686807e-05       1
46 5.298817e-04       1
47 1.579328e-03       1
48 6.240519e-04       1
49 4.237182e-04       1
50 7.404503e-05       1
51 3.160820e-04       1
52 1.689253e-04       1
53 3.446350e-04       1
54 9.664816e-04       1
55 4.301770e-05       1
56 1.484225e-07       1
57 1.772653e-06       1
58 1.837039e-03       1
59 1.837619e-04       1
60 2.704583e-04       1
61 1.104692e-05       1
62 5.326611e-03 <0.0086
63 2.684475e-04       1
64 2.129411e-05       1
65 1.013813e-03       1
66 7.496173e-04       1
67 9.964873e-04       1
68 2.055081e-03       1
69 1.416985e-04       1
70 4.200482e-05       1
71 1.999122e-04       1
72 1.073403e-04       1
73 1.204857e-05       1
74 6.077819e-04       1
75 2.299320e-03       1
76 2.308719e-03       1
77 9.906713e-03       1
78 7.250535e-04       1
79 4.748898e-04       1
80 4.650584e-05       1
81 1.097018e-05       1
82 7.820108e-05       1
83 4.272760e-04       1
84 1.002399e-04       1
85 5.173650e-06       1
86 1.400638e-03       1

$`MR-PRESSO results`$`Distortion Test`
$`MR-PRESSO results`$`Distortion Test`$`Outliers Indices`
[1] 62

$`MR-PRESSO results`$`Distortion Test`$`Distortion Coefficient`
beta.exposure 
     113.0415 

$`MR-PRESSO results`$`Distortion Test`$Pvalue
[1] 0.3393



