$`Main MR results`
       Exposure       MR Analysis Causal Estimate         Sd     T-stat
1 beta.exposure               Raw     -0.01357828 0.01931415 -0.7030226
2 beta.exposure Outlier-corrected     -0.01504091 0.01731235 -0.8687965
    P-value
1 0.4840329
2 0.3875575

$`MR-PRESSO results`
$`MR-PRESSO results`$`Global Test`
$`MR-PRESSO results`$`Global Test`$RSSobs
[1] 182.0395

$`MR-PRESSO results`$`Global Test`$Pvalue
[1] "<1e-04"


$`MR-PRESSO results`$`Outlier Test`
         RSSobs  Pvalue
1  6.892283e-06       1
2  2.352526e-06       1
3  1.553343e-07       1
4  6.469615e-07       1
5  7.914411e-08       1
6  2.055123e-06       1
7  2.596073e-06       1
8  1.472339e-07       1
9  1.282145e-05       1
10 1.414294e-06       1
11 4.571145e-06       1
12 5.131603e-07       1
13 7.918661e-07       1
14 3.881442e-08       1
15 2.159733e-07       1
16 1.916146e-06       1
17 1.489006e-07       1
18 4.910694e-08       1
19 7.073191e-09       1
20 9.476320e-09       1
21 1.230447e-08       1
22 3.107330e-11       1
23 6.095891e-05 <0.0083
24 1.770043e-06       1
25 3.282732e-06       1
26 1.023901e-06       1
27 1.501132e-06       1
28 1.058665e-07       1
29 1.665269e-05       1
30 1.062691e-06       1
31 3.400599e-07       1
32 1.663967e-06       1
33 7.160297e-06       1
34 9.603890e-06   0.498
35 3.764099e-06       1
36 8.042829e-06  0.1411
37 6.729614e-07       1
38 1.055346e-07       1
39 8.064315e-07       1
40 2.540294e-07       1
41 7.830140e-08       1
42 6.154233e-07       1
43 9.293594e-06 <0.0083
44 9.745928e-07       1
45 1.692598e-07       1
46 4.042771e-06  0.9379
47 3.269835e-06       1
48 9.761310e-07       1
49 1.712110e-07       1
50 1.277514e-06       1
51 3.722458e-07       1
52 2.036044e-06       1
53 2.887355e-06       1
54 3.341688e-06       1
55 2.613886e-07       1
56 2.698625e-07       1
57 6.729832e-07       1
58 5.311375e-07       1
59 4.780271e-08       1
60 1.512462e-06       1
61 2.046560e-06       1
62 2.638879e-07       1
63 6.405664e-07       1
64 1.951245e-08       1
65 7.772090e-07       1
66 8.974962e-09       1
67 3.852211e-08       1
68 2.330175e-07       1
69 3.300975e-08       1
70 1.789365e-08       1
71 1.234375e-08       1
72 6.671346e-09       1
73 1.756429e-05       1
74 3.847365e-08       1
75 3.886283e-08       1
76 8.024397e-07       1
77 1.472097e-05  0.1411
78 8.447267e-08       1
79 8.404072e-08       1
80 3.421673e-07       1
81 3.327932e-08       1
82 4.495059e-06  0.5478
83 3.643998e-08       1

$`MR-PRESSO results`$`Distortion Test`
$`MR-PRESSO results`$`Distortion Test`$`Outliers Indices`
[1] 23 43

$`MR-PRESSO results`$`Distortion Test`$`Distortion Coefficient`
beta.exposure 
     9.724316 

$`MR-PRESSO results`$`Distortion Test`$Pvalue
[1] 0.9376



