SNP	CHROM	POS	REF	ALT	AF	BETA	SE	Z	P	N	TRAIT
rs55847536	NA	NA	NA	NA	NA	NA	NA	NA	NA	NA	NA
rs145186401	NA	NA	NA	NA	NA	NA	NA	NA	NA	NA	NA
rs2390440	1	88625312	C	T	0.234438	0.01591	0.00689	2.309143686502177	0.02103	3146	CSF_tau
rs11809772	NA	NA	NA	NA	NA	NA	NA	NA	NA	NA	NA
rs192227553	NA	NA	NA	NA	NA	NA	NA	NA	NA	NA	NA
rs116258323	1	214449747	C	T	0.0427117	-0.0057729999999999995	0.01366	-0.42262079062957536	0.6725	3146	CSF_tau
rs1260326	2	27730940	T	C	0.613661	0.002061	0.005737	0.359247	0.7194	3146	CSF_tau
rs13389504	2	40369688	T	G	0.186367	-0.0035340000000000002	0.007347	-0.4810126582278481	0.6306	3146	CSF_tau
rs4953148	NA	NA	NA	NA	NA	NA	NA	NA	NA	NA	NA
rs11677810	NA	NA	NA	NA	NA	NA	NA	NA	NA	NA	NA
rs114658808	2	119423996	G	A	0.0591222	0.011359999999999999	0.01693	0.6709982279976372	0.5022	3146	CSF_tau
rs12474485	2	145810833	A	C	0.254991	0.01288	0.006157	2.0919278869579343	0.0365	3146	CSF_tau
rs4853716	2	191361744	C	T	0.828318	-0.0123	0.006546	-1.87901	0.06023	3146	CSF_tau
rs2302911	2	211455281	A	G	0.45405	-0.003888	0.005676	-0.684989	0.4934	3146	CSF_tau
rs62244890	NA	NA	NA	NA	NA	NA	NA	NA	NA	NA	NA
rs7618124	3	85548686	A	G	0.710076	-3.776e-5	0.005884	-0.0064174	0.9949	3146	CSF_tau
rs55726529	NA	NA	NA	NA	NA	NA	NA	NA	NA	NA	NA
rs1920650	3	160335588	T	C	0.300474	0.006729000000000001	0.006091	1.104744705302906	0.2694	3146	CSF_tau
rs11940694	NA	NA	NA	NA	NA	NA	NA	NA	NA	NA	NA
rs144198753	NA	NA	NA	NA	NA	NA	NA	NA	NA	NA	NA
rs11733695	NA	NA	NA	NA	NA	NA	NA	NA	NA	NA	NA
rs13135092	4	103198082	A	G	0.0543478	-0.01229	0.01107	-1.1102077687443541	0.267	3146	CSF_tau
rs6533629	4	113494607	G	A	0.397123	-0.01095	0.006155	-1.7790414297319253	0.07534	3146	CSF_tau
rs1457755	5	113637974	T	C	0.554265	-0.006318	0.005756	-1.09764	0.2725	3146	CSF_tau
rs9372625	6	98344031	G	A	0.334676	-0.00172	0.006251	-0.275155975043993	0.7832	3146	CSF_tau
rs11984030	NA	NA	NA	NA	NA	NA	NA	NA	NA	NA	NA
rs10227687	NA	NA	NA	NA	NA	NA	NA	NA	NA	NA	NA
rs79931145	NA	NA	NA	NA	NA	NA	NA	NA	NA	NA	NA
rs2622237	NA	NA	NA	NA	NA	NA	NA	NA	NA	NA	NA
rs35040843	NA	NA	NA	NA	NA	NA	NA	NA	NA	NA	NA
rs143011682	NA	NA	NA	NA	NA	NA	NA	NA	NA	NA	NA
rs13266268	NA	NA	NA	NA	NA	NA	NA	NA	NA	NA	NA
rs3138496	NA	NA	NA	NA	NA	NA	NA	NA	NA	NA	NA
rs148575582	NA	NA	NA	NA	NA	NA	NA	NA	NA	NA	NA
rs147311119	10	9404825	C	G	0.0333696	-0.008312	0.017740000000000002	-0.46854565952649374	0.6395	3146	CSF_tau
rs7078436	10	30378863	A	G	0.27403	0.004286	0.006331	0.6769862580950876	0.4985	3146	CSF_tau
rs2017064	NA	NA	NA	NA	NA	NA	NA	NA	NA	NA	NA
rs2293576	11	47434986	G	A	0.329029	0.001945	0.006032	0.322446949602122	0.7471	3146	CSF_tau
rs12795307	11	72506324	G	A	0.260401	0.005139	0.006026	0.8528045137736475	0.3939	3146	CSF_tau
rs7948028	11	113328681	A	C	0.279007	-0.007478	0.005881	-1.271552457065125	0.2036	3146	CSF_tau
rs1042725	12	66358347	C	T	0.459956	-0.00227	0.005638000000000001	-0.40262504434196517	0.6872	3146	CSF_tau
rs73519744	NA	NA	NA	NA	NA	NA	NA	NA	NA	NA	NA
rs117750242	NA	NA	NA	NA	NA	NA	NA	NA	NA	NA	NA
rs1319338	15	26449418	T	A	0.0669464	-0.007968000000000001	0.01157	-0.6886776145203112	0.4912	3146	CSF_tau
rs701455	NA	NA	NA	NA	NA	NA	NA	NA	NA	NA	NA
rs72771074	NA	NA	NA	NA	NA	NA	NA	NA	NA	NA	NA
rs11862597	16	30490854	G	A	0.123862	0.01139	0.008705	1.3084434233199314	0.1908	3146	CSF_tau
rs74980679	16	71779310	G	T	0.120508	-0.0015810000000000002	0.008314	-0.19016117392350254	0.8492	3146	CSF_tau
rs12936842	NA	NA	NA	NA	NA	NA	NA	NA	NA	NA	NA
rs62062288	NA	NA	NA	NA	NA	NA	NA	NA	NA	NA	NA
rs6507054	18	31248323	T	C	0.5682	-1.05e-4	0.005769	-0.0182007	0.9855	3146	CSF_tau
rs492602	NA	NA	NA	NA	NA	NA	NA	NA	NA	NA	NA
rs12329964	22	19959033	G	A	0.166303	0.003722	0.007723999999999999	0.481874676333506	0.63	3146	CSF_tau
rs2412970	22	30486826	A	G	0.521431	-0.01288	0.005591	-2.303702378823109	0.021269999999999997	3146	CSF_tau
rs9607805	22	41854446	C	T	0.738703	-0.002776	0.006431999999999999	-0.431592	0.6661	3146	CSF_tau
