$`Main MR results`
       Exposure       MR Analysis Causal Estimate        Sd     T-stat
1 beta.exposure               Raw      0.57545800 0.6428298  0.8951950
2 beta.exposure Outlier-corrected     -0.07066605 0.4428171 -0.1595829
    P-value
1 0.3727305
2 0.8735192

$`MR-PRESSO results`
$`MR-PRESSO results`$`Global Test`
$`MR-PRESSO results`$`Global Test`$RSSobs
[1] 273.5303

$`MR-PRESSO results`$`Global Test`$Pvalue
[1] "<1e-04"


$`MR-PRESSO results`$`Outlier Test`
          RSSobs  Pvalue
1   1.740208e-04       1
2   3.846212e-03       1
3   1.480999e-02       1
4   1.004828e-03       1
5   6.947646e-03       1
6   2.642434e-03       1
7   2.916532e-04       1
8   4.149135e-06       1
9   1.687847e-03       1
10  2.929443e-02       1
11  1.126530e-01       1
12  2.005542e-02       1
13  1.484752e-03       1
14  2.127883e-03       1
15  8.524610e-04       1
16  2.156740e-03       1
17  6.446981e-03       1
18  4.841271e-06       1
19  2.266818e-03       1
20  5.557703e-03       1
21  4.888177e-04       1
22  3.757364e-03       1
23  4.835079e-02       1
24  3.414023e-03       1
25  1.483691e-04       1
26  8.706952e-04       1
27  1.981067e-07       1
28  8.786053e-05       1
29  1.819649e-02       1
30  1.739431e-02       1
31  1.974347e-02       1
32  3.883497e-03       1
33  5.017430e-03       1
34  5.667544e-03       1
35  1.472494e-05       1
36  8.012032e-03       1
37  4.334596e-03       1
38  2.624385e-03       1
39  9.083544e-05       1
40  3.408998e-04       1
41  6.475099e-04       1
42  1.851602e-03       1
43  5.815516e-03       1
44  5.976377e-04       1
45  6.707624e-04       1
46  3.381432e-02       1
47  9.517177e-03       1
48  1.858454e-03       1
49  8.677529e-05       1
50  1.596353e-03       1
51  4.106716e-03       1
52  7.211209e-03       1
53  1.243329e-02       1
54  6.153180e-03       1
55  5.956977e-03       1
56  2.434529e-03       1
57  1.337677e-03       1
58  1.547255e-03       1
59  3.075108e-03       1
60  2.358685e-04       1
61  6.540821e-01 <0.0106
62  1.403536e-07       1
63  1.301942e-03       1
64  3.127305e-03       1
65  6.209612e-04       1
66  2.009469e-03       1
67  3.365419e-05       1
68  1.310812e-03       1
69  7.010370e-03       1
70  1.996107e-04       1
71  1.222509e-03       1
72  6.059902e-05       1
73  7.486022e-03       1
74  2.899851e-03       1
75  4.891166e-02       1
76  4.476023e-04       1
77  2.304885e-03       1
78  6.765865e-05       1
79  1.201898e-03       1
80  8.221596e-03       1
81  2.049690e-04       1
82  5.558574e-04       1
83  8.467373e-03       1
84  3.912374e-03       1
85  2.468109e-02       1
86  4.102878e-03       1
87  7.329866e-03       1
88  1.155302e-03       1
89  1.202608e-03       1
90  2.268510e-03       1
91  1.629352e-03       1
92  2.393405e-05       1
93  7.456454e-04       1
94  5.900074e-05       1
95  2.252834e-01       1
96  2.096494e-02       1
97  6.194537e-03       1
98  2.763810e-03       1
99  2.006485e-02  0.1484
100 2.733772e-03       1
101 2.002244e-03       1
102 1.581830e-03       1
103 6.030169e-02       1
104 2.706700e-03       1
105 1.135224e-03       1
106 5.771009e-03       1

$`MR-PRESSO results`$`Distortion Test`
$`MR-PRESSO results`$`Distortion Test`$`Outliers Indices`
[1] 61

$`MR-PRESSO results`$`Distortion Test`$`Distortion Coefficient`
beta.exposure 
     914.3345 

$`MR-PRESSO results`$`Distortion Test`$Pvalue
[1] 0.0465



