$`Main MR results`
       Exposure       MR Analysis Causal Estimate           Sd     T-stat
1 beta.exposure               Raw   -7.822206e-05 0.0001534755 -0.5096714
2 beta.exposure Outlier-corrected   -1.325872e-04 0.0001516409 -0.8743498
    P-value
1 0.6104639
2 0.3822686

$`MR-PRESSO results`
$`MR-PRESSO results`$`Global Test`
$`MR-PRESSO results`$`Global Test`$RSSobs
[1] 836.4669

$`MR-PRESSO results`$`Global Test`$Pvalue
[1] "<4e-05"


$`MR-PRESSO results`$`Outlier Test`
          RSSobs   Pvalue
1   8.757552e-07        1
2   3.456974e-07        1
3   9.945056e-08        1
4   6.755434e-07        1
5   3.784046e-07        1
6   2.182226e-09        1
7   1.548568e-08        1
8   6.226602e-07        1
9   3.944766e-06        1
10  5.223993e-08        1
11  4.643668e-07        1
12  1.723331e-07        1
13  4.710049e-08        1
14  6.691458e-06        1
15  8.703294e-07        1
16  1.164367e-06        1
17  3.360369e-10        1
18  3.769919e-10        1
19  2.811754e-10        1
20  4.935892e-06        1
21  7.848166e-07        1
22  7.484852e-06        1
23  4.733891e-07        1
24  9.935938e-08        1
25  5.160048e-07        1
26  4.732069e-07        1
27  1.250304e-06        1
28  4.670861e-08        1
29  1.491713e-07        1
30  1.078417e-05        1
31  1.955134e-10        1
32  1.746093e-06        1
33  1.404126e-06        1
34  4.742124e-07        1
35  6.680297e-09        1
36  4.735935e-07        1
37  2.306880e-07        1
38  4.644854e-07        1
39  2.240361e-10        1
40  8.360314e-07        1
41  7.768383e-07        1
42  2.934861e-07        1
43  7.224074e-09        1
44  1.743496e-10        1
45  6.132152e-06        1
46  1.717107e-07        1
47  2.521412e-06        1
48  2.613172e-06        1
49  2.795977e-10        1
50  1.481773e-07        1
51  8.105152e-06        1
52  1.640002e-08        1
53  2.579359e-06        1
54  4.960768e-06        1
55  1.309213e-08        1
56  2.303058e-06        1
57  5.307867e-07        1
58  7.445102e-06        1
59  3.738327e-07        1
60  2.630476e-10        1
61  7.414502e-06        1
62  1.354211e-07        1
63  2.356491e-05        1
64  2.776551e-07        1
65  4.280589e-06        1
66  6.932410e-07        1
67  2.327534e-06        1
68  1.844435e-06        1
69  1.000092e-07        1
70  1.181263e-06        1
71  5.697651e-06        1
72  3.338358e-07        1
73  1.638381e-06        1
74  1.186763e-06        1
75  2.635235e-07        1
76  3.080227e-06        1
77  1.727450e-07        1
78  4.937410e-06        1
79  3.333394e-06        1
80  2.194203e-06        1
81  9.701735e-07        1
82  4.492430e-06        1
83  1.482172e-07        1
84  3.556788e-06        1
85  2.812497e-06        1
86  5.411510e-07        1
87  3.451962e-07        1
88  3.535214e-08        1
89  9.776616e-07        1
90  1.012039e-07        1
91  3.351790e-07        1
92  3.348180e-07        1
93  5.498071e-07        1
94  3.323393e-07        1
95  3.816717e-07        1
96  1.493285e-06        1
97  1.476750e-06        1
98  2.351904e-07        1
99  8.494430e-07        1
100 1.478979e-07        1
101 2.772363e-07        1
102 3.757409e-07        1
103 2.655126e-07        1
104 1.254717e-06        1
105 2.595695e-09        1
106 4.073554e-06        1
107 3.303488e-06        1
108 2.310520e-07        1
109 4.530429e-07        1
110 2.824549e-06        1
111 4.940214e-06        1
112 6.799988e-07        1
113 3.322872e-07        1
114 4.495347e-06        1
115 1.315564e-08        1
116 1.706570e-07        1
117 1.472657e-06        1
118 2.339099e-07        1
119 1.347877e-07        1
120 6.217535e-07        1
121 7.665999e-07        1
122 6.195301e-07        1
123 6.046090e-07        1
124 1.252085e-07        1
125 9.692014e-07        1
126 1.367544e-08        1
127 7.784141e-09        1
128 1.448147e-07        1
129 9.994196e-08        1
130 2.211459e-06        1
131 6.220363e-07        1
132 1.320104e-08        1
133 3.160293e-07        1
134 1.479602e-06        1
135 9.743436e-06  0.44496
136 6.304353e-09        1
137 1.791478e-06        1
138 5.239855e-07        1
139 1.646085e-10        1
140 3.253987e-08        1
141 3.473276e-08        1
142 8.104935e-08        1
143 1.280642e-08        1
144 1.867946e-06        1
145 4.719863e-07        1
146 6.366450e-06        1
147 2.361801e-07        1
148 5.144152e-07        1
149 2.614005e-07        1
150 4.742418e-08        1
151 3.775330e-07        1
152 5.960564e-05 <0.02472
153 7.755835e-08        1
154 5.148382e-07        1
155 1.024009e-07        1
156 1.377984e-08        1
157 9.443138e-07        1
158 2.192677e-06        1
159 7.617697e-08        1
160 2.213337e-06        1
161 2.969751e-06        1
162 2.254805e-05        1
163 6.174685e-07        1
164 1.561330e-05        1
165 5.285626e-07        1
166 7.633039e-09        1
167 1.487331e-06        1
168 2.652711e-06        1
169 1.007747e-07        1
170 1.504968e-07        1
171 5.017630e-06        1
172 7.552645e-08        1
173 2.146125e-06        1
174 7.866620e-07        1
175 6.550516e-06        1
176 7.763073e-06        1
177 2.212888e-06        1
178 3.458438e-07        1
179 4.696274e-07        1
180 2.379080e-07        1
181 5.977604e-07        1
182 7.679800e-07        1
183 8.230175e-08        1
184 2.305344e-07        1
185 2.117107e-07        1
186 7.640249e-08        1
187 7.707715e-09        1
188 3.204810e-07        1
189 2.358295e-07        1
190 2.514737e-06        1
191 1.647037e-06        1
192 3.166338e-08        1
193 2.614983e-06        1
194 1.353697e-05  0.46968
195 3.336757e-08        1
196 1.045962e-06        1
197 7.193146e-08        1
198 4.303685e-06        1
199 4.110070e-09        1
200 5.600883e-09        1
201 2.358376e-06        1
202 1.470041e-10        1
203 3.419088e-08        1
204 4.545810e-08        1
205 3.385337e-07        1
206 3.775744e-07        1
207 1.471929e-05        1
208 5.228686e-07        1
209 3.336687e-06        1
210 2.426038e-05        1
211 3.528873e-08        1
212 5.335685e-07        1
213 8.430388e-07        1
214 4.654447e-07        1
215 1.307887e-07        1
216 9.633055e-07        1
217 1.704773e-07        1
218 1.500108e-06        1
219 5.103732e-07        1
220 2.344273e-07        1
221 3.372414e-07        1
222 1.443219e-07        1
223 1.529550e-10        1
224 6.081992e-09        1
225 1.305776e-10        1
226 2.182779e-07        1
227 2.393151e-07        1
228 6.152537e-06        1
229 1.411858e-06        1
230 2.205002e-06        1
231 3.124266e-08        1
232 3.252893e-08        1
233 3.439374e-07        1
234 1.165589e-06        1
235 4.513737e-08        1
236 7.721196e-07        1
237 2.755838e-07        1
238 1.910142e-06        1
239 5.868954e-06        1
240 2.988607e-08        1
241 7.129033e-08        1
242 3.422170e-07        1
243 9.884109e-08        1
244 2.344668e-07        1
245 2.315667e-07        1
246 5.676678e-09        1
247 1.922672e-06        1
248 1.272695e-06        1
249 1.746040e-09        1
250 6.361930e-06        1
251 3.128805e-08        1
252 8.481181e-07        1
253 1.832845e-07        1
254 1.293271e-10        1
255 1.076037e-09        1
256 6.817158e-07        1
257 3.789722e-07        1
258 3.567107e-06        1
259 5.104340e-07        1
260 3.398626e-07        1
261 1.028036e-06        1
262 6.793109e-07        1
263 7.809851e-08        1
264 3.076452e-08        1
265 4.790920e-08        1
266 2.647283e-07        1
267 8.838136e-07        1
268 1.245067e-05        1
269 4.505317e-06        1
270 3.401052e-08        1
271 6.090504e-07        1
272 2.516868e-06        1
273 4.350286e-06        1
274 4.471596e-07        1
275 2.100306e-10        1
276 1.663722e-10        1
277 8.235739e-08        1
278 7.730946e-07        1
279 6.689005e-07        1
280 9.941484e-08        1
281 3.409599e-07        1
282 1.037055e-07        1
283 4.684968e-07        1
284 1.411027e-07        1
285 6.171415e-09        1
286 3.120664e-07        1
287 4.621862e-08        1
288 2.345401e-07        1
289 1.171694e-06        1
290 1.337101e-08        1
291 4.631309e-08        1
292 4.736533e-07        1
293 8.471665e-07        1
294 7.855464e-09        1
295 1.493934e-07        1
296 1.182484e-06        1
297 1.467469e-07        1
298 5.185387e-07        1
299 1.405246e-06        1
300 8.544041e-07        1
301 5.991731e-07        1
302 2.665217e-06        1
303 1.332487e-07        1
304 3.113663e-06        1
305 4.741224e-07        1
306 1.061571e-07        1
307 1.614058e-10        1
308 7.683894e-08        1
309 4.063824e-07        1
310 1.034968e-07        1
311 4.064499e-07        1
312 6.014939e-07        1
313 3.824841e-07        1
314 5.504197e-06        1
315 1.409400e-06        1
316 2.665457e-06        1
317 4.920834e-08        1
318 2.619223e-07        1
319 9.729599e-07        1
320 2.360004e-07        1
321 1.033312e-07        1
322 2.021373e-07        1
323 2.377421e-07        1
324 1.244754e-06        1
325 4.746630e-07        1
326 4.357530e-06        1
327 4.113996e-07        1
328 1.484230e-07        1
329 9.680709e-07        1
330 9.564559e-07        1
331 5.107385e-07        1
332 5.376496e-06        1
333 1.027530e-06        1
334 1.925250e-06        1
335 1.038688e-06        1
336 7.050606e-09        1
337 2.204462e-06        1
338 4.525319e-08        1
339 3.350369e-08        1
340 5.244272e-07        1
341 1.414282e-06        1
342 1.034423e-06        1
343 4.716426e-07        1
344 4.692525e-08        1
345 2.238951e-10        1
346 1.382814e-06        1
347 8.333911e-07        1
348 2.526707e-06        1
349 8.271044e-08        1
350 1.337705e-08        1
351 4.460865e-08        1
352 7.834994e-08        1
353 3.742797e-07        1
354 8.316373e-07        1
355 7.942024e-06        1
356 8.258417e-08        1
357 5.910813e-07        1
358 3.472278e-07        1
359 8.358669e-07        1
360 1.035770e-07        1
361 2.295421e-06        1
362 2.523320e-06        1
363 9.509443e-07        1
364 1.065673e-06        1
365 1.087506e-07        1
366 9.770927e-07        1
367 3.848259e-07        1
368 5.075936e-07        1
369 1.408693e-08        1
370 5.154235e-07        1
371 6.047162e-07        1
372 2.782211e-06        1
373 3.126513e-10        1
374 1.176008e-06        1
375 4.675896e-07        1
376 2.408773e-10        1
377 1.749975e-07        1
378 3.407549e-07        1
379 4.349951e-06        1
380 2.180254e-06        1
381 7.760732e-07        1
382 6.844164e-08        1
383 4.873671e-08        1
384 1.037043e-06        1
385 2.508208e-06        1
386 8.663600e-07        1
387 5.653593e-07        1
388 2.319378e-07        1
389 3.189769e-10        1
390 8.106033e-08        1
391 4.655396e-07        1
392 1.746534e-07        1
393 2.104378e-08        1
394 2.322517e-07        1
395 7.631568e-05        1
396 2.017444e-06        1
397 6.639301e-08        1
398 1.035931e-07        1
399 1.169745e-06        1
400 4.287793e-07        1
401 5.144283e-07        1
402 7.741563e-08        1
403 6.670170e-10        1
404 3.448810e-08        1
405 2.351405e-06        1
406 3.143487e-06        1
407 9.436231e-07        1
408 4.525319e-08        1
409 2.967533e-07        1
410 4.571159e-07        1
411 7.379922e-06        1
412 2.480946e-06        1
413 5.118136e-06        1
414 6.122385e-07        1
415 2.653596e-07        1
416 3.294263e-08        1
417 8.115459e-08        1
418 2.254590e-07        1
419 2.685977e-07        1
420 4.187881e-06        1
421 1.407821e-06        1
422 7.876547e-07        1
423 2.600283e-06        1
424 7.793468e-08        1
425 2.291036e-06        1
426 6.151442e-09        1
427 2.025334e-06        1
428 6.070107e-10        1
429 1.660069e-06        1
430 2.288982e-07        1
431 1.637824e-06        1
432 1.336290e-08        1
433 3.323187e-06        1
434 7.110505e-09        1
435 9.871835e-08        1
436 2.520947e-10        1
437 3.498712e-08        1
438 3.431806e-08        1
439 1.635742e-06        1
440 1.705442e-08        1
441 3.455738e-08        1
442 1.485489e-07        1
443 1.498554e-07        1
444 3.181766e-06        1
445 1.291343e-08        1
446 3.746798e-06        1
447 4.707131e-07        1
448 1.049545e-07        1
449 1.496732e-06        1
450 7.000384e-09        1
451 1.563465e-05        1
452 7.866125e-07        1
453 8.413394e-07        1
454 2.675126e-07        1
455 1.771737e-06        1
456 3.733670e-06        1
457 2.836482e-06        1
458 3.862034e-06        1
459 8.155586e-08        1
460 2.232475e-07        1
461 7.838975e-09        1
462 3.317299e-10        1
463 6.713039e-07        1
464 1.325396e-08        1
465 1.477959e-06        1
466 1.715599e-07        1
467 1.754497e-07        1
468 1.709011e-07        1
469 7.894945e-07        1
470 1.308622e-09        1
471 8.776093e-07        1
472 1.897055e-08        1
473 1.153943e-06        1
474 2.324884e-07        1
475 9.495402e-06        1
476 8.011854e-08        1
477 1.026234e-07        1
478 5.093082e-07        1
479 5.171890e-07        1
480 7.283938e-08        1
481 2.519968e-06        1
482 1.157323e-06        1
483 1.400238e-06        1
484 7.989847e-06        1
485 1.282942e-05        1
486 1.446636e-07        1
487 2.958066e-06        1
488 2.696451e-07        1
489 7.294431e-09        1
490 1.171255e-06        1
491 8.151959e-08        1
492 3.075389e-06        1
493 2.525931e-10        1
494 2.200708e-06        1
495 2.806460e-06        1
496 3.295936e-08        1
497 8.472831e-07        1
498 6.964920e-07        1
499 1.351597e-05        1
500 2.361094e-06        1
501 9.818303e-08        1
502 4.234647e-06        1
503 2.169808e-06        1
504 4.576723e-10        1
505 8.289595e-06        1
506 1.917815e-06        1
507 6.593197e-06        1
508 1.773152e-07        1
509 4.642377e-07        1
510 1.173904e-06        1
511 7.645445e-07        1
512 3.553146e-06        1
513 1.320104e-08        1
514 1.645935e-06        1
515 2.622937e-07        1
516 4.935858e-06        1
517 3.821895e-07        1
518 6.809678e-07        1
519 1.400427e-06        1
520 9.121332e-07        1
521 9.394346e-07        1
522 7.822983e-07        1
523 8.552143e-06        1
524 3.545099e-06        1
525 3.344332e-08        1
526 3.560945e-06        1
527 2.192240e-10        1
528 7.630655e-06        1
529 1.523263e-08        1
530 3.353667e-07        1
531 7.420647e-08        1
532 6.370759e-06        1
533 4.746652e-08        1
534 3.405551e-07        1
535 3.290005e-06        1
536 1.699276e-07        1
537 2.351127e-07        1
538 2.175706e-06        1
539 2.789521e-06        1
540 5.669309e-06        1
541 3.403303e-08        1
542 9.587396e-07        1
543 7.872817e-07        1
544 1.393193e-06        1
545 2.203748e-07        1
546 1.790673e-06        1
547 1.001594e-07        1
548 7.507670e-06        1
549 6.806498e-07        1
550 8.743422e-07        1
551 4.118302e-06        1
552 9.401260e-07        1
553 7.859663e-05  0.96408
554 8.349352e-08        1
555 3.278896e-08        1
556 8.030276e-06        1
557 2.205490e-06        1
558 1.044992e-06        1
559 6.039180e-07        1
560 3.164566e-10        1
561 3.528550e-06        1
562 3.550053e-06        1
563 1.260113e-06        1
564 8.702178e-07        1
565 1.173258e-06        1
566 4.242107e-06        1
567 1.175270e-07        1
568 1.929186e-06        1
569 2.060817e-06        1
570 4.743124e-07        1
571 2.341387e-07        1
572 3.557834e-06        1
573 7.903651e-07        1
574 3.295346e-06        1
575 2.849959e-06        1
576 1.403698e-06        1
577 3.413334e-07        1
578 2.207661e-06        1
579 1.361566e-08        1
580 2.293437e-06        1
581 3.312324e-08        1
582 8.376163e-07        1
583 1.279505e-08        1
584 1.053835e-06        1
585 6.454626e-09        1
586 2.687469e-07        1
587 4.724123e-07        1
588 3.940945e-06        1
589 2.668862e-07        1
590 4.912352e-06        1
591 3.360570e-07        1
592 9.774814e-07        1
593 4.728778e-07        1
594 1.642601e-06        1
595 2.956463e-06        1
596 7.979153e-08        1
597 2.467699e-06        1
598 2.319829e-06        1
599 3.337075e-06        1
600 1.392729e-07        1
601 5.137469e-07        1
602 3.202299e-08        1
603 1.496956e-08        1
604 3.943440e-06        1
605 3.435693e-07        1
606 2.843956e-06        1
607 5.615945e-09        1
608 2.370587e-07        1
609 6.784899e-07        1
610 9.966888e-08        1
611 2.616037e-06        1
612 6.589581e-06        1
613 3.333828e-07        1
614 2.206179e-06        1
615 4.885100e-08        1
616 1.342310e-08        1
617 1.161697e-06        1
618 3.215959e-10        1

$`MR-PRESSO results`$`Distortion Test`
$`MR-PRESSO results`$`Distortion Test`$`Outliers Indices`
[1] 152

$`MR-PRESSO results`$`Distortion Test`$`Distortion Coefficient`
beta.exposure 
     41.00331 

$`MR-PRESSO results`$`Distortion Test`$Pvalue
[1] 0.80288



