SNP	CHROM	POS	REF	ALT	AF	BETA	SE	Z	P	N	TRAIT
rs67474621	NA	NA	NA	NA	NA	NA	NA	NA	NA	NA	NA
rs6667502	NA	NA	NA	NA	NA	NA	NA	NA	NA	NA	NA
rs45501495	1	204596454	C	T	0.26867	0.007098	0.006626000000000001	1.071234530636885	0.2841	3146	CSF_ab42
rs11692742	NA	NA	NA	NA	NA	NA	NA	NA	NA	NA	NA
rs62148582	2	59530236	A	G	0.448094	0.01253	0.005653	2.2165222006014504	0.02671	3146	CSF_ab42
rs114227716	NA	NA	NA	NA	NA	NA	NA	NA	NA	NA	NA
rs1876245	3	71534763	T	C	0.401776	-0.004628	0.005723	-0.8086667831556876	0.4188	3146	CSF_ab42
rs1449404	3	85594359	C	G	0.201704	0.00642	0.0067269999999999995	0.954363014716813	0.34	3146	CSF_ab42
rs114497213	3	115214586	G	T	0.0660617	5.456e-4	0.014519999999999998	0.03757575757575758	0.97	3146	CSF_ab42
rs9841174	3	167184878	T	C	0.393791	0.004084	0.005809	0.7030469960406266	0.4821	3146	CSF_ab42
rs2315507	4	14974192	G	A	0.679211	-0.002489	0.0059	-0.421864	0.6732	3146	CSF_ab42
rs4712936	6	25417423	G	T	0.94648	-0.01468	0.01165	-1.26009	0.2077	3146	CSF_ab42
rs34555420	NA	NA	NA	NA	NA	NA	NA	NA	NA	NA	NA
rs3734543	6	26468545	G	C	0.0849057	0.005987	0.009817	0.6098604461648162	0.542	3146	CSF_ab42
rs35202262	NA	NA	NA	NA	NA	NA	NA	NA	NA	NA	NA
rs3129682	NA	NA	NA	NA	NA	NA	NA	NA	NA	NA	NA
rs3094084	NA	NA	NA	NA	NA	NA	NA	NA	NA	NA	NA
rs3096690	NA	NA	NA	NA	NA	NA	NA	NA	NA	NA	NA
rs4869859	6	155847549	T	C	0.485085	-0.004725	0.005775	-0.8181818181818182	0.4133	3146	CSF_ab42
rs10267710	7	95740335	G	T	0.356728	-0.003525	0.005834000000000001	-0.6042166609530338	0.5457	3146	CSF_ab42
rs11767283	NA	NA	NA	NA	NA	NA	NA	NA	NA	NA	NA
rs7013471	NA	NA	NA	NA	NA	NA	NA	NA	NA	NA	NA
rs11986122	NA	NA	NA	NA	NA	NA	NA	NA	NA	NA	NA
rs12542040	8	11851998	T	C	0.533963	8.5e-4	0.006067	0.140102	0.8886	3146	CSF_ab42
rs1217101	8	64624727	C	G	0.787917	-0.001027	0.006906999999999999	-0.14869	0.8819	3146	CSF_ab42
rs552234	9	106772283	G	A	0.451836	-0.0010119999999999999	0.005696	-0.17766853932584267	0.8590000000000001	3146	CSF_ab42
rs2026092	10	21911657	G	A	0.283691	0.009041	0.006123	1.4765637759268333	0.1399	3146	CSF_ab42
rs3136469	11	46749334	T	A	0.0934167	0.002102	0.009962	0.21100180686609116	0.8329	3146	CSF_ab42
rs1944708	11	79287622	T	C	0.393791	-0.006790999999999999	0.0057799999999999995	-1.1749134948096887	0.2401	3146	CSF_ab42
rs11233632	11	83190682	C	T	0.612464	0.003924	0.005775	0.679481	0.4969	3146	CSF_ab42
rs12787863	11	88543715	C	T	0.42411	-0.003148	0.005966	-0.5276567214213879	0.5978	3146	CSF_ab42
rs875257	11	111530453	A	G	0.705658	0.003945	0.006207	0.635573	0.5251	3146	CSF_ab42
rs12576625	11	126596003	T	C	0.842048	-0.008946	0.007589	-1.17881	0.2385	3146	CSF_ab42
rs35287743	12	110057250	G	T	0.133563	-0.005895	0.009544	-0.6176655490360435	0.5368	3146	CSF_ab42
rs7317926	13	54175512	A	G	0.562272	0.001206	0.005801	0.207895	0.8353	3146	CSF_ab42
rs3124402	13	55975115	A	G	0.724662	0.006009	0.006253	0.960979	0.3367	3146	CSF_ab42
rs12430440	13	58476105	G	A	0.25254	2.295e-4	0.006815000000000001	0.033675715333822444	0.9731	3146	CSF_ab42
rs191728525	14	29753721	G	T	0.658626	0.004413	0.006406	0.688885	0.491	3146	CSF_ab42
rs28533540	15	47867762	G	A	0.585803	0.00545	0.005671	0.96103	0.3366	3146	CSF_ab42
rs8059021	NA	NA	NA	NA	NA	NA	NA	NA	NA	NA	NA
rs56094641	16	53806453	A	G	0.446604	0.008202	0.005823	1.4085522926326635	0.1591	3146	CSF_ab42
rs11859365	16	83683945	A	C	0.275036	0.00591	0.006895999999999999	0.857018561484919	0.3915	3146	CSF_ab42
rs7225002	17	44189067	A	G	0.343602	8.895e-4	0.005756	0.15453439888811676	0.8772	3146	CSF_ab42
rs1371272	18	1837204	G	A	0.147649	0.008221	0.008140999999999999	1.0098268026041026	0.3126	3146	CSF_ab42
rs242641	18	58853208	C	T	0.321924	0.002303	0.006186	0.37229227287423217	0.7097	3146	CSF_ab42
rs75887709	19	37438329	A	G	0.0984409	0.01078	0.009118000000000001	1.1822768150910286	0.2372	3146	CSF_ab42
rs6857	NA	NA	NA	NA	NA	NA	NA	NA	NA	NA	NA
rs2287922	19	49232226	G	A	0.417803	6.997e-4	0.0056890000000000005	0.12299173844260854	0.9021	3146	CSF_ab42
rs6089752	NA	NA	NA	NA	NA	NA	NA	NA	NA	NA	NA
rs2413045	22	31665862	A	G	0.849543	-0.002627	0.007835	-0.33529	0.73740000000000006	3146	CSF_ab42
