$`Main MR results`
       Exposure       MR Analysis Causal Estimate       Sd   T-stat  P-value
1 beta.exposure               Raw        15.67797 10.99589 1.425802 0.154143
2 beta.exposure Outlier-corrected              NA       NA       NA       NA

$`MR-PRESSO results`
$`MR-PRESSO results`$`Global Test`
$`MR-PRESSO results`$`Global Test`$RSSobs
[1] 1528.528

$`MR-PRESSO results`$`Global Test`$Pvalue
[1] 0.04556


$`MR-PRESSO results`$`Outlier Test`
           RSSobs            Pvalue
1    2.715460e+01                 1
2    3.213291e+01                 1
3    3.452095e-02                 1
4    6.022458e-02                 1
5    1.168012e+00                 1
6    1.660612e+00                 1
7    5.627290e+01                 1
8    3.720383e+01                 1
9    1.093033e+03                 1
10   2.600649e-01                 1
11   1.847046e+01                 1
12   1.276506e-01                 1
13   2.908998e+00                 1
14   7.480934e-01                 1
15   2.162569e+01                 1
16   1.060273e+02                 1
17   3.516994e-01                 1
18   2.393698e+01                 1
19   1.736962e+01                 1
20   2.571068e+00                 1
21   3.587157e-01                 1
22   1.486703e-01                 1
23   5.562218e+01                 1
24   1.018901e+01                 1
25   5.445805e+00                 1
26   3.753970e+01                 1
27   3.960945e+01                 1
28   3.439818e+00                 1
29   1.658763e+01                 1
30   1.344169e+01                 1
31   1.025323e+02                 1
32   1.460049e+02                 1
33   1.978397e+01                 1
34   1.174940e+01                 1
35   5.222640e+00                 1
36   7.750714e+01                 1
37   9.768077e+01                 1
38   2.934182e+02                 1
39   5.471919e+00                 1
40   9.476168e+00                 1
41   3.842197e+01                 1
42   9.986730e+00                 1
43   4.582230e+00                 1
44   3.875704e+00                 1
45   5.317770e+00                 1
46   9.379402e-01                 1
47   7.935804e-01                 1
48   9.742830e-01                 1
49   1.360524e+02                 1
50   3.005137e-01                 1
51   6.577226e+01                 1
52   1.695038e+00                 1
53   1.217060e+01                 1
54   1.018360e+03                 1
55   1.188931e+01                 1
56   4.811647e+00                 1
57   1.115700e+01                 1
58   5.542614e+01                 1
59   1.344584e+01                 1
60   7.962540e+01                 1
61   1.411460e+01                 1
62   4.426316e+01                 1
63   7.083625e+01                 1
64   5.020484e+01                 1
65   1.536037e+00                 1
66   2.853243e+02                 1
67   7.607067e+01                 1
68   2.294323e+01                 1
69   2.609047e+00                 1
70   4.804801e-01                 1
71   2.564033e+01                 1
72   3.638172e+01                 1
73   2.585157e+01                 1
74   9.511957e-01                 1
75   1.090316e+00                 1
76   5.044648e-02                 1
77   2.389702e-02                 1
78   5.902424e+00                 1
79   2.140518e+01                 1
80   2.048000e+01                 1
81   1.057391e+01                 1
82   1.039654e+00                 1
83   1.499359e+01                 1
84   1.020878e+00                 1
85   1.476936e+01                 1
86   3.820503e+00                 1
87   5.133374e+01                 1
88   2.408795e+01                 1
89   6.774814e+00                 1
90   1.250193e+01                 1
91   1.000726e+01                 1
92   4.030223e+01                 1
93   2.978174e+01                 1
94   1.638535e-01                 1
95   5.923175e-01                 1
96   1.178995e-01                 1
97   2.367276e+00                 1
98   7.126421e+00                 1
99   4.236746e+01                 1
100  2.536281e+01                 1
101  9.353537e+02                 1
102  8.154627e+01                 1
103  6.906392e+01                 1
104  8.528231e-01                 1
105  1.512584e+01                 1
106  8.528948e+00                 1
107  1.912362e-01                 1
108  2.231232e+01                 1
109  1.011292e+02                 1
110  2.037623e+00                 1
111  2.114508e+01                 1
112  3.071618e+00                 1
113  4.221630e+00                 1
114  1.202189e+01                 1
115  4.089744e-01                 1
116  3.634827e+01                 1
117  1.516846e+01                 1
118  1.508964e+01                 1
119  7.592804e+00                 1
120  1.544582e+01                 1
121  5.168474e-01                 1
122  3.579464e+01                 1
123  1.904280e+01                 1
124  2.911170e+00                 1
125  5.123954e+01                 1
126  9.510890e+01                 1
127  4.044253e+00                 1
128  6.525028e-01                 1
129  8.021122e+01                 1
130  2.426846e+01                 1
131  7.039246e+01                 1
132  1.064441e+02                 1
133  3.674294e+00                 1
134  9.961981e+01                 1
135  2.694968e+01                 1
136  6.911232e+00                 1
137  1.418612e+02                 1
138  8.924221e+01                 1
139  1.570850e+00                 1
140  3.191692e+00                 1
141  1.049967e+00                 1
142  1.635396e+02                 1
143  1.305322e+01                 1
144  4.245490e+01                 1
145  8.253502e+00                 1
146  3.097359e+01                 1
147  6.280470e+01                 1
148  8.859846e+00                 1
149  2.384796e+01                 1
150  7.233402e+00                 1
151  1.401207e+02                 1
152  8.431755e+00                 1
153  3.445577e+01                 1
154  2.176735e+01                 1
155  1.151551e-01                 1
156  2.609993e+01                 1
157  7.595884e+00                 1
158  7.764731e+00                 1
159  2.007829e+00                 1
160  1.808582e+00                 1
161  3.741908e+01                 1
162  5.495858e-01                 1
163  1.524727e+00                 1
164  3.697635e+00                 1
165  7.278038e+00                 1
166  2.800926e+01                 1
167  1.040921e+02                 1
168  2.200987e+01                 1
169  1.325188e-01                 1
170  4.026039e-01                 1
171  1.373180e+01                 1
172  5.883281e+01                 1
173  4.273762e-01                 1
174  8.744867e+00                 1
175  4.083573e+01                 1
176  2.649989e+00                 1
177  3.888210e+01                 1
178  4.488053e+01                 1
179  7.604500e+00                 1
180  6.123097e+00                 1
181  1.208887e+01                 1
182  5.491126e+00                 1
183  4.360207e+01                 1
184  2.565773e+01                 1
185  1.410840e+01                 1
186  7.470972e+00                 1
187  3.487280e+00                 1
188  1.250149e-02                 1
189  3.352530e+00                 1
190  9.555867e+00                 1
191  1.573833e+02                 1
192  6.949055e+00                 1
193  7.827950e+01                 1
194  1.955987e-01                 1
195  2.204688e+01                 1
196  8.846888e+00                 1
197  2.853940e+00                 1
198  1.942534e+01                 1
199  1.613235e+02                 1
200  8.605938e+01                 1
201  2.290237e+00                 1
202  1.107361e+01                 1
203  1.310047e+01                 1
204  2.207379e+00                 1
205  1.084333e+01                 1
206  1.284216e+01                 1
207  6.649845e+01                 1
208  1.215194e+02                 1
209  4.648602e-01                 1
210  6.074343e+00                 1
211  2.845939e+00                 1
212  4.189510e-01                 1
213  1.145632e+01                 1
214  7.993860e+00                 1
215  1.667372e+00                 1
216  1.993422e+01                 1
217  1.351483e+02                 1
218  3.002109e+01                 1
219  2.643832e+02                 1
220  1.379031e-02                 1
221  3.791167e+01                 1
222  2.283949e+01                 1
223  2.773385e-01                 1
224  5.623990e-02                 1
225  9.749204e-02                 1
226  7.124072e+01                 1
227  4.296107e+01                 1
228  8.942420e-01                 1
229  8.010427e+01                 1
230  3.563168e+01                 1
231  2.695911e+02                 1
232  9.487595e+00                 1
233  1.800982e+00                 1
234  1.264516e+01                 1
235  2.355358e-01                 1
236  2.946807e+00                 1
237  2.494128e+02                 1
238  2.301906e+00                 1
239  2.222682e+01                 1
240  8.008722e+01                 1
241  6.436756e+00                 1
242  1.248448e+01                 1
243  2.453394e+00                 1
244  4.948220e-03                 1
245  5.195677e-02                 1
246  1.434930e+02                 1
247  5.511140e+00                 1
248  8.993232e-01                 1
249  1.031836e+02                 1
250  4.871747e+01                 1
251  6.792006e+01                 1
252  2.695874e+01                 1
253  3.245958e+01                 1
254  1.896581e+02                 1
255  1.545891e+00                 1
256  3.048266e+01                 1
257  1.405946e+02                 1
258  1.900400e+02                 1
259  4.222557e+01                 1
260  2.434437e+02                 1
261  7.703333e+01                 1
262  2.408142e+00                 1
263  1.565021e+01                 1
264  3.849659e-01                 1
265  2.449268e+01                 1
266  1.253689e-02                 1
267  3.315580e+00                 1
268  2.270982e+00                 1
269  1.036420e+02                 1
270  3.481513e+01                 1
271  4.977436e-03                 1
272  3.517492e+01                 1
273  3.896810e+01                 1
274  1.577762e+00                 1
275  6.633574e+00                 1
276  2.045704e+00                 1
277  3.656207e+01                 1
278  3.208011e+01                 1
279  2.842256e+01                 1
280  5.678894e-01                 1
281  1.954630e+00                 1
282  4.736198e+01                 1
283  1.852352e+00                 1
284  2.523239e+00                 1
285  1.714914e+01                 1
286  1.609692e+01                 1
287  6.109961e+00                 1
288  2.542226e+01                 1
289  1.082061e+02                 1
290  1.319494e+01                 1
291  1.056576e+01                 1
292  2.213437e+00                 1
293  3.734748e+00                 1
294  8.743552e+00                 1
295  4.038361e+00                 1
296  1.897029e+01                 1
297  3.375521e+00                 1
298  7.831147e+00                 1
299  5.022622e+01                 1
300  7.137947e+01                 1
301  8.929574e+01                 1
302  2.438826e+01                 1
303  4.741679e+01                 1
304  1.538343e+00                 1
305  3.441014e+02                 1
306  2.236124e+01                 1
307  9.735111e+01                 1
308  4.590519e-02                 1
309  1.269436e+01                 1
310  4.789107e+00                 1
311  4.797648e+00                 1
312  5.327283e+01                 1
313  7.064812e+01                 1
314  4.664244e+00                 1
315  3.910038e+00                 1
316  4.418811e+01                 1
317  1.022090e+00                 1
318  2.695479e+01                 1
319  6.574324e-01                 1
320  6.769965e+00                 1
321  1.583193e+01                 1
322  6.262926e+00                 1
323  8.830941e+01                 1
324  4.298569e+01                 1
325  8.687802e+01                 1
326  8.652712e+00                 1
327  1.314253e+00                 1
328  2.260736e+02                 1
329  5.144331e+01                 1
330  8.709349e+00                 1
331  2.003212e+01                 1
332  6.330371e+00                 1
333  1.752300e+02                 1
334  4.323399e+01                 1
335  7.844844e-02                 1
336  3.194537e+00                 1
337  2.023473e+01                 1
338  1.045239e+01                 1
339  1.517966e+01                 1
340  1.371643e+01                 1
341  4.303373e-01                 1
342  7.788371e+00                 1
343  6.591161e+01                 1
344  1.389112e+01                 1
345  3.011054e+01                 1
346  3.318807e+01                 1
347  3.507028e+00                 1
348  1.339631e+02                 1
349  3.206444e+00                 1
350  3.027244e+00                 1
351  2.008080e+01                 1
352  6.984273e+00                 1
353  2.866283e+01                 1
354  4.745080e+00                 1
355  7.978584e+00                 1
356  1.153638e+01                 1
357  9.702531e-02                 1
358  2.119907e+01                 1
359  1.271879e+02                 1
360  2.086850e+02                 1
361  2.101985e+02                 1
362  5.166777e+00                 1
363  1.265085e+02                 1
364  2.153169e+01                 1
365  4.061149e+00                 1
366  5.002835e-01                 1
367  2.294785e+00                 1
368  5.955172e+00                 1
369  1.133752e+01                 1
370  6.012715e+00                 1
371  3.626580e+01                 1
372  2.743136e+00                 1
373  6.800762e+01                 1
374  2.048420e+00                 1
375  5.688648e+01                 1
376  2.550424e-01                 1
377  1.149025e-01                 1
378  7.704110e+00                 1
379  1.264493e+01                 1
380  3.050921e+01                 1
381  1.481852e+00                 1
382  5.199513e-05                 1
383  1.808471e+00                 1
384  5.956272e+01                 1
385  4.363502e+00                 1
386  1.674965e+01                 1
387  3.457988e+01                 1
388  9.485518e+01                 1
389  6.567012e-01                 1
390  2.034539e+01                 1
391  1.318978e+01                 1
392  4.773356e-03                 1
393  1.007723e+01                 1
394  9.254340e+00                 1
395  2.438453e+00                 1
396  1.049925e+00                 1
397  6.829347e+00                 1
398  1.274406e+02                 1
399  1.869412e+02                 1
400  3.934783e-02                 1
401  3.970520e+00                 1
402  2.396418e+01                 1
403  1.962707e+00                 1
404  2.156805e+00                 1
405  1.371429e+02                 1
406  4.641251e+00                 1
407  1.700622e+01                 1
408  8.872566e+01                 1
409  1.558658e+01                 1
410  7.339648e+00                 1
411  8.051013e+00                 1
412  5.258482e+01                 1
413  1.159244e+02                 1
414  1.912831e+00                 1
415  9.204827e+01                 1
416  3.784262e+01                 1
417  3.008990e-02                 1
418  1.069373e+01                 1
419  5.597307e+01                 1
420  3.330175e+02                 1
421  5.068167e-03                 1
422  1.487879e+00                 1
423  9.069578e-01                 1
424  6.024115e-01                 1
425  1.085381e+02                 1
426  4.974818e+00                 1
427  7.512279e+00                 1
428  5.052079e+00                 1
429  3.860675e+01                 1
430  1.409722e+00                 1
431  2.772200e+01                 1
432  6.588877e-01                 1
433  3.582548e+01                 1
434  5.054092e+01                 1
435  2.925322e+01                 1
436  3.068908e+01                 1
437  1.043650e+02                 1
438  1.463532e+01                 1
439  6.250432e-03                 1
440  1.016851e+01                 1
441  5.888972e+01                 1
442  1.141379e+00                 1
443  1.089541e+00                 1
444  2.523292e+01                 1
445  6.031628e+01                 1
446  4.903474e+01                 1
447  8.166895e+01                 1
448  1.324059e+01                 1
449  2.972024e+00                 1
450  4.280100e+01                 1
451  3.898337e+00                 1
452  4.194443e-03                 1
453  9.932921e-01                 1
454  1.733804e+02                 1
455  4.963363e+01                 1
456  9.059574e-01                 1
457  2.708757e+00                 1
458  5.778864e+00                 1
459  8.361434e+01                 1
460  3.890920e+01                 1
461  8.971335e-03                 1
462  3.392305e+00                 1
463  3.652432e+00                 1
464  7.160585e+01                 1
465  6.149990e-01                 1
466  2.511967e+01                 1
467  9.234126e+00                 1
468  4.536184e+01                 1
469  3.721557e+00                 1
470  1.336354e+00                 1
471  7.078337e+00                 1
472  1.668059e+00                 1
473  3.835492e+00                 1
474  4.879033e+01                 1
475  1.160331e+00                 1
476  3.064499e+01                 1
477  2.222581e+00                 1
478  9.463003e+00                 1
479  1.170549e+02                 1
480  8.510793e+00                 1
481  6.121403e+01                 1
482  9.008107e-01                 1
483  1.061726e+01                 1
484  8.971742e+00                 1
485  1.280456e+00                 1
486  1.658450e+01                 1
487  5.627406e+00                 1
488  8.776279e+00                 1
489  1.034767e+01                 1
490  1.256169e+01                 1
491  3.761669e+00                 1
492  2.110469e+00                 1
493  4.182556e+00                 1
494  2.313313e-04                 1
495  1.113839e+01                 1
496  3.965880e+01                 1
497  7.040303e+00                 1
498  5.328808e+00                 1
499  2.186335e+02                 1
500  6.687932e+01                 1
501  9.990166e+01                 1
502  1.963672e+00                 1
503  1.243598e+01                 1
504  2.790408e-02                 1
505  8.015921e-01                 1
506  5.466220e+01                 1
507  6.040440e+01                 1
508  9.386169e+01                 1
509  2.087932e+02                 1
510  1.897530e+02                 1
511  9.376804e+01                 1
512  5.502335e+00                 1
513  3.057977e+01                 1
514  5.577483e+01                 1
515  8.181715e-01                 1
516  3.070224e+01                 1
517  4.073228e+02                 1
518  1.305899e+01                 1
519  1.415967e+01                 1
520  8.659501e-01                 1
521  1.204966e+00                 1
522  2.487000e+00                 1
523  8.136054e+01                 1
524  2.740026e+01                 1
525  1.141358e+01                 1
526  1.531542e+02                 1
527  1.290853e+01                 1
528  3.151718e+01                 1
529  3.034793e+00                 1
530  9.972894e+00                 1
531  1.228481e+00                 1
532  3.149453e+00                 1
533  2.595723e+01                 1
534  5.782842e-02                 1
535  1.135180e+03                 1
536  7.538198e+01                 1
537  2.820779e+01                 1
538  2.057861e+01                 1
539  1.990950e-05                 1
540  4.153061e-01                 1
541  5.279531e+01                 1
542  7.025048e+01                 1
543  6.579776e+00                 1
544  1.999815e+00                 1
545  8.875296e+00                 1
546  1.670306e+01                 1
547  8.056224e+00                 1
548  5.347488e+01                 1
549  9.095294e+01                 1
550  1.080896e+02                 1
551  5.118103e+01                 1
552  4.700330e+01                 1
553  1.410128e+02                 1
554  1.941105e+02                 1
555  8.914913e-01                 1
556  3.568682e+01                 1
557  9.960027e+00                 1
558  2.718582e+02                 1
559  1.632354e+00                 1
560  8.499735e+00                 1
561  2.716209e+01                 1
562  4.592207e+01                 1
563  1.112465e+02                 1
564  5.971651e+01                 1
565  5.800215e-01                 1
566  1.547316e+01                 1
567  3.528024e+01                 1
568  2.349007e+01                 1
569  8.307142e+00                 1
570  5.540281e+01                 1
571  3.021151e-01                 1
572  1.702138e+01                 1
573  1.187812e+01                 1
574  5.221543e+01                 1
575  3.689102e+02                 1
576  7.760472e+00                 1
577  1.564403e+00                 1
578  1.779606e+01                 1
579  1.430932e+00                 1
580  1.656927e+00                 1
581  1.498655e-01                 1
582  3.740625e+01                 1
583  3.108900e+00                 1
584  5.329517e+01                 1
585  7.991900e-01                 1
586  1.605815e+02                 1
587  1.549491e+01                 1
588  1.407564e+01                 1
589  5.009398e+00                 1
590  1.034219e+02                 1
591  5.379983e+01                 1
592  7.602619e-01                 1
593  1.869312e+01                 1
594  1.295986e+00                 1
595  1.491845e+01                 1
596  4.052652e+01                 1
597  3.068699e+00                 1
598  6.821095e+01                 1
599  1.662548e+01                 1
600  3.031193e+01                 1
601  1.256170e+00                 1
602  1.467424e+01                 1
603  4.041817e-01                 1
604  6.285926e+00                 1
605  3.728972e+01                 1
606  1.233819e+01                 1
607  6.868543e+01                 1
608  1.139611e+01                 1
609  1.581206e+01                 1
610  9.889018e+00                 1
611  1.392392e+00                 1
612  1.392848e+00                 1
613  1.081217e+01                 1
614  2.751799e+01                 1
615  1.237356e-01                 1
616  1.137401e+01                 1
617  1.022826e+01                 1
618  1.334894e+02                 1
619  2.728320e-06                 1
620  1.929627e+00                 1
621  7.465178e-01                 1
622  7.654794e-01                 1
623  5.882091e+00                 1
624  3.523833e+00                 1
625  1.213179e-02                 1
626  3.322387e+01                 1
627  2.919573e+01                 1
628  1.625715e+01                 1
629  2.279070e+00                 1
630  2.295138e+02                 1
631  1.179015e+01                 1
632  1.942630e+01                 1
633  2.782392e+01                 1
634  9.152219e+00                 1
635  1.069643e+01                 1
636  1.681188e+01                 1
637  1.064336e+01                 1
638  5.010116e+00                 1
639  1.473080e+01                 1
640  7.823606e-03                 1
641  2.071962e+01                 1
642  5.412933e+00                 1
643  4.358133e+01                 1
644  7.334194e+00                 1
645  6.467709e+01                 1
646  7.601984e+01                 1
647  1.190391e+01                 1
648  7.877182e+00                 1
649  3.460892e+00                 1
650  1.990927e-02                 1
651  1.812246e+01                 1
652  1.916732e+02                 1
653  3.209775e+01                 1
654  5.637487e+00                 1
655  7.308976e+00                 1
656  1.012042e+01                 1
657  7.649302e-01                 1
658  4.410603e+01                 1
659  3.196400e-01                 1
660  1.118778e+02                 1
661  3.995469e+00                 1
662  1.855600e+01                 1
663  9.935776e+01                 1
664  1.998418e-01                 1
665  1.600548e+00                 1
666  6.222638e-01                 1
667  3.914679e-02                 1
668  2.301809e+01                 1
669  7.652549e+00                 1
670  1.608033e+00                 1
671  1.204875e+01                 1
672  2.536002e+01                 1
673  2.278040e+00                 1
674  2.436270e+01                 1
675  9.439306e+01                 1
676  3.694905e+00                 1
677  2.817243e+00                 1
678  8.716782e+01                 1
679  1.923269e-01                 1
680  7.006148e+00                 1
681  4.971552e+00                 1
682  2.605399e+01                 1
683  2.228622e+00                 1
684  1.016549e+02                 1
685  2.805459e+02                 1
686  2.717419e+00                 1
687  1.239077e+02                 1
688  3.181342e+01                 1
689  9.207666e+01                 1
690  1.178635e+01                 1
691  4.084556e+01                 1
692  7.500932e+00                 1
693  1.396804e+00                 1
694  4.284256e-01                 1
695  1.997490e+01                 1
696  2.713445e+00                 1
697  8.522972e-01                 1
698  1.644052e+01                 1
699  3.533099e+01                 1
700  3.814104e+01                 1
701  1.298442e+01                 1
702  2.713455e-01                 1
703  4.984595e-02                 1
704  2.104302e+01                 1
705  3.064219e+00                 1
706  8.709835e+02                 1
707  2.246277e-01                 1
708  4.361839e+00                 1
709  7.990405e+01                 1
710  2.491103e+00                 1
711  1.700848e+01                 1
712  2.329010e-02                 1
713  2.474140e+01                 1
714  4.019900e+00                 1
715  1.857947e+01                 1
716  9.176781e+00                 1
717  1.933536e+02                 1
718  1.648647e-03                 1
719  1.799085e+01                 1
720  8.831047e+00                 1
721  2.054868e+00                 1
722  6.944114e-01                 1
723  3.292617e+01                 1
724  7.424900e+00                 1
725  1.001909e+02                 1
726  9.251846e+00                 1
727  2.470025e+00                 1
728  4.259530e+00                 1
729  1.779797e-01                 1
730  4.992888e+01                 1
731  2.195784e+01                 1
732  1.752838e+01                 1
733  4.901496e-02                 1
734  2.353624e+01                 1
735  1.563969e+00                 1
736  3.187818e+01                 1
737  1.081257e+00                 1
738  1.925654e+02                 1
739  2.940644e+00                 1
740  1.206419e+01                 1
741  3.034008e+01                 1
742  1.904773e+01                 1
743  1.381865e+01                 1
744  2.526990e+01                 1
745  1.229558e+01                 1
746  3.443158e+02                 1
747  2.265453e+01                 1
748  1.783353e+00                 1
749  2.130453e+01                 1
750  9.589021e+01                 1
751  6.281917e+01                 1
752  8.380474e+01                 1
753  1.541676e+00                 1
754  1.412158e+02                 1
755  3.912654e+01                 1
756  6.973815e+01                 1
757  5.557273e+01                 1
758  7.512718e+00                 1
759  3.880481e+00                 1
760  5.100291e+01                 1
761  1.778323e+02                 1
762  3.249613e+01                 1
763  3.163567e+02                 1
764  2.016427e-02                 1
765  1.034368e+02                 1
766  1.447550e+00                 1
767  5.350077e+00                 1
768  8.086317e+01                 1
769  7.748147e-02                 1
770  5.095512e+01                 1
771  1.626016e+01                 1
772  2.771826e+00                 1
773  5.149350e+01                 1
774  8.333963e+01                 1
775  1.394605e+01                 1
776  3.925922e+01                 1
777  6.080077e+01                 1
778  5.190223e+01                 1
779  2.165607e+00                 1
780  1.325874e+00                 1
781  4.830056e-02                 1
782  1.609930e+02                 1
783  5.550424e-02                 1
784  8.529990e+01                 1
785  1.020822e+02                 1
786  1.438140e+01                 1
787  6.141131e+00                 1
788  1.828284e+01                 1
789  3.308101e+01                 1
790  2.199355e+00                 1
791  3.312681e+01                 1
792  1.180458e+00                 1
793  2.205994e+01                 1
794  1.991667e-01                 1
795  1.989769e+00                 1
796  8.306299e+00                 1
797  7.258284e+01                 1
798  5.032895e+01                 1
799  1.128692e-01                 1
800  5.270429e-01                 1
801  4.390660e+00                 1
802  1.407606e+00                 1
803  9.294441e+00                 1
804  6.204672e+01                 1
805  6.947077e+00                 1
806  1.131855e+01                 1
807  2.765353e-01                 1
808  3.365271e+00                 1
809  1.040116e+01                 1
810  1.398755e+01                 1
811  1.400499e-02                 1
812  7.253618e+01                 1
813  6.258899e+01                 1
814  3.400860e+00                 1
815  4.568324e+00                 1
816  5.775658e-05                 1
817  7.179310e+00                 1
818  7.605433e+01                 1
819  1.696313e+01                 1
820  4.820857e+00                 1
821  2.935538e+00                 1
822  1.278089e-01                 1
823  3.230514e+00                 1
824  5.041810e+01                 1
825  6.835635e+01                 1
826  4.019495e+01                 1
827  4.829323e+00                 1
828  2.200920e+02                 1
829  3.584705e+02                 1
830  3.915453e+01                 1
831  2.801094e+01                 1
832  9.822822e-01                 1
833  3.248359e+00                 1
834  1.388295e+01                 1
835  9.651347e+01                 1
836  9.594743e+00                 1
837  2.976578e+01                 1
838  3.682399e+02                 1
839  8.628138e-01                 1
840  8.522342e-01                 1
841  9.469377e+00                 1
842  5.248954e+01                 1
843  3.207786e+00                 1
844  6.482330e+01                 1
845  1.369403e+01                 1
846  2.751263e+02                 1
847  1.550603e+01                 1
848  5.259017e+01                 1
849  5.193600e+01                 1
850  1.026331e+02                 1
851  3.188535e+00                 1
852  9.443344e+00                 1
853  1.349816e+01                 1
854  9.615144e+00                 1
855  6.278218e+00                 1
856  3.222600e-02                 1
857  9.934114e+00                 1
858  7.498250e+01                 1
859  2.233914e+01                 1
860  4.233621e+02                 1
861  4.222490e+01                 1
862  6.636188e+01                 1
863  2.649888e-01                 1
864  1.639832e+01                 1
865  2.236270e+02                 1
866  1.041945e+02                 1
867  6.055703e+00                 1
868  1.821041e+01                 1
869  2.228888e+00                 1
870  3.524200e+01                 1
871  7.929198e+00                 1
872  1.721960e+01                 1
873  7.523968e+00                 1
874  5.667675e+01                 1
875  1.662272e+00                 1
876  2.944985e+01                 1
877  2.457231e+01                 1
878  9.572372e+01                 1
879  9.191517e+00                 1
880  7.352884e+00                 1
881  4.694118e+01                 1
882  5.722876e+01                 1
883  7.267460e-01                 1
884  5.764150e+00                 1
885  7.511489e+00                 1
886  1.457584e+01                 1
887  5.988246e-01                 1
888  1.474370e+01                 1
889  5.996791e+00                 1
890  6.259198e+00                 1
891  9.926308e+01                 1
892  5.675369e-01                 1
893  1.396436e+01                 1
894  3.496058e+01                 1
895  1.221699e+02                 1
896  5.223555e+01                 1
897  2.093079e+00                 1
898  2.824905e+00                 1
899  4.775426e+01                 1
900  8.377425e+01                 1
901  4.045792e+01                 1
902  9.316315e+00                 1
903  1.172324e+00                 1
904  4.261082e+01                 1
905  4.510482e+01                 1
906  2.207682e+01                 1
907  1.747209e+00                 1
908  1.605347e+01                 1
909  4.549352e+01                 1
910  7.868071e+01                 1
911  1.208116e+01                 1
912  3.643406e+01                 1
913  4.397276e+01                 1
914  1.914253e+01                 1
915  1.656983e+02                 1
916  3.255460e+01                 1
917  1.543900e-01                 1
918  3.965485e+01                 1
919  2.059215e+02                 1
920  2.524103e+01                 1
921  4.489662e+01                 1
922  6.946686e+00                 1
923  1.005472e+01                 1
924  5.646585e+01                 1
925  2.973444e+01                 1
926  1.542111e+01                 1
927  2.561630e+02                 1
928  2.419332e+01                 1
929  3.226978e+02                 1
930  3.518104e+01                 1
931  7.863485e+01                 1
932  1.706857e+01                 1
933  2.678063e+00                 1
934  4.233307e-01                 1
935  1.226065e+01                 1
936  4.922371e+00                 1
937  7.374292e-01                 1
938  7.774023e+01                 1
939  1.682496e+00                 1
940  1.250485e+02                 1
941  3.258348e+01                 1
942  3.660045e+01                 1
943  1.188240e+01                 1
944  8.425809e+01                 1
945  7.095252e+01                 1
946  4.093849e+00                 1
947  2.189974e+01                 1
948  7.048494e+01                 1
949  1.933937e+02                 1
950  3.924130e+00                 1
951  2.097929e+01                 1
952  7.927491e+01                 1
953  1.367046e+00                 1
954  6.132660e-02                 1
955  3.895892e-01                 1
956  6.109532e+00                 1
957  1.125568e+01                 1
958  2.286404e+00                 1
959  1.511129e+00                 1
960  2.592983e+01                 1
961  6.809522e-01                 1
962  3.473863e+01                 1
963  9.317951e-03                 1
964  2.737536e+01                 1
965  1.820260e+01                 1
966  4.276965e+00                 1
967  2.228551e+01                 1
968  4.453040e+01                 1
969  3.281976e-02                 1
970  2.598147e-01                 1
971  9.164978e+01                 1
972  2.974617e+01                 1
973  5.570161e+01                 1
974  1.963841e+00                 1
975  4.818718e+01                 1
976  4.505502e+00                 1
977  4.157782e+01                 1
978  1.408701e+00                 1
979  2.384489e+01                 1
980  8.877776e-01                 1
981  1.999961e+01                 1
982  9.390250e+01                 1
983  8.234335e+01                 1
984  1.220892e+01                 1
985  4.178777e+00                 1
986  3.874587e+00                 1
987  5.747570e-01                 1
988  2.035313e-02                 1
989  3.788164e+00                 1
990  1.903006e+01                 1
991  4.048394e-01                 1
992  2.138388e+01                 1
993  1.768245e+01                 1
994  1.154739e+00                 1
995  3.243254e+01                 1
996  4.492347e+00                 1
997  5.030570e+01                 1
998  3.268341e+00                 1
999  2.532191e+01                 1
1000 3.900672e+00                 1
1001 3.266766e+01                 1
1002 3.042528e+01                 1
1003 6.686541e+00                 1
1004 3.369133e+00                 1
1005 4.978662e-02                 1
1006 8.760556e+01                 1
1007 1.162568e+01                 1
1008 2.453169e+02                 1
1009 3.724410e+01                 1
1010 1.954911e+01                 1
1011 8.517297e-01                 1
1012 1.323121e+02                 1
1013 4.670729e+01                 1
1014 8.952159e+00                 1
1015 1.995183e+01                 1
1016 1.902274e+01                 1
1017 8.842563e+00                 1
1018 2.648868e+00                 1
1019 2.295037e+01                 1
1020 6.314708e+00                 1
1021 8.242040e+00                 1
1022 3.123915e+01                 1
1023 1.251785e+00                 1
1024 2.257660e+01                 1
1025 8.345546e+00                 1
1026 1.050095e+01                 1
1027 8.252933e+00                 1
1028 1.108722e+01                 1
1029 1.289833e+01                 1
1030 3.859397e+01                 1
1031 2.383826e+00                 1
1032 6.054818e-02                 1
1033 1.464634e+01                 1
1034 3.669275e+01                 1
1035 2.303782e+01                 1
1036 4.249406e+01                 1
1037 2.206068e+01                 1
1038 3.412856e+01                 1
1039 2.380295e+01                 1
1040 1.116168e+00                 1
1041 2.660645e+01                 1
1042 7.135623e-04                 1
1043 2.024612e+01                 1
1044 3.007281e+00                 1
1045 3.086692e+01                 1
1046 6.923721e+01                 1
1047 3.821229e+00                 1
1048 1.653212e+01                 1
1049 3.079626e+00                 1
1050 1.876561e+01                 1
1051 3.313173e+01                 1
1052 8.518833e+00                 1
1053 1.463081e-01                 1
1054 2.402088e+00                 1
1055 1.082905e+00                 1
1056 7.403986e+00                 1
1057 1.073003e+00                 1
1058 3.061686e-01                 1
1059 1.272325e+01                 1
1060 4.852741e+00                 1
1061 8.781023e+01                 1
1062 1.687192e+01                 1
1063 9.732349e+00                 1
1064 1.070371e+01                 1
1065 9.757047e+01                 1
1066 1.276254e+01                 1
1067 8.588474e-01                 1
1068 6.036003e-01                 1
1069 9.555959e+01                 1
1070 5.662897e+00                 1
1071 1.896098e+01                 1
1072 7.619439e+01                 1
1073 8.666555e+00                 1
1074 6.175652e+01                 1
1075 6.269391e+00                 1
1076 4.563996e+01                 1
1077 1.362241e+01                 1
1078 1.424157e+01                 1
1079 1.547325e+01                 1
1080 1.654613e+00                 1
1081 7.322375e+01                 1
1082 1.659312e+02                 1
1083 2.793665e+01                 1
1084 1.199618e+02                 1
1085 1.401804e-01                 1
1086 9.116238e+01                 1
1087 3.254733e+01                 1
1088 8.996314e+01                 1
1089 7.310510e-03                 1
1090 3.089458e+01                 1
1091 1.848986e+02                 1
1092 6.652814e+01                 1
1093 1.225530e+02                 1
1094 5.727926e+00                 1
1095 4.532751e+01                 1
1096 5.606088e+00                 1
1097 8.353415e+00                 1
1098 1.624401e+01                 1
1099 1.186936e+01                 1
1100 2.275293e+01                 1
1101 1.287963e-01                 1
1102 2.150820e+01                 1
1103 7.489947e+00                 1
1104 1.666396e+01                 1
1105 4.597179e-01                 1
1106 1.859158e-01                 1
1107 1.237294e+01                 1
1108 1.047349e+01                 1
1109 2.896534e+01                 1
1110 1.118476e+00                 1
1111 2.141257e+01                 1
1112 2.181236e+01                 1
1113 3.177557e+00                 1
1114 8.424881e+01                 1
1115 1.878571e+02                 1
1116 3.330414e+01                 1
1117 1.519413e+01                 1
1118 9.575931e+01                 1
1119 1.597250e+01                 1
1120 9.294091e+00                 1
1121 6.800094e-02                 1
1122 7.902350e+00                 1
1123 3.251275e-01                 1
1124 8.414116e+01                 1
1125 8.089573e-01                 1
1126 8.153752e+00                 1
1127 2.738730e+00                 1
1128 2.915473e-01                 1
1129 2.761734e+01                 1
1130 1.021916e+01                 1
1131 5.870351e+00                 1
1132 3.697969e+01                 1
1133 4.158470e+00                 1
1134 2.196155e+01                 1
1135 5.490130e+00                 1
1136 1.810750e+00                 1
1137 1.673553e+00                 1
1138 7.236430e+00                 1
1139 4.616632e+00                 1
1140 6.281363e+00                 1
1141 1.874514e+00                 1
1142 6.071994e+01                 1
1143 1.469067e+01                 1
1144 1.633331e+02                 1
1145 1.081572e+00                 1
1146 3.341518e+00                 1
1147 2.169713e+01                 1
1148 5.771868e+01                 1
1149 1.260673e+01                 1
1150 1.000649e+02                 1
1151 6.390293e-01                 1
1152 2.272707e+01                 1
1153 3.898504e+01                 1
1154 3.603511e+01                 1
1155 1.029358e+01                 1
1156 1.267852e+02                 1
1157 8.777425e+01                 1
1158 6.366507e+00                 1
1159 2.813097e-01                 1
1160 1.968350e+01                 1
1161 1.562025e+01                 1
1162 1.001200e+01                 1
1163 1.051473e+02                 1
1164 2.479245e+01                 1
1165 8.301558e+01                 1
1166 1.919386e+01                 1
1167 1.940090e+01                 1
1168 1.203196e+01                 1
1169 2.310235e+02                 1
1170 3.207958e+01                 1
1171 1.869282e+00                 1
1172 1.900573e+00                 1
1173 1.471961e+02                 1
1174 1.064237e+02                 1
1175 1.105715e+01                 1
1176 1.732851e+01                 1
1177 7.100509e-02                 1
1178 3.819041e+00                 1
1179 3.039090e+01                 1
1180 2.611888e+01                 1
1181 2.934166e+01                 1
1182 7.609010e+00                 1
1183 1.790892e+01                 1
1184 4.065208e+00                 1
1185 2.449257e+01                 1
1186 1.866663e+02                 1
1187 7.271929e+01                 1
1188 3.322940e+02                 1
1189 2.729338e+01                 1
1190 1.522856e+01                 1
1191 1.016059e+00                 1
1192 7.758040e+01                 1
1193 4.757597e+01                 1
1194 4.977417e+00                 1
1195 2.897392e+02 0.497813333333333
1196 1.721600e+01                 1
1197 1.995319e+02                 1
1198 1.620407e+01                 1
1199 1.437956e+02                 1
1200 1.108072e+00                 1
1201 1.220107e+02                 1
1202 2.044673e+01                 1
1203 1.684090e-01                 1
1204 1.581293e+01                 1
1205 1.359186e+00                 1
1206 7.099098e+01                 1
1207 7.280145e+00                 1
1208 1.910303e+00                 1
1209 1.135269e+01                 1
1210 8.564928e-02                 1
1211 8.671717e+01                 1
1212 5.519045e+01                 1
1213 1.416204e+01                 1
1214 1.718263e+01                 1
1215 8.208561e+00                 1
1216 1.833363e+00                 1
1217 2.567629e+01                 1
1218 5.799933e+01                 1
1219 7.415852e+01                 1
1220 8.482961e+00                 1
1221 3.818013e+02                 1
1222 2.499517e+01                 1
1223 1.925353e+02                 1
1224 5.408711e-02                 1
1225 2.418248e+00                 1
1226 3.691552e+00                 1
1227 5.388942e+00                 1
1228 1.438741e+00                 1
1229 3.269369e+01                 1
1230 1.060293e+01                 1
1231 9.486885e-01                 1
1232 2.724668e+00                 1
1233 5.294037e+01                 1
1234 4.843731e+00                 1
1235 7.187933e+01                 1
1236 5.296932e-01                 1
1237 1.004133e-01                 1
1238 5.297517e-01                 1
1239 7.580479e+01                 1
1240 5.118392e+01                 1
1241 1.670700e+01                 1
1242 4.418600e+01                 1
1243 2.221475e+01                 1
1244 1.333933e+01                 1
1245 2.677466e-02                 1
1246 4.804758e+01                 1
1247 2.460464e+01                 1
1248 1.393113e+01                 1
1249 6.954720e+00                 1
1250 8.856188e+01                 1
1251 6.961416e+00                 1
1252 7.455004e-01                 1
1253 5.191657e-01                 1
1254 4.775275e+02                 1
1255 1.761198e+01                 1
1256 3.158446e+01                 1
1257 3.426616e+01                 1
1258 2.518990e+01                 1
1259 6.995685e+00                 1
1260 1.626680e-01                 1
1261 6.562336e+00                 1
1262 2.600357e+01                 1
1263 7.090373e-01                 1
1264 8.891534e+00                 1
1265 7.785636e+01                 1
1266 3.629394e+01                 1
1267 2.620434e+01                 1
1268 1.058422e+02                 1
1269 8.948022e+00                 1
1270 1.697474e+00                 1
1271 1.796657e+01                 1
1272 2.210497e+02                 1
1273 2.888112e+01                 1
1274 5.167796e+00                 1
1275 8.423850e-01                 1
1276 1.332751e+00                 1
1277 2.000739e+01                 1
1278 2.718299e+01                 1
1279 4.148548e+01                 1
1280 6.733218e+01                 1
1281 2.795029e+01                 1
1282 1.000397e-02                 1
1283 1.197650e+01                 1
1284 4.295481e-03                 1
1285 2.069401e+00                 1
1286 5.962465e+01                 1
1287 3.257039e+01                 1
1288 7.035976e+01                 1
1289 2.355642e+00                 1
1290 4.635244e-01                 1
1291 1.415233e+01                 1
1292 2.932473e+01                 1
1293 6.981969e-04                 1
1294 5.220138e+01                 1
1295 2.806456e+01                 1
1296 1.392785e+01                 1
1297 6.608747e+02                 1
1298 4.632796e+01                 1
1299 1.363671e+00                 1
1300 1.563009e+02                 1
1301 4.993554e+00                 1
1302 4.804872e+00                 1
1303 1.094917e+02                 1
1304 9.921207e+00                 1
1305 1.427647e+02                 1
1306 1.700646e+02                 1
1307 1.005569e+02                 1
1308 7.502674e-02                 1
1309 1.157366e+01                 1
1310 5.348073e+00                 1
1311 3.985953e+01                 1
1312 7.896027e-01                 1
1313 7.655499e+00                 1
1314 2.257261e+00                 1
1315 2.831348e+01                 1
1316 2.053435e+02                 1
1317 1.536122e+01                 1
1318 1.236664e+01                 1
1319 2.440826e+01                 1
1320 2.261562e-01                 1
1321 1.869934e+01                 1
1322 2.808573e-01                 1
1323 1.631141e-01                 1
1324 4.805843e+01                 1
1325 5.116371e+01                 1
1326 4.498681e+00                 1
1327 3.679679e+01                 1
1328 4.348934e+00                 1
1329 6.713282e+01                 1
1330 3.010842e+01                 1
1331 2.086383e+00                 1
1332 1.392800e+00                 1
1333 8.153699e+01                 1
1334 2.258871e+01                 1
1335 6.583360e+01                 1
1336 7.602862e+01                 1
1337 2.127057e-02                 1
1338 2.139607e+01                 1
1339 7.483237e+01                 1
1340 1.544356e+01                 1
1341 5.318555e+01                 1
1342 3.868628e+01                 1
1343 1.757829e+02                 1
1344 4.316495e-02                 1
1345 2.293785e+00                 1
1346 6.885775e-01                 1
1347 3.181139e+01                 1
1348 4.813896e+00                 1
1349 1.204342e+00                 1
1350 3.118358e+00                 1
1351 2.021108e+01                 1
1352 4.669494e+01                 1
1353 4.852614e+01                 1
1354 5.013727e-01                 1
1355 1.413728e-01                 1
1356 2.919927e+01                 1
1357 2.025499e+00                 1
1358 3.315709e+00                 1
1359 7.431597e+01                 1
1360 2.396624e+00                 1
1361 3.088236e+00                 1
1362 2.515405e-02                 1
1363 1.900753e+00                 1
1364 1.490830e-01                 1
1365 5.614927e+01                 1
1366 2.444284e+00                 1
1367 8.299224e+00                 1
1368 3.852998e-01                 1
1369 4.407324e-01                 1
1370 1.208660e+00                 1
1371 4.167706e+01                 1
1372 1.527763e+00                 1
1373 4.475108e+00                 1
1374 1.739185e+01                 1
1375 1.626521e+02                 1
1376 1.321988e-01                 1
1377 7.794297e+01                 1
1378 4.216876e+00                 1
1379 1.480377e+00                 1
1380 1.395329e+01                 1
1381 6.487657e-01                 1
1382 4.479239e+01                 1
1383 8.145864e+00                 1
1384 2.237618e+01                 1
1385 3.789379e+00                 1
1386 1.081709e+02                 1
1387 4.778300e+01                 1
1388 9.827732e-01                 1
1389 5.413939e+00                 1
1390 1.169629e-01                 1
1391 1.923853e+01                 1
1392 1.210063e+02                 1
1393 5.551246e+00                 1
1394 2.578976e+01                 1
1395 1.342666e+01                 1
1396 1.704499e-01                 1
1397 2.903364e+01                 1
1398 1.431289e+00                 1
1399 9.599752e+00                 1
1400 1.155588e+02                 1
1401 1.852057e+00                 1
1402 2.836490e+00                 1
1403 3.852034e+00                 1
1404 8.625889e+01                 1
1405 2.218621e+01                 1
1406 1.456932e+01                 1
1407 3.685802e-03                 1
1408 1.818486e+00                 1
1409 2.208067e+02                 1
1410 1.164124e-01                 1
1411 2.853672e-01                 1
1412 7.537357e-01                 1
1413 3.966750e+00                 1
1414 9.137698e+01                 1
1415 2.111171e+01                 1
1416 1.667719e+02                 1
1417 4.748628e-01                 1
1418 6.153345e+01                 1
1419 1.493526e+01                 1
1420 5.212553e+00                 1
1421 1.155073e+01                 1
1422 3.340553e+01                 1
1423 6.019997e+00                 1
1424 1.443118e+01                 1
1425 6.182409e+00                 1
1426 3.266008e+00                 1
1427 1.100563e+00                 1
1428 7.425979e-01                 1
1429 1.420005e+01                 1
1430 2.705138e+01                 1
1431 7.701543e+01                 1
1432 2.507249e+01                 1
1433 7.698479e+00                 1
1434 2.627459e-01                 1
1435 1.324899e+01                 1
1436 2.660593e+01                 1

$`MR-PRESSO results`$`Distortion Test`
$`MR-PRESSO results`$`Distortion Test`$`Outliers Indices`
[1] "No significant outliers"

$`MR-PRESSO results`$`Distortion Test`$`Distortion Coefficient`
[1] NA

$`MR-PRESSO results`$`Distortion Test`$Pvalue
[1] NA



