$`Main MR results`
       Exposure       MR Analysis Causal Estimate         Sd     T-stat
1 beta.exposure               Raw      0.01363319 0.10740959  0.1269271
2 beta.exposure Outlier-corrected     -0.04235560 0.09555291 -0.4432685
    P-value
1 0.8992529
2 0.6585387

$`MR-PRESSO results`
$`MR-PRESSO results`$`Global Test`
$`MR-PRESSO results`$`Global Test`$RSSobs
[1] 159.2494

$`MR-PRESSO results`$`Global Test`$Pvalue
[1] 3e-04


$`MR-PRESSO results`$`Outlier Test`
          RSSobs  Pvalue
1   5.389941e-05       1
2   5.518773e-05       1
3   6.518950e-06       1
4   1.072632e-04       1
5   1.017159e-05       1
6   4.233401e-04       1
7   4.912670e-05       1
8   8.793950e-07       1
9   1.308694e-05       1
10  8.820416e-05       1
11  1.949450e-06       1
12  1.746736e-04       1
13  3.701432e-05       1
14  5.136725e-05       1
15  4.820878e-04       1
16  7.743250e-05       1
17  2.899475e-04       1
18  7.061687e-05       1
19  7.619477e-06       1
20  1.513838e-05       1
21  4.071971e-04       1
22  3.343060e-05       1
23  6.141702e-05       1
24  1.286580e-05       1
25  2.278918e-04       1
26  2.477224e-05       1
27  1.748747e-04       1
28  7.790837e-05       1
29  2.177789e-04       1
30  2.732288e-03 <0.0101
31  4.862987e-05       1
32  2.450702e-07       1
33  7.132402e-05       1
34  8.322450e-07       1
35  3.224871e-06       1
36  3.072617e-07       1
37  2.495196e-04       1
38  3.030504e-05       1
39  2.186035e-04       1
40  8.877957e-05       1
41  3.815510e-05       1
42  1.581509e-05       1
43  7.865513e-06       1
44  2.917675e-05       1
45  1.329494e-05       1
46  9.108282e-05       1
47  7.760463e-05       1
48  9.510149e-04       1
49  3.547766e-05       1
50  2.872581e-05       1
51  2.638827e-06       1
52  2.741189e-04       1
53  1.591764e-06       1
54  1.370265e-04       1
55  3.601223e-04       1
56  1.889311e-04       1
57  1.313041e-04       1
58  2.521098e-04       1
59  1.023648e-04       1
60  4.018975e-05       1
61  8.804211e-05       1
62  2.780366e-04       1
63  7.100590e-04  0.2323
64  3.536082e-09       1
65  1.366596e-05       1
66  1.239716e-05       1
67  3.214065e-04       1
68  5.038849e-04       1
69  6.517603e-05       1
70  3.283963e-05       1
71  6.952824e-05       1
72  1.475435e-06       1
73  4.191776e-04       1
74  3.807413e-05       1
75  6.394222e-06       1
76  3.800885e-05       1
77  1.644195e-05       1
78  1.132017e-04       1
79  3.011930e-06       1
80  1.596443e-04       1
81  1.207590e-04       1
82  3.278380e-06       1
83  7.022505e-08       1
84  4.589415e-04       1
85  1.169571e-04       1
86  9.068804e-05       1
87  3.038136e-05       1
88  1.088484e-05       1
89  1.175885e-04       1
90  8.367307e-06       1
91  1.597941e-06       1
92  1.160123e-06       1
93  4.910044e-05       1
94  1.329454e-04       1
95  1.257109e-05       1
96  5.206042e-04       1
97  8.901159e-05       1
98  3.238938e-04       1
99  1.612933e-05       1
100 4.522379e-08       1
101 2.148273e-05       1

$`MR-PRESSO results`$`Distortion Test`
$`MR-PRESSO results`$`Distortion Test`$`Outliers Indices`
[1] 30

$`MR-PRESSO results`$`Distortion Test`$`Distortion Coefficient`
beta.exposure 
     132.1875 

$`MR-PRESSO results`$`Distortion Test`$Pvalue
[1] 0.1894



