$`Main MR results`
       Exposure       MR Analysis Causal Estimate       Sd     T-stat   P-value
1 beta.exposure               Raw       13.382928 55.11579  0.2428148 0.8086669
2 beta.exposure Outlier-corrected       -9.803015 51.43090 -0.1906055 0.8492414

$`MR-PRESSO results`
$`MR-PRESSO results`$`Global Test`
$`MR-PRESSO results`$`Global Test`$RSSobs
[1] 133.7957

$`MR-PRESSO results`$`Global Test`$Pvalue
[1] 0.0104


$`MR-PRESSO results`$`Outlier Test`
         RSSobs  Pvalue
1  2.879289e+01       1
2  1.181380e+01       1
3  9.223309e+01       1
4  1.208491e+01       1
5  5.262785e+01       1
6  1.692271e+01       1
7  9.526080e+01       1
8  2.831725e+01       1
9  1.042818e+01       1
10 6.652976e-02       1
11 5.052704e-01       1
12 2.969744e+01       1
13 1.949569e+01       1
14 3.058272e+01       1
15 1.338717e+02       1
16 2.449648e+01       1
17 1.177340e+02       1
18 1.263158e-02       1
19 6.609564e+01       1
20 9.217627e+00       1
21 4.016908e+00       1
22 4.510127e+00       1
23 2.739756e-01       1
24 1.398979e+00       1
25 1.691390e+02       1
26 1.289618e-02       1
27 9.020264e+00       1
28 9.912743e+01       1
29 4.426527e+02 <0.0097
30 4.435479e+00       1
31 1.075353e+01       1
32 6.396606e+01       1
33 8.782779e+00       1
34 2.473813e+01       1
35 3.046352e+00       1
36 2.233070e+01       1
37 1.691634e-01       1
38 2.598971e+01       1
39 2.460417e+01       1
40 2.399944e+01       1
41 1.054360e+01       1
42 1.002823e+01       1
43 7.761155e+00       1
44 9.873536e-01       1
45 5.243305e+00       1
46 5.807452e+01       1
47 4.426361e-01       1
48 1.953371e+01       1
49 9.831145e+00       1
50 4.883812e+01       1
51 2.687679e+01       1
52 2.224128e+01       1
53 1.928589e+01       1
54 2.716765e+01       1
55 3.817286e+01       1
56 2.208539e+01       1
57 8.133099e+01       1
58 3.864269e+00       1
59 6.090388e+01       1
60 7.455709e+00       1
61 1.395708e+02  0.8633
62 9.385593e-02       1
63 2.057474e+00       1
64 1.510447e+00       1
65 1.077393e+01       1
66 7.272294e+01       1
67 1.083685e+01       1
68 1.011821e+00       1
69 4.565590e+01       1
70 2.613621e+00       1
71 1.643855e+02       1
72 2.059163e+00       1
73 4.231488e+01       1
74 9.125525e+00       1
75 1.099372e+01       1
76 2.808504e+01       1
77 1.424953e+01       1
78 3.234845e+01       1
79 5.070397e+00       1
80 6.188153e+00       1
81 9.398203e+01       1
82 2.524388e+00       1
83 6.063771e+00       1
84 1.817507e-01       1
85 1.185179e-01       1
86 9.818517e-01       1
87 7.740629e+00       1
88 1.046585e-05       1
89 3.363607e+01       1
90 2.579847e+01       1
91 3.071900e+01       1
92 2.834994e+01       1
93 2.324872e+02  0.2231
94 4.176770e+01       1
95 8.261815e+01       1
96 6.977534e+00       1
97 1.240514e+01       1

$`MR-PRESSO results`$`Distortion Test`
$`MR-PRESSO results`$`Distortion Test`$`Outliers Indices`
[1] 29

$`MR-PRESSO results`$`Distortion Test`$`Distortion Coefficient`
beta.exposure 
     236.5185 

$`MR-PRESSO results`$`Distortion Test`$Pvalue
[1] 0.1



