$`Main MR results`
       Exposure       MR Analysis Causal Estimate         Sd    T-stat
1 beta.exposure               Raw      -0.3349457 0.06591324 -5.081616
2 beta.exposure Outlier-corrected      -0.3464953 0.06492845 -5.336571
       P-value
1 5.571728e-07
2 1.530918e-07

$`MR-PRESSO results`
$`MR-PRESSO results`$`Global Test`
$`MR-PRESSO results`$`Global Test`$RSSobs
[1] 517.255

$`MR-PRESSO results`$`Global Test`$Pvalue
[1] 0.00524


$`MR-PRESSO results`$`Outlier Test`
          RSSobs  Pvalue
1   3.237266e-04       1
2   1.758480e-04       1
3   2.147002e-04       1
4   3.842469e-06       1
5   4.428727e-04       1
6   1.272533e-04       1
7   2.048465e-04       1
8   1.849609e-04       1
9   4.253036e-04       1
10  5.191704e-04       1
11  6.363892e-07       1
12  8.764109e-05       1
13  1.566711e-06       1
14  1.265962e-04       1
15  5.998208e-05       1
16  8.771017e-04       1
17  4.539209e-06       1
18  3.097509e-04       1
19  5.115863e-05       1
20  3.647352e-08       1
21  9.756153e-04       1
22  2.229400e-04       1
23  1.022102e-03       1
24  1.710633e-05       1
25  7.420015e-04       1
26  8.168385e-04       1
27  8.074135e-05       1
28  4.420498e-04       1
29  2.654821e-04       1
30  8.587180e-05       1
31  8.065089e-04       1
32  1.105915e-03       1
33  1.193399e-06       1
34  1.940675e-03       1
35  5.812702e-05       1
36  1.501295e-04       1
37  1.251152e-05       1
38  7.881815e-04       1
39  3.483799e-04       1
40  7.528537e-06       1
41  1.451873e-03       1
42  1.878767e-07       1
43  1.114382e-04       1
44  1.596411e-06       1
45  9.544764e-04       1
46  3.043192e-04       1
47  7.110971e-04       1
48  1.024900e-03       1
49  8.044320e-06       1
50  1.629409e-04       1
51  3.365868e-05       1
52  9.145404e-06       1
53  3.773144e-05       1
54  2.003382e-03       1
55  3.470801e-05       1
56  4.467146e-05       1
57  9.348729e-05       1
58  1.829756e-04       1
59  9.814451e-04       1
60  1.073734e-04       1
61  1.088252e-03       1
62  8.434532e-04       1
63  7.900723e-05       1
64  8.833139e-05       1
65  1.906478e-05       1
66  1.880058e-03       1
67  5.873695e-05       1
68  6.121763e-05       1
69  3.571143e-04       1
70  7.365016e-04       1
71  4.402031e-04       1
72  3.530512e-05       1
73  2.089413e-04       1
74  1.067776e-03       1
75  3.172472e-07       1
76  8.068519e-04       1
77  4.923106e-05       1
78  2.053262e-07       1
79  1.536939e-04       1
80  2.643665e-04       1
81  1.808943e-04       1
82  2.129824e-04       1
83  1.237069e-05       1
84  3.457005e-05       1
85  2.321637e-04       1
86  1.181577e-03       1
87  7.129033e-05       1
88  6.986333e-05       1
89  1.730230e-03       1
90  8.155011e-04       1
91  1.152129e-02       1
92  7.638411e-05       1
93  8.477826e-04       1
94  1.084711e-06       1
95  1.894638e-05       1
96  4.604336e-04       1
97  2.922331e-04       1
98  2.476388e-05       1
99  1.403053e-04       1
100 7.022317e-06       1
101 1.482288e-04       1
102 4.484640e-06       1
103 7.371245e-05       1
104 2.721200e-05       1
105 2.232208e-04       1
106 3.476839e-06       1
107 2.530165e-04       1
108 8.201051e-06       1
109 2.419567e-04       1
110 3.976632e-04       1
111 5.192329e-04       1
112 5.162669e-04       1
113 2.193583e-06       1
114 1.248753e-04       1
115 2.562575e-04       1
116 1.694635e-04       1
117 3.771680e-04       1
118 8.552248e-05       1
119 2.799442e-03       1
120 7.382335e-04       1
121 1.835481e-05       1
122 8.772625e-05       1
123 4.483003e-05       1
124 1.190353e-03       1
125 9.497815e-05       1
126 3.687294e-03       1
127 4.139988e-04       1
128 1.364058e-05       1
129 4.657614e-04       1
130 5.877678e-06       1
131 1.368012e-03       1
132 9.974716e-05       1
133 5.576556e-04       1
134 1.239518e-04       1
135 7.896951e-05       1
136 5.579198e-05       1
137 1.274927e-04       1
138 3.787745e-04       1
139 9.253230e-05       1
140 9.840074e-04       1
141 2.147724e-05       1
142 1.382839e-04       1
143 2.455522e-05       1
144 8.058062e-05       1
145 2.712888e-04       1
146 7.098459e-05       1
147 1.171983e-03       1
148 8.416747e-05       1
149 4.267535e-05       1
150 1.303175e-05       1
151 2.724022e-04       1
152 8.595541e-05       1
153 2.867662e-04       1
154 7.736417e-04       1
155 1.948043e-04       1
156 2.339316e-03       1
157 8.272151e-05       1
158 4.626059e-05       1
159 8.293354e-07       1
160 1.096510e-04       1
161 4.081511e-05       1
162 2.243503e-08       1
163 2.953414e-04       1
164 1.007705e-04       1
165 6.874289e-05       1
166 4.192907e-04       1
167 8.684942e-04       1
168 6.117275e-03       1
169 3.494609e-04       1
170 8.283391e-05       1
171 6.160190e-05       1
172 3.359279e-04       1
173 5.013306e-05       1
174 1.750369e-04       1
175 3.638828e-04       1
176 9.352312e-05       1
177 5.777554e-05       1
178 3.272380e-04       1
179 1.228033e-04       1
180 2.784352e-05       1
181 4.482260e-04       1
182 6.824064e-05       1
183 1.571226e-03       1
184 4.556203e-05       1
185 1.314082e-04       1
186 1.678468e-04       1
187 3.080523e-04       1
188 7.343815e-05       1
189 2.920914e-04       1
190 6.774981e-05       1
191 1.757631e-04       1
192 3.637246e-05       1
193 4.762436e-03 <0.0174
194 9.805645e-08       1
195 7.134231e-05       1
196 6.698268e-05       1
197 6.987502e-05       1
198 3.582909e-04       1
199 2.697747e-05       1
200 2.331750e-03       1
201 6.392734e-08       1
202 1.557696e-04       1
203 4.731948e-04       1
204 1.972244e-05       1
205 1.937011e-03       1
206 3.125443e-07       1
207 2.564558e-04       1
208 1.583542e-04       1
209 4.217807e-05       1
210 4.164785e-04       1
211 3.434945e-08       1
212 2.755702e-04       1
213 6.204687e-05       1
214 1.122317e-03       1
215 8.972326e-04       1
216 4.120724e-04       1
217 6.788648e-06       1
218 8.601905e-05       1
219 1.098451e-04       1
220 5.506130e-04       1
221 1.903514e-06       1
222 1.140492e-05       1
223 6.603773e-06       1
224 2.617865e-04       1
225 2.772248e-04       1
226 5.925702e-05       1
227 2.521392e-04       1
228 1.055695e-05       1
229 4.190874e-05       1
230 8.387409e-04       1
231 7.076668e-07       1
232 3.767710e-06       1
233 4.250433e-04       1
234 7.635417e-05       1
235 1.708028e-03       1
236 5.894540e-05       1
237 7.175645e-05       1
238 1.048583e-04       1
239 1.349316e-04       1
240 4.471426e-04       1
241 2.833326e-06       1
242 4.780039e-05       1
243 3.065998e-04       1
244 8.542955e-05       1
245 4.934666e-07       1
246 4.320453e-05       1
247 3.851072e-05       1
248 3.416548e-04       1
249 1.011846e-04       1
250 2.629411e-05       1
251 1.133531e-06       1
252 3.079959e-04       1
253 2.939301e-06       1
254 1.773138e-04       1
255 7.268439e-04       1
256 1.498255e-04       1
257 3.574765e-04       1
258 6.432776e-05       1
259 1.146827e-05       1
260 6.194893e-05       1
261 3.100244e-04       1
262 5.693342e-04       1
263 1.294122e-05       1
264 2.809243e-05       1
265 1.220714e-03       1
266 7.124391e-06       1
267 2.148854e-05       1
268 1.070671e-04       1
269 5.373132e-04       1
270 3.340406e-05       1
271 7.238650e-04       1
272 5.635617e-04       1
273 1.287636e-04       1
274 1.623902e-04       1
275 2.246280e-05       1
276 2.356059e-05       1
277 5.843312e-05       1
278 3.349946e-03       1
279 9.641560e-05       1
280 3.651378e-04       1
281 2.245243e-03       1
282 4.484902e-04       1
283 3.158217e-04       1
284 1.548236e-05       1
285 1.638141e-05       1
286 3.412104e-07       1
287 3.969572e-04       1
288 5.454555e-05       1
289 2.869460e-03       1
290 4.296066e-04       1
291 2.739724e-04       1
292 8.041181e-04       1
293 4.453389e-04       1
294 1.777406e-04       1
295 3.404045e-04       1
296 2.412437e-04       1
297 2.124586e-04       1
298 1.361971e-04       1
299 5.592552e-04       1
300 4.056753e-05       1
301 1.062983e-03       1
302 2.321539e-04       1
303 2.368303e-04       1
304 8.852681e-05       1
305 2.536157e-06       1
306 2.088821e-04       1
307 4.684176e-04       1
308 3.918297e-05       1
309 5.332273e-04       1
310 1.500419e-03       1
311 3.333092e-05       1
312 1.163291e-04       1
313 7.607123e-04       1
314 5.548921e-07       1
315 1.202845e-03       1
316 4.161754e-03       1
317 4.814194e-04       1
318 1.306734e-05       1
319 9.922834e-05       1
320 2.507682e-06       1
321 2.265090e-03       1
322 4.937935e-08       1
323 5.255043e-04       1
324 3.261065e-04       1
325 2.201438e-05       1
326 1.055039e-03       1
327 1.105637e-04       1
328 3.352427e-05       1
329 3.597227e-04       1
330 3.517258e-05       1
331 4.719835e-04       1
332 2.266166e-04       1
333 1.839407e-04       1
334 3.519623e-04       1
335 4.930964e-05       1
336 1.683366e-05       1
337 1.231474e-04       1
338 3.753162e-05       1
339 5.924259e-05       1
340 6.275135e-05       1
341 8.240256e-04       1
342 6.068883e-04       1
343 3.042709e-05       1
344 4.918543e-04       1
345 2.667855e-04       1
346 5.259839e-05       1
347 4.588449e-05       1
348 6.149854e-04       1
349 3.964188e-04       1
350 1.003088e-04       1
351 8.361609e-04       1
352 8.317277e-05       1
353 7.167522e-04       1
354 1.414353e-04       1
355 9.016345e-05       1
356 9.346766e-06       1
357 1.316340e-07       1
358 2.136226e-05       1
359 7.704515e-07       1
360 1.787263e-06       1
361 2.158910e-04       1
362 6.137817e-04       1
363 1.690977e-03       1
364 1.212618e-03       1
365 3.387667e-04       1
366 2.121784e-03       1
367 2.521386e-04       1
368 9.451008e-04       1
369 1.654360e-04       1
370 6.440478e-04       1
371 3.402930e-04       1
372 8.728688e-05       1
373 6.090082e-05       1
374 6.970996e-05       1
375 7.972434e-04       1
376 2.203535e-04       1
377 4.819787e-04       1
378 1.596834e-05       1
379 2.150475e-04       1
380 5.082552e-03       1
381 4.949521e-04       1
382 1.335151e-04       1
383 2.081069e-04       1
384 1.519098e-05       1
385 5.715357e-04       1
386 5.983746e-04       1
387 9.558894e-03       1
388 1.656867e-04       1
389 3.922657e-06       1
390 2.139190e-05       1
391 6.679624e-05       1
392 1.042163e-04       1
393 9.217541e-04       1
394 2.659022e-04       1
395 2.086611e-04       1
396 2.112266e-05       1
397 9.665883e-04       1
398 1.529314e-04       1
399 1.651680e-03       1
400 3.459455e-06       1
401 6.719929e-05       1
402 5.848479e-07       1
403 3.269230e-04       1
404 1.977787e-06       1
405 5.444144e-03  0.2088
406 1.636205e-05       1
407 6.323600e-05       1
408 2.643807e-04       1
409 2.646868e-05       1
410 9.124337e-04       1
411 5.368948e-04       1
412 5.636189e-04       1
413 1.308106e-03       1
414 4.134700e-05       1
415 6.944654e-04       1
416 2.949114e-04       1
417 1.030956e-05       1
418 4.777895e-04       1
419 4.798899e-04       1
420 3.342670e-04       1
421 3.408291e-07       1
422 2.187148e-04       1
423 2.782279e-04       1
424 1.897597e-03       1
425 4.534174e-05       1
426 6.863895e-04       1
427 7.676040e-04       1
428 4.422730e-04       1
429 6.764556e-04       1
430 2.298575e-04       1
431 1.594702e-04       1
432 1.026178e-03       1
433 3.395556e-06       1
434 1.320868e-04       1
435 1.460381e-04       1

$`MR-PRESSO results`$`Distortion Test`
$`MR-PRESSO results`$`Distortion Test`$`Outliers Indices`
[1] 193

$`MR-PRESSO results`$`Distortion Test`$`Distortion Coefficient`
beta.exposure 
     3.333251 

$`MR-PRESSO results`$`Distortion Test`$Pvalue
[1] 0.86596



