$`Main MR results`
       Exposure       MR Analysis Causal Estimate         Sd    T-stat
1 beta.exposure               Raw      0.02656616 0.02880406 0.9223061
2 beta.exposure Outlier-corrected              NA         NA        NA
    P-value
1 0.3566913
2        NA

$`MR-PRESSO results`
$`MR-PRESSO results`$`Global Test`
$`MR-PRESSO results`$`Global Test`$RSSobs
[1] 899.4667

$`MR-PRESSO results`$`Global Test`$Pvalue
[1] "<4e-05"


$`MR-PRESSO results`$`Outlier Test`
          RSSobs  Pvalue
1   4.221296e-06       1
2   3.904258e-06       1
3   1.314179e-05       1
4   5.669605e-06       1
5   1.331552e-04       1
6   7.630064e-05       1
7   4.594252e-06       1
8   1.967766e-04       1
9   6.545755e-05       1
10  3.444661e-05       1
11  7.098232e-04       1
12  4.895805e-05       1
13  3.917138e-05       1
14  1.280105e-03       1
15  1.561330e-05       1
16  5.870300e-04       1
17  2.857936e-04       1
18  2.468808e-04       1
19  7.769915e-04       1
20  1.143290e-04       1
21  3.643103e-04       1
22  6.501601e-05       1
23  1.033097e-04       1
24  1.679201e-04       1
25  4.925816e-06       1
26  1.152319e-03       1
27  2.374613e-04       1
28  6.469887e-05       1
29  1.216293e-04       1
30  2.014539e-05       1
31  2.228980e-06       1
32  6.332727e-07       1
33  5.041506e-06       1
34  2.188319e-05       1
35  3.819771e-05       1
36  2.156405e-04       1
37  2.763277e-04       1
38  2.163090e-05       1
39  5.348215e-05       1
40  2.466127e-06       1
41  8.862357e-05       1
42  1.689345e-04       1
43  5.455965e-05       1
44  5.205209e-05       1
45  1.064656e-04       1
46  7.991451e-05       1
47  3.870824e-05       1
48  8.261392e-05       1
49  2.627187e-05       1
50  2.052348e-05       1
51  4.624669e-05       1
52  1.974004e-05       1
53  3.578801e-04       1
54  1.309364e-04       1
55  3.551869e-04       1
56  1.377042e-04       1
57  5.456599e-05       1
58  3.381828e-04       1
59  1.349491e-03       1
60  2.847833e-06       1
61  6.839253e-05       1
62  1.367711e-05       1
63  7.085438e-05       1
64  3.807972e-05       1
65  5.271494e-05       1
66  6.695819e-06       1
67  8.566245e-05       1
68  2.630676e-04       1
69  7.718490e-06       1
70  2.414176e-04       1
71  1.031385e-04       1
72  8.736015e-06       1
73  2.985263e-04       1
74  1.226628e-05       1
75  5.833580e-06       1
76  5.493221e-05       1
77  3.591295e-06       1
78  1.572868e-04       1
79  3.469609e-06       1
80  3.387190e-05       1
81  7.193047e-06       1
82  4.183229e-05       1
83  8.465619e-05       1
84  4.478457e-05       1
85  1.941756e-04       1
86  1.825542e-05       1
87  6.536417e-07       1
88  1.214841e-05       1
89  4.142332e-05       1
90  9.305568e-06       1
91  9.054279e-06       1
92  2.097608e-04       1
93  1.457059e-05       1
94  3.568761e-05       1
95  8.587645e-04       1
96  1.379636e-05       1
97  2.012760e-05       1
98  7.965489e-06       1
99  4.992326e-05       1
100 9.108263e-07       1
101 3.625198e-07       1
102 2.935864e-07       1
103 7.222148e-04       1
104 2.734217e-06       1
105 2.468505e-07       1
106 3.515002e-10       1
107 3.641368e-06       1
108 3.912267e-04       1
109 2.364556e-04       1
110 1.058182e-03       1
111 7.154420e-04       1
112 1.264480e-06       1
113 2.058709e-06       1
114 1.842538e-05       1
115 1.718811e-05       1
116 1.254852e-04       1
117 1.264263e-04       1
118 5.329364e-06       1
119 4.602437e-04       1
120 6.185825e-05       1
121 7.587875e-05       1
122 4.020282e-05       1
123 2.137923e-05       1
124 7.721913e-05       1
125 6.869558e-05       1
126 2.568484e-05       1
127 2.505929e-05       1
128 1.750593e-05       1
129 6.906557e-05       1
130 6.791671e-06       1
131 3.662504e-06       1
132 5.971994e-04       1
133 1.956966e-05       1
134 4.629276e-05       1
135 6.485429e-09       1
136 7.225523e-04       1
137 2.515251e-05       1
138 3.666246e-04       1
139 5.676614e-05       1
140 4.683244e-05       1
141 4.680124e-05       1
142 2.768298e-07       1
143 1.758174e-05       1
144 1.029870e-06       1
145 2.208807e-06       1
146 5.637752e-06       1
147 2.826271e-04       1
148 5.596956e-06       1
149 8.750549e-06       1
150 5.628573e-04       1
151 1.118725e-05       1
152 2.829416e-08       1
153 2.518439e-04       1
154 2.338310e-07       1
155 6.206640e-04       1
156 1.858293e-05       1
157 3.106734e-06       1
158 1.926812e-05       1
159 3.521943e-04       1
160 2.646812e-04       1
161 1.474659e-05       1
162 4.251958e-05       1
163 1.136414e-04       1
164 3.557297e-04       1
165 2.842790e-04       1
166 2.802859e-05       1
167 6.998994e-04       1
168 1.641552e-04       1
169 1.412296e-05       1
170 3.437864e-05       1
171 4.458802e-05       1
172 1.762878e-04       1
173 7.966009e-10       1
174 6.602503e-05       1
175 2.849330e-06       1
176 6.633101e-05       1
177 1.835445e-04       1
178 1.496258e-04       1
179 5.800861e-05       1
180 1.538000e-05       1
181 1.550200e-04       1
182 4.785607e-05       1
183 3.822848e-07       1
184 4.209959e-05       1
185 1.428873e-04       1
186 7.855204e-06       1
187 1.125349e-04       1
188 1.334558e-03 0.08292
189 4.032389e-05       1
190 5.385498e-05       1
191 3.167415e-05       1
192 2.480447e-05       1
193 1.746079e-05       1
194 1.442412e-04       1
195 2.335499e-05       1
196 2.230679e-04       1
197 1.995182e-04       1
198 1.765574e-05       1
199 5.200140e-05       1
200 1.148242e-03       1
201 3.136528e-05       1
202 1.315792e-04       1
203 5.538739e-05       1
204 1.829960e-04       1
205 7.184995e-05       1
206 4.135923e-07       1
207 6.449323e-08       1
208 4.991503e-05       1
209 3.162104e-05       1
210 7.505207e-06       1
211 3.010365e-05       1
212 4.863135e-05       1
213 7.106326e-05       1
214 4.722882e-04       1
215 5.155212e-05       1
216 6.282442e-05       1
217 1.657187e-05       1
218 1.765793e-04       1
219 3.382969e-04       1
220 2.481853e-04       1
221 4.370308e-04       1
222 2.761440e-06       1
223 2.106988e-04       1
224 1.074933e-04       1
225 5.608296e-05       1
226 5.519907e-05       1
227 1.534486e-05       1
228 2.769902e-04       1
229 2.227878e-04       1
230 1.420746e-04       1
231 6.457966e-04       1
232 8.397454e-04       1
233 3.666547e-04       1
234 9.708981e-06       1
235 2.659061e-04       1
236 2.537445e-04       1
237 5.097802e-05       1
238 5.273584e-04       1
239 3.617179e-04       1
240 9.402149e-05       1
241 1.870451e-05       1
242 4.654917e-04       1
243 1.178431e-04       1
244 6.187062e-05       1
245 1.364863e-04       1
246 3.670223e-05       1
247 3.305728e-04       1
248 1.219932e-03       1
249 7.272242e-06       1
250 5.291836e-04       1
251 9.964544e-05       1
252 2.048900e-05       1
253 2.403370e-04       1
254 2.020379e-08       1
255 3.952826e-04       1
256 9.310689e-05       1
257 1.076770e-03       1
258 7.903840e-04       1
259 1.441383e-05       1
260 3.252406e-05       1
261 3.188875e-05       1
262 1.273225e-04       1
263 9.071170e-05       1
264 2.794913e-06       1
265 1.701322e-04       1
266 8.814675e-06       1
267 2.034932e-04       1
268 7.055640e-05       1
269 5.885645e-05       1
270 4.426656e-04       1
271 4.114712e-05       1
272 9.095754e-04 0.46988
273 1.097649e-04       1
274 5.755889e-04       1
275 1.565821e-04       1
276 1.850107e-04       1
277 2.214981e-06       1
278 2.533423e-05       1
279 2.714667e-04       1
280 3.237178e-04       1
281 3.270187e-05       1
282 2.952995e-04       1
283 4.168744e-05       1
284 3.041008e-04       1
285 6.893758e-05       1
286 4.316136e-06       1
287 1.298394e-05       1
288 2.008104e-06       1
289 4.470872e-07       1
290 7.696381e-05       1
291 3.642998e-04       1
292 4.122761e-05       1
293 6.390195e-05       1
294 1.155117e-04       1
295 1.983132e-04       1
296 1.308588e-05       1
297 7.154760e-06       1
298 6.110943e-05       1
299 2.275064e-04       1
300 5.654827e-06       1
301 7.531358e-05       1
302 4.659342e-04       1
303 2.250886e-05       1
304 4.441381e-05       1
305 7.215963e-05       1
306 1.047639e-04       1
307 3.020198e-04       1
308 2.263807e-04       1
309 2.009771e-04       1
310 7.646302e-04       1
311 2.784146e-05       1
312 1.537130e-05       1
313 6.079860e-05       1
314 3.587027e-05       1
315 5.514772e-07       1
316 5.113689e-04       1
317 2.126403e-04       1
318 1.482339e-04       1
319 8.824102e-06       1
320 1.182856e-06       1
321 1.028452e-05       1
322 2.144125e-04       1
323 6.703762e-04       1
324 8.054832e-05       1
325 2.408493e-04       1
326 8.517403e-05       1
327 2.429421e-04       1
328 2.228885e-05       1
329 6.142852e-06       1
330 4.297073e-05       1
331 3.262519e-05       1
332 5.957748e-07       1
333 3.253613e-03       1
334 2.475539e-05       1
335 1.916545e-06       1
336 9.412258e-05       1
337 4.807368e-08       1
338 2.082616e-06       1
339 7.497175e-04       1
340 4.179529e-05       1
341 3.532877e-04       1
342 2.346423e-04       1
343 3.664038e-05       1
344 7.766412e-05       1
345 3.017833e-04       1
346 2.028302e-05       1
347 1.645366e-07       1
348 3.209433e-04       1
349 5.182727e-06       1
350 3.253787e-05       1
351 1.107922e-05       1
352 3.126375e-04       1
353 1.767498e-04       1
354 2.433799e-06       1
355 9.212995e-06       1
356 1.314491e-03   0.691
357 5.431705e-06       1
358 1.301476e-04       1
359 8.064760e-05       1
360 2.038335e-04       1
361 2.869668e-04       1
362 1.186216e-05       1
363 1.167933e-05       1
364 4.784396e-04       1
365 1.129033e-07       1
366 6.253411e-04       1
367 1.302005e-05       1
368 4.326197e-06       1
369 2.988988e-05       1
370 4.172478e-04       1
371 5.437987e-07       1
372 1.661945e-05       1
373 3.277058e-04       1
374 3.326151e-04       1
375 1.134843e-04       1
376 6.636622e-05       1
377 1.155789e-04       1
378 8.502778e-07       1
379 6.891979e-06       1
380 1.458529e-04       1
381 1.430419e-04       1
382 6.621167e-05       1
383 1.812881e-05       1
384 3.399559e-05       1
385 1.689249e-04       1
386 1.111689e-04       1
387 7.353944e-05       1
388 1.339674e-04       1
389 1.703360e-04       1
390 5.728663e-04       1
391 1.123975e-05       1
392 1.112896e-04       1
393 2.891888e-05       1
394 2.296821e-04       1
395 1.031946e-04       1
396 2.250419e-05       1
397 1.068104e-04       1
398 1.372249e-04       1
399 4.976641e-05       1
400 4.421842e-04       1
401 1.232038e-03       1
402 3.696162e-05       1
403 1.851463e-06       1
404 3.174587e-05       1
405 2.975509e-06       1
406 4.170174e-05       1
407 3.718359e-05       1
408 1.433593e-04       1
409 3.024163e-04       1
410 2.725630e-05       1
411 3.501646e-05       1
412 8.766046e-06       1
413 2.235911e-04       1
414 4.559806e-04       1
415 4.676880e-04       1
416 7.410576e-05       1
417 1.827458e-05       1
418 3.212692e-06       1
419 1.130917e-06       1
420 1.513706e-04       1
421 5.975619e-05       1
422 3.146406e-08       1
423 1.544678e-04       1
424 1.696900e-04       1
425 4.693980e-04       1
426 1.709953e-04       1
427 7.992352e-05       1
428 3.172432e-05       1
429 1.527502e-04       1
430 4.545420e-05       1
431 4.610067e-04       1
432 2.412041e-04       1
433 1.161753e-03       1
434 5.715336e-05       1
435 1.918128e-06       1
436 3.968851e-05       1
437 1.375586e-04       1
438 2.017887e-05       1
439 8.775099e-06       1
440 2.871799e-05       1
441 6.845431e-05       1
442 1.017919e-04       1
443 3.086205e-04       1
444 1.571779e-06       1
445 4.033993e-04       1
446 3.229506e-05       1
447 7.617873e-05       1
448 7.967587e-05       1
449 1.022958e-04       1
450 1.235784e-06       1
451 6.453317e-04       1
452 3.738751e-06       1
453 2.836515e-05       1
454 1.952246e-06       1
455 7.766353e-06       1
456 2.810264e-04       1
457 2.486426e-05       1
458 5.544306e-04       1
459 2.970020e-05       1
460 1.040448e-04       1
461 6.272352e-05       1
462 1.086927e-05       1
463 5.000505e-06       1
464 7.556600e-05       1
465 1.608579e-05       1
466 7.699739e-07       1
467 1.890100e-04       1
468 1.660314e-04       1
469 1.041830e-04       1
470 6.848878e-05       1
471 2.524906e-05       1
472 5.680637e-05       1
473 5.057409e-04       1
474 9.276038e-07       1
475 1.536156e-04       1
476 2.798218e-05       1
477 3.484754e-06       1
478 8.037036e-07       1
479 1.337435e-04       1
480 3.106565e-06       1
481 1.142850e-07       1
482 1.503578e-04       1
483 8.351172e-06       1
484 1.424812e-06       1
485 4.074867e-04       1
486 2.935388e-05       1
487 8.327939e-06       1
488 2.927173e-09       1
489 4.718910e-05       1
490 3.345893e-05       1
491 2.014393e-05       1
492 3.734547e-05       1
493 3.156268e-04       1
494 1.538434e-04       1
495 1.842068e-04       1
496 6.695252e-07       1
497 1.915935e-08       1
498 3.095172e-05       1
499 1.801177e-06       1
500 8.767092e-05       1
501 1.300147e-04       1
502 9.584126e-07       1
503 2.299713e-05       1
504 9.790371e-05       1
505 2.585548e-06       1
506 7.886740e-05       1
507 5.551247e-05       1
508 6.761775e-04       1
509 9.114491e-04       1
510 1.442542e-05       1
511 9.824844e-06       1
512 3.204008e-05       1
513 3.157004e-05       1
514 1.037663e-04       1
515 5.550704e-04       1
516 1.259153e-04       1
517 1.294764e-05       1
518 4.171278e-06       1
519 5.723107e-05       1
520 2.507193e-04       1
521 3.534030e-05       1
522 1.558215e-04       1
523 6.572377e-06       1
524 2.075053e-06       1
525 1.677003e-04       1
526 8.130583e-09       1
527 2.296612e-05       1
528 1.261415e-04       1
529 1.018301e-05       1
530 6.623075e-06       1
531 2.061534e-04       1
532 1.390161e-04       1
533 1.613592e-05       1
534 1.105322e-04       1
535 1.822130e-05       1
536 6.107759e-05       1
537 9.192328e-05       1
538 3.497765e-05       1
539 1.968999e-04       1
540 1.485730e-05       1
541 3.800933e-04       1
542 1.001441e-04       1
543 1.310092e-04       1
544 3.252498e-04       1
545 2.342725e-05       1
546 1.642109e-04       1
547 3.068374e-05       1
548 6.414653e-06       1
549 4.330835e-04       1
550 1.545368e-04       1
551 3.198209e-05       1
552 3.008948e-04       1
553 4.100564e-04       1
554 2.702299e-04       1
555 2.293413e-06       1
556 2.555334e-04       1
557 3.726866e-04       1
558 4.644419e-06       1
559 4.783596e-05       1
560 1.362406e-06       1
561 1.595613e-08       1
562 6.326131e-04       1
563 4.040872e-05       1
564 1.524680e-04       1
565 3.082308e-05       1
566 4.351384e-05       1
567 4.556398e-06       1
568 1.401162e-05       1
569 7.993926e-05       1
570 4.017602e-06       1
571 5.344773e-04       1
572 2.721500e-08       1
573 2.899450e-04       1
574 2.505840e-04       1
575 1.784198e-04       1
576 1.553579e-05       1
577 1.073851e-04       1
578 2.621102e-04       1
579 2.002584e-04       1
580 8.470217e-04       1
581 3.673619e-05       1
582 2.162747e-05       1
583 8.533630e-05       1
584 3.945407e-05       1
585 6.188864e-06       1
586 9.843991e-06       1
587 2.778083e-05       1
588 1.103800e-05       1
589 1.914811e-05       1
590 6.138789e-05       1
591 7.513213e-06       1
592 2.141923e-04       1
593 1.016428e-04       1
594 4.222629e-05       1
595 3.282161e-05       1
596 2.545027e-04       1
597 7.848760e-06       1
598 7.702820e-05       1
599 3.436524e-04       1
600 9.295988e-07       1
601 1.152073e-04       1
602 1.129205e-04       1
603 2.130104e-05       1
604 3.528929e-04       1
605 8.577237e-06       1
606 2.292462e-05       1
607 5.740387e-05       1
608 2.641219e-05       1
609 3.244757e-06       1
610 1.286615e-04       1
611 2.599644e-06       1
612 2.152983e-07       1
613 1.128801e-07       1
614 5.551509e-07       1
615 4.182072e-04       1
616 1.328266e-04       1
617 4.290755e-06       1
618 2.671687e-04       1
619 2.262276e-05       1
620 1.409288e-04       1
621 1.332353e-05       1
622 6.014143e-04       1
623 2.130814e-05       1
624 7.925340e-05       1
625 1.542477e-04       1
626 1.271501e-04       1
627 1.391962e-05       1
628 1.899545e-04       1
629 5.268088e-06       1
630 2.001426e-04       1
631 2.044974e-07       1
632 4.628327e-06       1
633 6.154170e-06       1
634 1.200129e-04       1
635 1.114435e-04       1
636 3.431853e-04       1
637 4.192731e-04       1
638 1.875651e-04       1
639 2.726165e-04       1
640 1.226390e-04       1
641 4.347216e-05       1
642 9.796057e-07       1
643 3.083817e-05       1
644 3.048371e-06       1
645 8.472448e-06       1
646 1.433130e-04       1
647 2.237997e-05       1
648 1.786175e-04       1
649 4.589474e-06       1
650 4.720598e-05       1
651 2.861787e-06       1
652 4.086102e-06       1
653 6.715611e-06       1
654 1.034641e-04       1
655 4.272596e-05       1
656 4.500232e-07       1
657 3.011627e-04       1
658 1.190974e-04       1
659 1.708162e-04       1
660 1.821136e-03       1
661 7.010036e-06       1
662 5.941033e-05       1
663 1.810943e-05       1
664 7.645283e-05       1
665 8.369134e-06       1
666 3.325127e-05       1
667 2.386266e-05       1
668 1.102671e-05       1
669 1.245962e-03       1
670 3.194411e-07       1
671 1.167345e-06       1
672 5.290852e-06       1
673 1.507344e-07       1
674 1.027465e-05       1
675 1.643694e-04       1
676 1.520465e-05       1
677 1.101148e-04       1
678 8.737550e-05       1
679 8.419778e-04       1
680 3.536128e-05       1
681 1.406765e-07       1
682 6.384891e-06       1
683 2.102045e-08       1
684 1.828384e-04       1
685 2.980972e-05       1
686 1.189327e-04       1
687 4.707121e-05       1
688 1.162424e-04       1
689 1.972487e-05       1
690 3.739598e-06       1
691 9.476398e-05       1

$`MR-PRESSO results`$`Distortion Test`
$`MR-PRESSO results`$`Distortion Test`$`Outliers Indices`
[1] "No significant outliers"

$`MR-PRESSO results`$`Distortion Test`$`Distortion Coefficient`
[1] NA

$`MR-PRESSO results`$`Distortion Test`$Pvalue
[1] NA



