SNP	CHROM	POS	REF	ALT	AF	BETA	SE	Z	P	N	TRAIT
rs2649062	1	5799177	A	G	0.314478	-0.0089	0.0085	-1.0470588235294116	0.2944	569011	Type_2_Diabetes
rs4662080	NA	NA	NA	NA	NA	NA	NA	NA	NA	NA	NA
rs10919252	1	169802956	C	G	0.3251	0.0074	0.0083	0.891566265060241	0.3746	572205	Type_2_Diabetes
rs6701713	1	207786289	A	G	0.816439	-0.0034	0.01	-0.34	0.7332	573704	Type_2_Diabetes
rs144505123	NA	NA	NA	NA	NA	NA	NA	NA	NA	NA	NA
rs6718282	2	18039651	G	A	0.0488147	0.0216	0.0181	1.1933701657458564	0.2335	567653	Type_2_Diabetes
rs114131510	NA	NA	NA	NA	NA	NA	NA	NA	NA	NA	NA
rs12615104	2	109820829	T	C	0.25933	0.0139	0.0089	1.5617977528089886	0.1179	569913	Type_2_Diabetes
rs111906619	NA	NA	NA	NA	NA	NA	NA	NA	NA	NA	NA
rs6431219	NA	NA	NA	NA	NA	NA	NA	NA	NA	NA	NA
rs359982	NA	NA	NA	NA	NA	NA	NA	NA	NA	NA	NA
rs116341973	NA	NA	NA	NA	NA	NA	NA	NA	NA	NA	NA
rs145799027	NA	NA	NA	NA	NA	NA	NA	NA	NA	NA	NA
rs71602496	4	661002	A	G	0.149707	0.0036	0.0111	0.3243243243243243	0.7442	572641	Type_2_Diabetes
rs115803892	NA	NA	NA	NA	NA	NA	NA	NA	NA	NA	NA
rs1689013	4	181048651	T	C	0.239291	0.0131	0.0091	1.4395604395604396	0.1507	571356	Type_2_Diabetes
rs144202318	NA	NA	NA	NA	NA	NA	NA	NA	NA	NA	NA
rs77345379	NA	NA	NA	NA	NA	NA	NA	NA	NA	NA	NA
rs12153819	6	83773049	C	T	0.123142	-0.0198	0.012	-1.6500000000000001	0.099	572546	Type_2_Diabetes
rs17170228	7	33076314	G	A	0.0678444	0.0085	0.0156	0.5448717948717949	0.5844	579240	Type_2_Diabetes
rs149907089	NA	NA	NA	NA	NA	NA	NA	NA	NA	NA	NA
rs2725066	8	4438058	T	A	0.523145	-0.013	0.008	-1.625	0.1025	569669	Type_2_Diabetes
rs117201713	8	121340499	G	C	0.0385398	-0.0376	0.0209	-1.7990430622009572	0.07185	573177	Type_2_Diabetes
rs36033332	NA	NA	NA	NA	NA	NA	NA	NA	NA	NA	NA
rs7930318	11	60033371	C	T	0.596578	0.0191	0.008	2.3875	0.01708	573625	Type_2_Diabetes
rs567075	11	85830157	T	C	0.679061	0.0101	0.0084	1.20238	0.2317	572388	Type_2_Diabetes
rs11218343	11	121435587	T	C	0.0383622	-0.0711	0.0204	-3.4852941176470584	5.019e-4	572734	Type_2_Diabetes
rs7958488	NA	NA	NA	NA	NA	NA	NA	NA	NA	NA	NA
rs1118069	12	84739181	A	T	0.71615	0.0079	0.0088	0.897727	0.3688	572012	Type_2_Diabetes
rs140016885	NA	NA	NA	NA	NA	NA	NA	NA	NA	NA	NA
rs9582517	13	102331030	T	C	0.489997	-0.0018	0.0078	-0.23076923076923078	0.8217	571002	Type_2_Diabetes
rs146189059	NA	NA	NA	NA	NA	NA	NA	NA	NA	NA	NA
rs17125944	14	53400629	T	C	0.091017700000000007	0.0143	0.013000000000000001	1.0999999999999999	0.2736	577560	Type_2_Diabetes
rs150193285	NA	NA	NA	NA	NA	NA	NA	NA	NA	NA	NA
rs9947273	NA	NA	NA	NA	NA	NA	NA	NA	NA	NA	NA
rs62117204	NA	NA	NA	NA	NA	NA	NA	NA	NA	NA	NA
rs76205446	NA	NA	NA	NA	NA	NA	NA	NA	NA	NA	NA
rs2075650	NA	NA	NA	NA	NA	NA	NA	NA	NA	NA	NA
rs141441332	NA	NA	NA	NA	NA	NA	NA	NA	NA	NA	NA
rs204469	NA	NA	NA	NA	NA	NA	NA	NA	NA	NA	NA
rs2827191	21	23361798	C	T	0.288174	-0.0057	0.0087	-0.6551724137931035	0.5116	572834	Type_2_Diabetes
rs1043441	22	39130964	C	T	0.293538	0.0062	0.0086	0.7209302325581395	0.4719	572532	Type_2_Diabetes
