$`Main MR results`
       Exposure       MR Analysis Causal Estimate          Sd    T-stat
1 beta.exposure               Raw     0.001083693 0.008948659 0.1211012
2 beta.exposure Outlier-corrected     0.004044383 0.008543715 0.4733752
    P-value
1 0.9038779
2 0.6370917

$`MR-PRESSO results`
$`MR-PRESSO results`$`Global Test`
$`MR-PRESSO results`$`Global Test`$RSSobs
[1] 144.3883

$`MR-PRESSO results`$`Global Test`$Pvalue
[1] 0.0011


$`MR-PRESSO results`$`Outlier Test`
         RSSobs  Pvalue
1  3.508981e-07       1
2  8.029574e-07       1
3  2.041698e-06       1
4  2.426847e-07       1
5  3.943335e-07       1
6  3.469884e-07       1
7  6.264689e-07       1
8  1.496717e-06       1
9  1.099632e-07       1
10 7.633491e-06       1
11 3.569678e-06       1
12 4.829839e-07       1
13 1.762215e-07       1
14 2.674988e-06       1
15 1.197825e-06       1
16 1.199823e-06       1
17 2.902599e-06       1
18 5.145263e-07       1
19 1.989506e-05       1
20 1.014903e-07       1
21 6.330363e-07       1
22 2.598174e-05       1
23 1.832755e-07       1
24 1.304146e-08       1
25 2.586172e-05       1
26 2.426760e-07       1
27 5.367894e-06  0.2944
28 1.546070e-06       1
29 6.853994e-07       1
30 7.707271e-09       1
31 1.042430e-06       1
32 4.827829e-07       1
33 1.350034e-10       1
34 8.016949e-07       1
35 9.904845e-06 <0.0092
36 1.253982e-08       1
37 4.039489e-06       1
38 9.943908e-08       1
39 4.850004e-06       1
40 6.314721e-07       1
41 1.551476e-10       1
42 1.600041e-05       1
43 4.592074e-08       1
44 3.640225e-06       1
45 5.247601e-07       1
46 7.917759e-09       1
47 8.470117e-07       1
48 7.967666e-07       1
49 2.113463e-06       1
50 2.417777e-07       1
51 8.480061e-07       1
52 1.536277e-07       1
53 2.029188e-06       1
54 2.411675e-07       1
55 1.503684e-06       1
56 1.300833e-08       1
57 2.917115e-06       1
58 1.763510e-06       1
59 3.576614e-08       1
60 7.393416e-09       1
61 1.735904e-07       1
62 3.063281e-07       1
63 1.028977e-05  0.8188
64 3.745430e-06       1
65 4.121484e-06       1
66 3.621634e-08       1
67 9.998836e-08       1
68 6.865683e-07       1
69 8.528488e-07       1
70 3.828649e-07       1
71 4.978218e-06  0.5244
72 3.507906e-07       1
73 1.689645e-06       1
74 3.454688e-07       1
75 1.056712e-06       1
76 1.200266e-06       1
77 2.417898e-07       1
78 3.527050e-07       1
79 2.026260e-06       1
80 1.208259e-06       1
81 2.427356e-07       1
82 3.481579e-05       1
83 7.011170e-07       1
84 4.686508e-07       1
85 2.574243e-06       1
86 2.985477e-06       1
87 8.545024e-07       1
88 4.840931e-07       1
89 3.561502e-08       1
90 8.463966e-08       1
91 9.940200e-07       1
92 1.312959e-08       1

$`MR-PRESSO results`$`Distortion Test`
$`MR-PRESSO results`$`Distortion Test`$`Outliers Indices`
[1] 35

$`MR-PRESSO results`$`Distortion Test`$`Distortion Coefficient`
beta.exposure 
    -73.20498 

$`MR-PRESSO results`$`Distortion Test`$Pvalue
[1] 0.8348



