SNP	CHROM	POS	REF	ALT	AF	BETA	SE	Z	P	N	TRAIT
rs705687	1	4548453	A	G	0.804968	-1.0956	5.7185	-0.191589	0.8481	12964	Hippocampal_Volume
rs58107686	1	33837334	C	A	0.352545	4.9518	4.8734	1.016087331226659	0.3096	13163	Hippocampal_Volume
rs12088813	1	66407700	A	C	0.253723	-0.8511	5.1748	-0.16447012444925407	0.8694	13163	Hippocampal_Volume
rs5024204	NA	NA	NA	NA	NA	NA	NA	NA	NA	NA	NA
rs184083806	1	96981736	T	C	0.00144928	-2.0841	25.3629	-0.08217120281986681	0.9345	10091	Hippocampal_Volume
rs10753661	1	165119792	G	A	0.710727	-6.8479	5.0409	-1.35847	0.1743	13163	Hippocampal_Volume
rs28680958	1	173848808	G	A	0.214623	4.2227	5.5897	0.7554430470329355	0.45	13163	Hippocampal_Volume
rs823114	1	205719532	G	A	0.558534	0.4083	4.6214	0.0883499	0.9296	12964	Hippocampal_Volume
rs77165542	NA	NA	NA	NA	NA	NA	NA	NA	NA	NA	NA
rs1260326	2	27730940	T	C	0.613661	-3.0961	4.7252	-0.655232	0.5123	12964	Hippocampal_Volume
rs13383034	2	45155276	C	T	0.397459	3.9508	5.0128	0.7881423555697414	0.4306	13163	Hippocampal_Volume
rs13032049	2	63581507	A	G	0.23137	2.1641	5.1543	0.41986302698717576	0.6746	13163	Hippocampal_Volume
rs828867	2	74334462	G	A	0.54562	-15.2995	4.8801	-3.13508	0.001718	13163	Hippocampal_Volume
rs11692435	2	98275354	G	A	0.140881	-12.4296	8.9626	-1.386829714591748	0.1655	10377	Hippocampal_Volume
rs13024996	2	144225215	C	A	0.327762	0.5392	4.7786	0.11283639559703679	0.9102	13163	Hippocampal_Volume
rs72859280	2	147956293	G	T	0.0368154	-5.7815	14.0302	-0.41207538025117246	0.6803	12864	Hippocampal_Volume
rs56337305	2	225475560	T	C	0.429764	0.4779	4.7554	0.10049627791563276	0.9199	12964	Hippocampal_Volume
rs2972155	NA	NA	NA	NA	NA	NA	NA	NA	NA	NA	NA
rs2300669	3	38541318	C	A	0.3619	0.5442	4.7809	0.11382794034595997	0.9094	13163	Hippocampal_Volume
rs13094887	NA	NA	NA	NA	NA	NA	NA	NA	NA	NA	NA
rs9860769	NA	NA	NA	NA	NA	NA	NA	NA	NA	NA	NA
rs9838144	NA	NA	NA	NA	NA	NA	NA	NA	NA	NA	NA
rs60654199	3	141267295	C	A	0.0553331	-13.8838	12.100999999999999	-1.1473266672175855	0.2512	13163	Hippocampal_Volume
rs6787172	3	158187811	T	G	0.546761	-9.2449	4.649	-1.98858	0.04675	13163	Hippocampal_Volume
rs1881973	NA	NA	NA	NA	NA	NA	NA	NA	NA	NA	NA
rs3748034	4	3446091	G	T	0.169715	1.7933	6.7364	0.2662104388100469	0.7901	12856	Hippocampal_Volume
rs11728253	NA	NA	NA	NA	NA	NA	NA	NA	NA	NA	NA
rs11940694	4	39414993	A	G	0.605493	-1.8847	4.6813	-0.402602	0.6872	13163	Hippocampal_Volume
rs4501255	NA	NA	NA	NA	NA	NA	NA	NA	NA	NA	NA
rs1229984	4	100239319	T	C	0.976976	-24.4796	14.3382	-1.7073	0.08777	11595	Hippocampal_Volume
rs2165670	4	100286085	G	A	0.136735	7.9024	7.4808	1.0563576088118918	0.2908	13163	Hippocampal_Volume
rs13107325	4	103188709	C	T	0.0473169	-13.6708	9.7364	-1.4040918614683044	0.1603	13163	Hippocampal_Volume
rs4690727	NA	NA	NA	NA	NA	NA	NA	NA	NA	NA	NA
rs12651313	NA	NA	NA	NA	NA	NA	NA	NA	NA	NA	NA
rs6451575	NA	NA	NA	NA	NA	NA	NA	NA	NA	NA	NA
rs4916723	5	87854395	A	C	0.441369	-1.0563	4.6689	-0.22624172717342417	0.821	13163	Hippocampal_Volume
rs12655091	5	144412335	G	A	0.524519	-1.0956	4.5872	-0.238839	0.8112	13163	Hippocampal_Volume
rs55872084	5	155902003	G	T	0.180233	4.5008	5.4955	0.8189973614775725	0.4128	13163	Hippocampal_Volume
rs55786063	5	166833187	G	T	0.527213	-1.3376	4.6018	-0.290669	0.7713	12964	Hippocampal_Volume
rs10711214	NA	NA	NA	NA	NA	NA	NA	NA	NA	NA	NA
rs10948615	6	51339421	A	C	0.298982	-4.3617	5.0011	-0.8721481274119693	0.3831	13163	Hippocampal_Volume
rs1906252	6	98550289	C	A	0.462909	3.8869	4.6064	0.843804	0.3988	13163	Hippocampal_Volume
rs113072763	7	3758930	A	G	0.0137957	3.3089	17.3696	0.19049949336772293	0.8489	11716	Hippocampal_Volume
rs6460047	7	73042443	T	C	0.206107	4.1178	5.9867	0.6878246780363139	0.4916	13163	Hippocampal_Volume
rs10236149	7	98977515	A	G	0.137307	-5.1709	7.4137	-0.6974789915966386	0.4855	13163	Hippocampal_Volume
rs35034355	7	103840115	G	A	0.504898	1.6295	4.6128	0.35325615678113076	0.7239	13163	Hippocampal_Volume
rs6951574	NA	NA	NA	NA	NA	NA	NA	NA	NA	NA	NA
rs13250583	8	20949917	C	T	0.206846	-1.4187	5.6742	-0.2500264354446442	0.8026	13163	Hippocampal_Volume
rs1217091	8	64527399	T	C	0.8251	12.5716	5.9015	2.13024	0.03315	12893	Hippocampal_Volume
rs1814032	8	93005447	C	A	0.203771	10.7254	5.5325	1.9386172616357886	0.05255	13163	Hippocampal_Volume
rs28601761	NA	NA	NA	NA	NA	NA	NA	NA	NA	NA	NA
rs55932213	9	108755622	A	G	0.739833	-3.6914	5.5435	-0.665897	0.5055	13163	Hippocampal_Volume
rs10978550	9	109345993	T	C	0.191064	-8.7614	5.6623	-1.5473217597089521	0.1218	13163	Hippocampal_Volume
rs7074871	10	110507806	G	A	0.215942	-8.8226	5.3574	-1.646806286631575	0.0996	12671	Hippocampal_Volume
rs17665139	10	125093880	C	T	0.123773	-1.2815	6.5731	-0.1949612815870746	0.8454	12671	Hippocampal_Volume
rs7950166	11	8642218	C	T	0.629495	1.5363	4.7716	0.321967	0.7475	12964	Hippocampal_Volume
rs11030084	11	27643725	C	T	0.162972	-5.2246	5.8909	-0.8868933439712098	0.3751	13163	Hippocampal_Volume
rs56030824	11	47397353	G	A	0.334245	2.9766	4.927	0.6041404505784453	0.5458	13163	Hippocampal_Volume
rs10750025	11	113424042	C	T	0.76269	2.2189	5.0669	0.437921	0.6615	13163	Hippocampal_Volume
rs4938230	11	116075001	C	A	0.836727	7.3866	6.2434	1.18311	0.2368	13163	Hippocampal_Volume
rs682011	11	121544285	T	C	0.603166	-2.321	4.625	-0.501838	0.6158	13163	Hippocampal_Volume
rs12795042	11	133658168	A	C	0.678052	9.3341	5.0003	1.86671	0.061939999999999995	13163	Hippocampal_Volume
rs3809162	12	54674235	A	G	0.43228	-1.5129	4.7149	-0.32087637065473285	0.7483	13163	Hippocampal_Volume
rs10506274	12	81601464	G	T	0.451144	-1.52	4.621	-0.32893313135684915	0.7422	13163	Hippocampal_Volume
rs7959601	12	92173506	C	A	0.592956	-1.5358	4.713	-0.325865	0.7445	13163	Hippocampal_Volume
rs500321	NA	NA	NA	NA	NA	NA	NA	NA	NA	NA	NA
rs34704785	13	68117681	C	T	0.517583	6.7727	4.5948	1.47399	0.1405	13163	Hippocampal_Volume
rs1157341	14	42808815	A	G	0.4209	2.5433	4.6456	0.5474642672636473	0.5841	13163	Hippocampal_Volume
rs2180870	14	58782779	T	C	0.114674	1.8893	6.8916	0.27414533635150035	0.784	13163	Hippocampal_Volume
rs28929474	14	94844947	C	T	0.016129	8.8185	18.8768	0.46716074758433634	0.6404	10344	Hippocampal_Volume
rs2472297	15	75027880	C	T	0.269287	-3.7561	5.3188	-0.7061931262690831	0.4801	13163	Hippocampal_Volume
rs12907323	15	86796012	A	G	0.426834	-1.9475	4.7151	-0.41303471824563637	0.6796	13163	Hippocampal_Volume
rs17177078	16	24810681	C	T	0.0531182	-13.004000000000001	9.2904	-1.3997244467407217	0.1616	13163	Hippocampal_Volume
rs4788095	16	28831359	T	C	0.408909	-0.9335	4.79	-0.19488517745302714	0.8455	13163	Hippocampal_Volume
rs3809627	16	30103160	C	A	0.436047	7.7439	4.8839	1.5855975757079384	0.1128	13163	Hippocampal_Volume
rs62044525	NA	NA	NA	NA	NA	NA	NA	NA	NA	NA	NA
rs74980679	16	71779310	G	T	0.120508	-0.2661	7.0386	-0.0378058136561248	0.9698	13163	Hippocampal_Volume
rs1104608	NA	NA	NA	NA	NA	NA	NA	NA	NA	NA	NA
rs4548913	17	2209888	G	A	0.623806	-8.7639	5.0969999999999995	-1.71942	0.08553999999999999	13163	Hippocampal_Volume
rs3803800	17	7462969	A	G	0.761077	-1.0775	5.7953	-0.185927	0.8525	13163	Hippocampal_Volume
rs57828851	NA	NA	NA	NA	NA	NA	NA	NA	NA	NA	NA
rs1971157	NA	NA	NA	NA	NA	NA	NA	NA	NA	NA	NA
rs2854334	17	29715500	A	G	0.570252	1.3375	4.8569	0.275381	0.7829999999999999	13163	Hippocampal_Volume
rs76640332	NA	NA	NA	NA	NA	NA	NA	NA	NA	NA	NA
rs10438820	17	78524597	C	T	0.727157	0.788	5.0566	0.155836	0.8762	13163	Hippocampal_Volume
rs9950000	18	53052169	C	T	0.358415	1.8283	4.7612	0.3839998319751324	0.701	13163	Hippocampal_Volume
rs4092465	18	55080437	A	G	0.615399	5.8457	4.9397	1.18341	0.2366	13011	Hippocampal_Volume
rs28568614	19	18479019	A	G	0.56929	0.5866	5.0163	0.116939	0.9069	13055	Hippocampal_Volume
rs8107737	19	42651599	T	G	0.0967742	4.2453	7.6506	0.5548976550858756	0.579	13163	Hippocampal_Volume
rs584768	19	49213284	G	A	0.410858	6.096	4.7012	1.296690206755722	0.1947	13163	Hippocampal_Volume
rs4815364	20	25035711	G	A	0.653413	-2.6647	4.9417	-0.539227	0.5897	13163	Hippocampal_Volume
rs9607814	22	41946519	C	A	0.185579	-2.4282	5.8419	-0.41565244184255123	0.6777	13163	Hippocampal_Volume
