SNP	CHROM	POS	REF	ALT	AF	BETA	SE	Z	P	N	TRAIT
rs2649590	1	1311533	G	C	0.929949	0.01385	0.01199	1.15513	0.2484	3146	CSF_ab42
rs7796	NA	NA	NA	NA	NA	NA	NA	NA	NA	NA	NA
rs263532	1	2164116	T	C	0.454843	-0.001354	0.0057020000000000005	-0.23746054016134688	0.8123	3146	CSF_ab42
rs2493296	1	3327032	C	T	0.1189	0.01145	0.008159999999999999	1.403186274509804	0.1605	3146	CSF_ab42
rs2232460	1	6659505	G	A	0.350164	5.069e-4	0.005929	0.08549502445606341	0.9319	3146	CSF_ab42
rs488834	1	10767902	C	T	0.718613	-0.0192	0.006958	-2.75941	0.005832	3146	CSF_ab42
rs6699618	1	11881441	C	G	0.135719	0.005017	0.008086	0.6204551075933713	0.535	3146	CSF_ab42
rs75461554	1	15810172	C	T	0.184441	-0.0015689999999999999	0.006945000000000001	-0.2259179265658747	0.8213	3146	CSF_ab42
rs1889785	1	16348729	G	A	0.426028	4.085e-4	0.005658	0.07219865676917639	0.9424	3146	CSF_ab42
rs404100	1	25366987	C	T	0.461315	-0.004138	0.005718	-0.7236796082546345	0.4693	3146	CSF_ab42
rs34079867	NA	NA	NA	NA	NA	NA	NA	NA	NA	NA	NA
rs4908348	1	28706949	T	G	0.34569	-0.01265	0.006185	-2.0452708164915117	0.04086	3146	CSF_ab42
rs72665002	1	32399582	C	T	0.0424837	0.01213	0.01127	1.0763087843833186	0.282	3146	CSF_ab42
rs11210029	1	41865293	A	G	0.385735	0.001291	0.005993	0.21541798765226097	0.8295	3146	CSF_ab42
rs1408945	1	42364877	G	T	0.387109	0.003191	0.0058130000000000005	0.5489420264923447	0.5831	3146	CSF_ab42
rs1209384	1	43765089	A	G	0.64512	0.00695	0.00634	1.09621	0.2731	3146	CSF_ab42
rs778124	1	56606206	G	A	0.381531	-0.006017	0.0059689999999999995	-1.0080415479979896	0.3135	3146	CSF_ab42
rs61772592	1	56979681	A	G	0.132182	-7.204e-4	0.008397	-0.08579254495653209	0.9316	3146	CSF_ab42
rs12063372	NA	NA	NA	NA	NA	NA	NA	NA	NA	NA	NA
rs2474375	1	61877248	T	A	0.637536	0.003286	0.00604	0.54404	0.5864	3146	CSF_ab42
rs12136922	1	67007389	G	A	0.478032	-0.01787	0.005622	-3.17858	0.0015	3146	CSF_ab42
rs658780	NA	NA	NA	NA	NA	NA	NA	NA	NA	NA	NA
rs6695235	1	88620764	C	T	0.0683466	-0.0196	0.01042	-1.8809980806142033	0.06002999999999999	3146	CSF_ab42
rs786923	1	89242954	C	T	0.640517	-7.543e-5	0.005999	-0.0125738	0.99	3146	CSF_ab42
rs7514579	1	94051350	A	C	0.215718	0.005918	0.006745999999999999	0.8772605988734065	0.3804	3146	CSF_ab42
rs10783006	NA	NA	NA	NA	NA	NA	NA	NA	NA	NA	NA
rs2252278	1	111196118	A	G	0.627042	0.003292	0.005764	0.57113100000000006	0.568	3146	CSF_ab42
rs10776752	1	113044328	G	T	0.0960421	-0.0032549999999999996	0.011890000000000001	-0.2737594617325483	0.7844	3146	CSF_ab42
rs59980837	NA	NA	NA	NA	NA	NA	NA	NA	NA	NA	NA
rs11585169	1	150572037	T	A	0.578909	-5.299e-4	0.005826	-0.0909543	0.9275	3146	CSF_ab42
rs76719272	NA	NA	NA	NA	NA	NA	NA	NA	NA	NA	NA
rs11590695	1	164761302	A	C	0.216648	0.0019649999999999997	0.007201000000000001	0.2728787668379391	0.785	3146	CSF_ab42
rs12731646	1	169090660	C	T	0.389535	-0.0041719999999999995	0.0059299999999999995	-0.7035413153456999	0.4818	3146	CSF_ab42
rs1043069	1	180859368	T	G	0.367006	-0.004534000000000001	0.005868	-0.77266530334015	0.4398	3146	CSF_ab42
rs4651224	1	184585182	C	T	0.4439	8.673e-4	0.00585	0.14825641025641026	0.8821	3146	CSF_ab42
rs10737620	1	193057971	T	A	0.680399	-0.006928	0.006225	-1.11293	0.2658	3146	CSF_ab42
rs12042924	1	197297417	T	C	0.508388	-0.01057	0.005751	-1.837941227612589	0.06615	3146	CSF_ab42
rs75683960	NA	NA	NA	NA	NA	NA	NA	NA	NA	NA	NA
rs11240656	NA	NA	NA	NA	NA	NA	NA	NA	NA	NA	NA
rs11120093	1	207211326	C	T	0.384727	-0.004053	0.00566	-0.7160777385159011	0.474	3146	CSF_ab42
rs2724377	1	207974818	A	G	0.463858	-0.006813	0.006142	-1.1092478020188863	0.2674	3146	CSF_ab42
rs7555285	1	209970355	G	C	0.804642	-0.01264	0.007005	-1.80443	0.07136	3146	CSF_ab42
rs68085857	1	217737629	C	T	0.241467	0.007011	0.006695	1.0471994025392082	0.295	3146	CSF_ab42
rs4595370	1	221298122	G	A	0.306979	0.0103	0.006074	1.6957523872242344	0.09007000000000001	3146	CSF_ab42
rs111978396	1	227270309	A	G	0.233245	0.00555	0.006481999999999999	0.8562172169083618	0.3919	3146	CSF_ab42
rs1745417	1	228204279	C	T	0.560109	-0.006324	0.0056159999999999995	-1.12607	0.2602	3146	CSF_ab42
rs699	1	230845794	A	G	0.467953	-2.458e-4	0.005777	-0.04254803531244591	0.9661	3146	CSF_ab42
rs1565440	1	243387788	G	A	0.430296	-0.003247	0.005847	-0.5553275183854969	0.5787	3146	CSF_ab42
rs2063912	NA	NA	NA	NA	NA	NA	NA	NA	NA	NA	NA
rs4926499	NA	NA	NA	NA	NA	NA	NA	NA	NA	NA	NA
rs2175337	2	9298590	C	A	0.604922	0.01376	0.005877	2.34133	0.01932	3146	CSF_ab42
rs59629938	2	12994894	A	T	0.0913374	-0.004734	0.009694	-0.4883433051371983	0.6253	3146	CSF_ab42
rs17760259	2	19744462	T	C	0.431686	0.009384	0.005719	1.6408463018010142	0.1009	3146	CSF_ab42
rs4665244	2	24102691	A	G	0.655502	-0.004591	0.00592	-0.775507	0.4381	3146	CSF_ab42
rs2384063	NA	NA	NA	NA	NA	NA	NA	NA	NA	NA	NA
rs1275988	2	26914364	C	T	0.563339	0.002025	0.005803	0.348957	0.7272	3146	CSF_ab42
rs6731639	2	28650506	G	A	0.343376	0.003058	0.006007	0.5090727484601298	0.6108	3146	CSF_ab42
rs13420463	2	37517566	A	G	0.230741	0.0032479999999999996	0.006569	0.4944435987212665	0.621	3146	CSF_ab42
rs4952609	2	40555733	A	G	0.292302	0.008763	0.006391	1.371146925363793	0.1705	3146	CSF_ab42
rs115262049	NA	NA	NA	NA	NA	NA	NA	NA	NA	NA	NA
rs12464602	NA	NA	NA	NA	NA	NA	NA	NA	NA	NA	NA
rs11124954	2	44207974	C	G	0.614421	9.431e-5	0.005797999999999999	0.016266	0.987	3146	CSF_ab42
rs616381	NA	NA	NA	NA	NA	NA	NA	NA	NA	NA	NA
rs13000039	2	54562343	G	A	0.250272	-0.009187	0.006999999999999999	-1.3124285714285717	0.1895	3146	CSF_ab42
rs2920899	2	55279681	G	T	0.742182	-0.001951	0.007059	-0.276385	0.7822	3146	CSF_ab42
rs13016772	2	55779476	C	T	0.776201	0.005249	0.006566	0.799421	0.4241	3146	CSF_ab42
rs2249105	2	65287896	A	G	0.37282	-0.004784	0.0057350000000000005	-0.8341761115954663	0.4043	3146	CSF_ab42
rs10188003	2	66773469	C	T	0.417518	-0.003597	0.005878	-0.6119428376998979	0.5406	3146	CSF_ab42
rs6731373	NA	NA	NA	NA	NA	NA	NA	NA	NA	NA	NA
rs6732123	2	69534650	G	C	0.433504	-0.003793	0.005671	-0.6688414741668136	0.5036	3146	CSF_ab42
rs4577304	2	73403040	T	C	0.45519	0.01277	0.005683	2.2470526130564843	0.0247	3146	CSF_ab42
rs34844676	NA	NA	NA	NA	NA	NA	NA	NA	NA	NA	NA
rs72847885	2	86326717	A	G	0.303303	0.003009	0.006135	0.4904645476772616	0.6239	3146	CSF_ab42
rs1257025	2	97657418	A	C	0.874682	0.001867	0.008676	0.215191	0.8296	3146	CSF_ab42
rs876060	2	101576964	A	T	0.262307	-0.004661	0.0069370000000000005	-0.6719042813896496	0.5017	3146	CSF_ab42
rs73954926	2	111877175	T	G	0.0451414	-0.01649	0.01142	-1.4439579684763575	0.1489	3146	CSF_ab42
rs10207726	2	112744260	C	T	0.371734	1.244e-4	0.006157999999999999	0.020201364079246508	0.9839	3146	CSF_ab42
rs6737318	2	114083120	A	G	0.221192	0.005267	0.006867	0.7670016018639872	0.4432	3146	CSF_ab42
rs2580350	NA	NA	NA	NA	NA	NA	NA	NA	NA	NA	NA
rs13022015	2	128822702	A	C	0.195542	0.0019809999999999997	0.007134000000000001	0.27768432856742353	0.7812	3146	CSF_ab42
rs17257081	2	135630498	A	G	0.266062	0.001303	0.00656	0.1986280487804878	0.8426	3146	CSF_ab42
rs55944332	2	145726621	A	G	0.28821	-0.01347	0.006894	-1.9538729329852045	0.05083	3146	CSF_ab42
rs62170470	NA	NA	NA	NA	NA	NA	NA	NA	NA	NA	NA
rs1234415	NA	NA	NA	NA	NA	NA	NA	NA	NA	NA	NA
rs6718854	2	153948158	A	G	0.286674	-0.002605	0.006869	-0.3792400640559033	0.7045	3146	CSF_ab42
rs62187653	2	162469128	T	C	0.106352	0.02172	0.009661	2.248214470551703	0.024640000000000002	3146	CSF_ab42
rs4667454	2	164867726	A	G	0.287945	-0.0014089999999999999	0.006104999999999999	-0.2307944307944308	0.8176	3146	CSF_ab42
rs73029563	2	165008166	C	G	0.600037	0.002366	0.0057	0.415088	0.6781	3146	CSF_ab42
rs12611620	2	165780600	A	G	0.319303	-0.00394	0.006383	-0.6172646091179697	0.5371	3146	CSF_ab42
rs10048760	2	174977976	T	G	0.460436	-0.003048	0.005633	-0.5410971063376531	0.5885	3146	CSF_ab42
rs79901906	2	176770752	T	C	0.0239304	0.01641	0.01756	0.9345102505694762	0.3499	3146	CSF_ab42
rs71421551	NA	NA	NA	NA	NA	NA	NA	NA	NA	NA	NA
rs17610485	2	177540601	T	A	0.603154	0.003957	0.005827000000000001	0.67908	0.4971	3146	CSF_ab42
rs4894132	NA	NA	NA	NA	NA	NA	NA	NA	NA	NA	NA
rs12473915	2	182987704	G	A	0.174039	0.00867	0.007125	1.216842105263158	0.2237	3146	CSF_ab42
rs1369319	2	190895573	G	A	0.710316	0.01229	0.006615	1.8579	0.06334	3146	CSF_ab42
rs13412750	2	191634958	G	A	0.202541	0.01287	0.006532	1.9703000612369872	0.04894	3146	CSF_ab42
rs12693982	2	204085635	C	T	0.466764	-0.00967	0.00569	-1.6994727592267136	0.08932999999999999	3146	CSF_ab42
rs3845811	NA	NA	NA	NA	NA	NA	NA	NA	NA	NA	NA
rs12694277	NA	NA	NA	NA	NA	NA	NA	NA	NA	NA	NA
rs78760355	2	216308438	T	C	0.0358182	0.03439	0.017159999999999998	2.004079254079254	0.04513	3146	CSF_ab42
rs2161967	2	218680529	T	G	0.516064	-0.00108	0.006201	-0.174165	0.8617	3146	CSF_ab42
rs3828282	NA	NA	NA	NA	NA	NA	NA	NA	NA	NA	NA
rs1877715	NA	NA	NA	NA	NA	NA	NA	NA	NA	NA	NA
rs10804330	2	227185749	T	C	0.447474	-0.007037000000000001	0.005797	-1.2139037433155082	0.2249	3146	CSF_ab42
rs1044822	2	230629138	C	T	0.106171	4.106e-4	0.007918000000000001	0.051856529426622874	0.9586	3146	CSF_ab42
rs3754944	2	231279616	C	A	0.602732	-0.004403	0.005783	-0.76137	0.4465	3146	CSF_ab42
rs55930275	NA	NA	NA	NA	NA	NA	NA	NA	NA	NA	NA
rs139354822	2	242344695	T	C	0.0467391	0.025810000000000003	0.01892	1.3641649048625795	0.1727	3146	CSF_ab42
rs6442906	NA	NA	NA	NA	NA	NA	NA	NA	NA	NA	NA
rs9848170	3	11495983	G	C	0.576588	0.01076	0.005727	1.87882	0.06035	3146	CSF_ab42
rs11925504	NA	NA	NA	NA	NA	NA	NA	NA	NA	NA	NA
rs189267552	NA	NA	NA	NA	NA	NA	NA	NA	NA	NA	NA
rs340097	3	21525789	A	G	0.769273	0.007092	0.006716	1.05599	0.2911	3146	CSF_ab42
rs2643826	NA	NA	NA	NA	NA	NA	NA	NA	NA	NA	NA
rs68115553	NA	NA	NA	NA	NA	NA	NA	NA	NA	NA	NA
rs743395	NA	NA	NA	NA	NA	NA	NA	NA	NA	NA	NA
rs6788984	3	41107173	A	G	0.120232	8.208e-4	0.008237999999999999	0.09963583394027678	0.9206	3146	CSF_ab42
rs1052501	3	41925398	C	T	0.822505	0.004895	0.007441	0.657842	0.5107	3146	CSF_ab42
rs6771917	NA	NA	NA	NA	NA	NA	NA	NA	NA	NA	NA
rs7615099	3	53143901	A	G	0.289771	-0.003778	0.005982	-0.6315613507188231	0.5277	3146	CSF_ab42
rs6445583	NA	NA	NA	NA	NA	NA	NA	NA	NA	NA	NA
rs10865981	3	54003534	A	C	0.0769091	-0.003775	0.01006	-0.3752485089463221	0.7075	3146	CSF_ab42
rs3772219	3	56771251	A	C	0.294	-0.0017929999999999999	0.006367	-0.28160829275954136	0.7783	3146	CSF_ab42
rs7618284	NA	NA	NA	NA	NA	NA	NA	NA	NA	NA	NA
rs4499560	3	70920485	A	T	0.64802	0.01185	0.006084	1.94773	0.051539999999999996	3146	CSF_ab42
rs9857362	3	74710462	A	C	0.501635	0.005226	0.00599	0.8724540901502504	0.38299999999999995	3146	CSF_ab42
rs13070530	3	84556567	T	C	0.0997419	9.815e-4	0.008568000000000001	0.11455415499533145	0.9088	3146	CSF_ab42
rs1375564	3	85656311	C	T	0.682082	0.002394	0.005792	0.413329	0.6794	3146	CSF_ab42
rs9868977	3	88244349	C	G	0.882075	0.009665	0.007743000000000001	1.24822	0.212	3146	CSF_ab42
rs12696064	NA	NA	NA	NA	NA	NA	NA	NA	NA	NA	NA
rs4618204	3	101281534	T	C	0.459122	0.001119	0.0056229999999999995	0.19900409034323316	0.8422	3146	CSF_ab42
rs1282980	3	111572321	T	C	0.200181	-0.005581	0.007311	-0.7633702639857749	0.4453	3146	CSF_ab42
rs12637573	3	121682388	A	G	0.47004	-0.00534	0.005602	-0.953231	0.3405	3146	CSF_ab42
rs4467387	3	123054889	C	T	0.568545	0.008719	0.006205	1.40516	0.1601	3146	CSF_ab42
rs6438857	3	124557643	T	C	0.47811	5.767000000000001e-4	0.005715	0.100909886264217	0.9196	3146	CSF_ab42
rs3922557	3	128210026	A	C	0.550658	-5.009e-4	0.005866	-0.0853904	0.932	3146	CSF_ab42
rs9880098	3	133949366	G	A	0.445917	-0.003423	0.005764	-0.5938584316446912	0.5527	3146	CSF_ab42
rs1199330	3	138101529	A	G	0.126451	0.009914	0.008771	1.1303158134762286	0.2584	3146	CSF_ab42
rs9876694	NA	NA	NA	NA	NA	NA	NA	NA	NA	NA	NA
rs4408839	3	153729768	A	G	0.212909	0.009037	0.006606999999999999	1.367791736037536	0.1714	3146	CSF_ab42
rs79539362	3	154680449	T	C	0.121377	-0.010790000000000001	0.009464	-1.1401098901098903	0.2543	3146	CSF_ab42
rs61758180	NA	NA	NA	NA	NA	NA	NA	NA	NA	NA	NA
rs9833313	3	157576791	A	T	0.819886	-0.0083	0.007148999999999999	-1.161	0.2458	3146	CSF_ab42
rs17684859	3	158213841	T	C	0.26571	0.0036630000000000005	0.006539	0.5601773971555285	0.5754	3146	CSF_ab42
rs3980686	3	168697602	G	T	0.118882	-0.006314	0.008616	-0.7328226555246053	0.4637	3146	CSF_ab42
rs1290784	3	169096900	C	T	0.424159	0.00283	0.005632	0.5024857954545455	0.6153	3146	CSF_ab42
rs2111557	3	169325621	C	T	0.484931	0.004446	0.005688	0.7816455696202532	0.4344	3146	CSF_ab42
rs4955575	3	169534538	A	C	0.283993	1.661e-4	0.006534000000000001	0.025420875420875417	0.9797	3146	CSF_ab42
rs262986	NA	NA	NA	NA	NA	NA	NA	NA	NA	NA	NA
rs13091418	NA	NA	NA	NA	NA	NA	NA	NA	NA	NA	NA
rs9868248	3	186143122	G	A	0.0852585	0.01616	0.01133	1.4263018534863197	0.1537	3146	CSF_ab42
rs13089021	NA	NA	NA	NA	NA	NA	NA	NA	NA	NA	NA
rs9869437	3	196228360	C	A	0.347384	-0.011179999999999999	0.006367	-1.7559290089524107	0.07921	3146	CSF_ab42
rs6777317	3	197070959	G	A	0.32969	0.009336	0.006564	1.4223034734917732	0.155	3146	CSF_ab42
rs34535756	4	2246927	C	T	0.0386009	0.002176	0.01339	0.1625093353248693	0.8709	3146	CSF_ab42
rs1290933	4	2668217	C	A	0.703986	-0.009491	0.006247	-1.51929	0.1288	3146	CSF_ab42
rs2498323	4	3451109	G	A	0.0612727	0.02446	0.009448	2.5889077053344622	0.009674	3146	CSF_ab42
rs7698832	NA	NA	NA	NA	NA	NA	NA	NA	NA	NA	NA
rs10032729	NA	NA	NA	NA	NA	NA	NA	NA	NA	NA	NA
rs4698138	4	16209716	C	A	0.382	0.004481000000000001	0.005850999999999999	0.7658519911126305	0.4438	3146	CSF_ab42
rs2610990	4	18008232	A	G	0.747914	-0.003151	0.006213000000000001	-0.507162	0.6121	3146	CSF_ab42
rs55924432	NA	NA	NA	NA	NA	NA	NA	NA	NA	NA	NA
rs2291434	4	38387244	G	T	0.491897	0.003875	0.00563	0.688277	0.4914	3146	CSF_ab42
rs2381377	NA	NA	NA	NA	NA	NA	NA	NA	NA	NA	NA
rs12511987	4	46595623	T	G	0.235668	0.009505	0.007745	1.2272433828276306	0.2198	3146	CSF_ab42
rs62309747	4	48713862	G	A	0.450948	-0.009089	0.00561	-1.6201426024955434	0.1053	3146	CSF_ab42
rs60991988	4	54801228	T	G	0.092985	0.004543999999999999	0.00985	0.4613197969543147	0.6446	3146	CSF_ab42
rs13107261	4	63768826	G	A	0.378827	0.005517	0.005722	0.9641733659559596	0.335	3146	CSF_ab42
rs5020545	4	77414988	C	T	0.467201	-0.007770999999999999	0.005768	-1.347260748959778	0.17800000000000002	3146	CSF_ab42
rs76102569	4	80895631	C	T	0.137044	-5.347e-4	0.008953000000000001	-0.05972299787780632	0.9524	3146	CSF_ab42
rs12509595	4	81182554	T	C	0.336207	-0.002677	0.006225	-0.43004016064257033	0.6672	3146	CSF_ab42
rs6823199	4	83925895	T	C	0.212696	0.005557	0.0064659999999999995	0.8594184967522426	0.3902	3146	CSF_ab42
rs17010957	4	86719165	T	C	0.132572	-0.0039020000000000005	0.00853	-0.4574443141852287	0.6474	3146	CSF_ab42
rs13149209	4	89750668	T	C	0.219022	0.006389	0.006794	0.9403885781571976	0.3471	3146	CSF_ab42
rs3775042	4	96068624	A	G	0.529164	-3.349e-4	0.0057	-0.0587544	0.9532	3146	CSF_ab42
rs13107325	4	103188709	C	T	0.0473169	-0.007384	0.011170000000000001	-0.6610564010743061	0.5086	3146	CSF_ab42
rs11097909	4	106911321	T	C	0.859318	-0.006895	0.008545	-0.806905	0.4198	3146	CSF_ab42
rs1493132	4	108861082	T	C	0.355263	-0.009321	0.005975	-1.5599999999999998	0.1189	3146	CSF_ab42
rs1814951	4	111408718	G	A	0.869108	-0.01131	0.008659	-1.30616	0.1914	3146	CSF_ab42
rs4834792	4	120555696	T	A	0.507449	-0.006942	0.005649	-1.2288900690387679	0.2192	3146	CSF_ab42
rs1834378	4	124650005	A	G	0.353659	-0.003147	0.006005	-0.5240632805995005	0.6003	3146	CSF_ab42
rs72716117	NA	NA	NA	NA	NA	NA	NA	NA	NA	NA	NA
rs7439567	4	138464842	C	T	0.422357	0.003286	0.006097	0.5389535837297031	0.5899	3146	CSF_ab42
rs72719160	4	144051276	A	T	0.341981	-0.0061909999999999995	0.006135	-1.009127954360228	0.3129	3146	CSF_ab42
rs2353940	NA	NA	NA	NA	NA	NA	NA	NA	NA	NA	NA
rs73855810	4	148383424	G	A	0.117925	-0.00314	0.008227	-0.3816701106114015	0.7028	3146	CSF_ab42
rs7683728	4	156402654	C	T	0.509074	0.002256	0.005705	0.395443	0.6925	3146	CSF_ab42
rs12643599	4	156639846	A	G	0.351017	-0.005573	0.005802000000000001	-0.9605308514305411	0.3368	3146	CSF_ab42
rs6819297	4	157031395	G	T	0.302083	0.006776000000000001	0.006201	1.0927269795194325	0.2746	3146	CSF_ab42
rs17035181	4	157678511	T	G	0.135738	-0.0011070000000000001	0.0078	-0.14192307692307696	0.8872	3146	CSF_ab42
rs869396	NA	NA	NA	NA	NA	NA	NA	NA	NA	NA	NA
rs4957026	5	361148	A	G	0.699234	-0.004078	0.00592	-0.688851	0.491	3146	CSF_ab42
rs394465	NA	NA	NA	NA	NA	NA	NA	NA	NA	NA	NA
rs10069690	NA	NA	NA	NA	NA	NA	NA	NA	NA	NA	NA
rs4645335	NA	NA	NA	NA	NA	NA	NA	NA	NA	NA	NA
rs30607	5	14411050	C	T	0.306798	2.333e-4	0.006241	0.03738182983496235	0.9702	3146	CSF_ab42
rs7725413	5	15695987	C	T	0.736555	-0.002414	0.006682	-0.361269	0.7179	3146	CSF_ab42
rs10521000	5	32736469	G	A	0.134128	-0.001111	0.0075769999999999995	-0.14662795301570544	0.8834	3146	CSF_ab42
rs12656497	5	32831939	T	C	0.563791	0.00917	0.005771	1.58898	0.1121	3146	CSF_ab42
rs10941043	5	33194751	T	G	0.271408	0.0073230000000000005	0.006357	1.151958470976876	0.2494	3146	CSF_ab42
rs112694713	NA	NA	NA	NA	NA	NA	NA	NA	NA	NA	NA
rs10072115	5	38759101	A	C	0.625136	-0.00449	0.005918	-0.758702	0.4482	3146	CSF_ab42
rs6451720	5	43659571	A	G	0.0901669	0.016059999999999998	0.01043	1.539789069990412	0.1239	3146	CSF_ab42
rs2113077	5	50799442	A	G	0.557966	0.002324	0.005748	0.404315	0.6859999999999999	3146	CSF_ab42
rs1694068	5	53283630	T	A	0.574449	0.001589	0.00595	0.267059	0.7894	3146	CSF_ab42
rs10043077	NA	NA	NA	NA	NA	NA	NA	NA	NA	NA	NA
rs34496659	5	61798934	G	A	0.140335	-0.001318	0.01204	-0.10946843853820597	0.9128	3146	CSF_ab42
rs6870654	5	63831964	T	C	0.237482	-0.009899	0.006396	-1.5476860537836148	0.1218	3146	CSF_ab42
rs4286632	NA	NA	NA	NA	NA	NA	NA	NA	NA	NA	NA
rs7703560	5	67678506	A	G	0.269231	0.01051	0.006082	1.7280499835580403	0.08409	3146	CSF_ab42
rs246973	5	68007803	C	T	0.308391	-0.014580000000000001	0.007045	-2.069552874378992	0.03859	3146	CSF_ab42
rs7720371	5	77921398	T	G	0.338551	-0.01145	0.006211	-1.8435034616003863	0.06525	3146	CSF_ab42
rs6452769	5	87389027	G	A	0.1938	0.0019420000000000001	0.006712999999999999	0.2892894384030985	0.7723	3146	CSF_ab42
rs7724016	NA	NA	NA	NA	NA	NA	NA	NA	NA	NA	NA
rs469758	5	96121715	C	T	0.661946	0.006776	0.005889	1.15062	0.2499	3146	CSF_ab42
rs76443575	5	96211594	G	C	0.0442992	0.01584	0.01511	1.0483123759099933	0.2944	3146	CSF_ab42
rs1871190	NA	NA	NA	NA	NA	NA	NA	NA	NA	NA	NA
rs325500	5	104006667	A	G	0.617765	0.009748	0.005693999999999999	1.71198	0.08701	3146	CSF_ab42
rs12522548	5	107195824	T	C	0.184604	-0.002046	0.0071579999999999994	-0.2858340318524728	0.775	3146	CSF_ab42
rs72792000	5	108244636	G	A	0.148565	0.001623	0.009378000000000001	0.17306461932181702	0.8626	3146	CSF_ab42
rs11241313	5	114428167	C	T	0.253905	5.855000000000001e-4	0.006108	0.09585789129011135	0.9236	3146	CSF_ab42
rs1624823	5	122475438	G	A	0.393956	0.0023120000000000003	0.005988	0.3861055444221777	0.6994	3146	CSF_ab42
rs9327297	5	122835051	C	G	0.309567	0.002613	0.005815	0.4493551160791058	0.6533	3146	CSF_ab42
rs758179	5	127354424	C	G	0.239059	-0.007888	0.0070209999999999995	-1.1234866828087167	0.2613	3146	CSF_ab42
rs6892983	5	127845030	C	A	0.333273	-0.013219999999999999	0.005837	-2.264862086688367	0.0236	3146	CSF_ab42
rs702395	5	140086677	C	T	0.464563	0.009209	0.005688	1.6190225035161743	0.1056	3146	CSF_ab42
rs2913920	5	141726983	C	T	0.786492	3.119e-5	0.00672	0.00464137	0.9963	3146	CSF_ab42
rs12522841	5	142518675	G	A	0.509444	-0.003169	0.006125	-0.5173877551020408	0.605	3146	CSF_ab42
rs2192255	5	148333952	A	G	0.422853	0.0050219999999999996	0.005679	0.884310618066561	0.3766	3146	CSF_ab42
rs256839	5	155937650	G	A	0.233309	-0.01047	0.007122	-1.4700926705981467	0.1418	3146	CSF_ab42
rs1957563	5	157474590	C	T	0.24873	-9.042e-4	0.006354	-0.14230406043437205	0.8868	3146	CSF_ab42
rs11960210	5	157817634	T	C	0.37432	-0.01192	0.00577	-2.065857885615251	0.038860000000000006	3146	CSF_ab42
rs13358657	5	157938070	A	G	0.112441	-0.003404	0.008448	-0.402935606060606	0.687	3146	CSF_ab42
rs870673	NA	NA	NA	NA	NA	NA	NA	NA	NA	NA	NA
rs3860770	5	173301427	G	A	0.324373	-4.527e-4	0.006313	-0.07170917155076825	0.9428	3146	CSF_ab42
rs12153395	5	179411477	G	A	0.118373	0.00419	0.009818	0.4267671623548584	0.6696	3146	CSF_ab42
rs2745599	NA	NA	NA	NA	NA	NA	NA	NA	NA	NA	NA
rs111747606	NA	NA	NA	NA	NA	NA	NA	NA	NA	NA	NA
rs1575290	6	7715689	C	T	0.484375	8.08e-4	0.005677000000000001	0.1423286947331337	0.8868	3146	CSF_ab42
rs1630736	NA	NA	NA	NA	NA	NA	NA	NA	NA	NA	NA
rs9349379	6	12903957	A	G	0.447531	0.0019010000000000001	0.00577	0.3294627383015598	0.7419	3146	CSF_ab42
rs9368222	6	20686996	C	A	0.301749	0.006167	0.006409999999999999	0.9620904836193449	0.3361	3146	CSF_ab42
rs2655445	NA	NA	NA	NA	NA	NA	NA	NA	NA	NA	NA
rs4610553	6	23169077	T	C	0.524537	0.0122	0.0061920000000000005	1.97028	0.04895	3146	CSF_ab42
rs79782817	6	25882678	G	T	0.18129	-0.01854	0.009623999999999999	-1.9264339152119705	0.05415	3146	CSF_ab42
rs116025100	6	30935290	G	A	0.0356364	-0.015369999999999998	0.01601	-0.9600249843847595	0.3372	3146	CSF_ab42
rs2753960	NA	NA	NA	NA	NA	NA	NA	NA	NA	NA	NA
rs2815063	NA	NA	NA	NA	NA	NA	NA	NA	NA	NA	NA
rs7763558	6	43349215	G	A	0.326071	-0.01081	0.006103	-1.7712600360478454	0.07654	3146	CSF_ab42
rs11967262	NA	NA	NA	NA	NA	NA	NA	NA	NA	NA	NA
rs78648104	NA	NA	NA	NA	NA	NA	NA	NA	NA	NA	NA
rs631441	6	53994626	T	G	0.299237	0.005879	0.006186	0.9503718073068218	0.342	3146	CSF_ab42
rs1572209	6	73171881	A	G	0.502543	0.004307	0.006183	0.696587	0.4861	3146	CSF_ab42
rs1984195	6	79657391	G	A	0.495829	-0.0011769999999999999	0.0055899999999999995	-0.2105545617173524	0.8332	3146	CSF_ab42
rs9361836	6	82235408	C	T	0.324398	0.00451	0.0060420000000000005	0.7464415756372061	0.4554	3146	CSF_ab42
rs74945848	6	85367810	C	T	0.11099	0.001948	0.009923000000000001	0.19631159931472336	0.8444	3146	CSF_ab42
rs6921291	6	97066242	C	T	0.166606	-0.0019219999999999999	0.007115000000000001	-0.2701335207308503	0.787	3146	CSF_ab42
rs9486916	6	109013930	C	T	0.20247	0.0164	0.007281	2.2524378519434145	0.02437	3146	CSF_ab42
rs17072872	6	112072692	A	G	0.374272	-0.007784999999999999	0.005911	-1.317036034511927	0.1879	3146	CSF_ab42
rs961764	6	117522156	C	G	0.647967	0.002205	0.005612	0.392908	0.6944	3146	CSF_ab42
rs10782230	6	126228512	G	A	0.471157	0.004386	0.005651	0.7761458149000178	0.4377	3146	CSF_ab42
rs9401913	6	127159982	G	A	0.419601	-0.00558	0.005632	-0.9907670454545454	0.3219	3146	CSF_ab42
rs2327429	NA	NA	NA	NA	NA	NA	NA	NA	NA	NA	NA
rs4896262	NA	NA	NA	NA	NA	NA	NA	NA	NA	NA	NA
rs9321769	6	140691387	T	G	0.748815	0.00434	0.0065260000000000006	0.665032	0.5061	3146	CSF_ab42
rs8180684	6	143200936	C	T	0.267734	-0.006873000000000001	0.0062770000000000005	-1.0949498167914609	0.2736	3146	CSF_ab42
rs7765526	NA	NA	NA	NA	NA	NA	NA	NA	NA	NA	NA
rs17080102	6	151004770	G	C	0.0516679	0.019819999999999997	0.01107	1.7904245709123756	0.07355	3146	CSF_ab42
rs1293969	6	151959945	T	C	0.310238	-9.833e-4	0.0067540000000000005	-0.1455877998223275	0.8842	3146	CSF_ab42
rs509833	6	159711515	A	G	0.876509	-0.01116	0.008191	-1.36247	0.1731	3146	CSF_ab42
rs12661036	NA	NA	NA	NA	NA	NA	NA	NA	NA	NA	NA
rs7744902	6	166176722	G	A	0.0979325	0.002897	0.0114	0.25412280701754386	0.7993	3146	CSF_ab42
rs6959688	NA	NA	NA	NA	NA	NA	NA	NA	NA	NA	NA
rs10282122	NA	NA	NA	NA	NA	NA	NA	NA	NA	NA	NA
rs73049928	NA	NA	NA	NA	NA	NA	NA	NA	NA	NA	NA
rs3807925	7	18543250	A	G	0.381264	-0.005988	0.006206000000000001	-0.9648727038349983	0.3347	3146	CSF_ab42
rs28688791	7	19039605	T	C	0.249728	0.004832	0.007063	0.6841285572702818	0.4939	3146	CSF_ab42
rs112509803	7	24735004	G	C	0.123407	-0.007536	0.009054000000000001	-0.8323392975480449	0.4053	3146	CSF_ab42
rs3735533	7	27245893	T	C	0.898585	-0.01498	0.01128	-1.32801	0.184	3146	CSF_ab42
rs6961048	7	27328187	C	G	0.138556	-0.002538	0.008987	-0.28240792255480135	0.7777	3146	CSF_ab42
rs977184	7	28650761	T	C	0.404971	-0.006977	0.006451	-1.0815377460858782	0.2796	3146	CSF_ab42
rs11977526	NA	NA	NA	NA	NA	NA	NA	NA	NA	NA	NA
rs12668436	7	47548893	T	C	0.275981	0.007123	0.006564	1.0851614868982327	0.2779	3146	CSF_ab42
rs6593297	NA	NA	NA	NA	NA	NA	NA	NA	NA	NA	NA
rs11763757	7	71327836	C	T	0.301305	-0.0033299999999999996	0.0060539999999999995	-0.5500495540138751	0.5823	3146	CSF_ab42
rs7785479	7	73032835	T	C	0.249266	-0.005795000000000001	0.006384	-0.9077380952380953	0.3641	3146	CSF_ab42
rs1167836	7	75168900	T	A	0.556888	-0.00518	0.0063219999999999995	-0.819361	0.4126	3146	CSF_ab42
rs848445	7	77572461	T	C	0.756841	-0.006121	0.006299	-0.971742	0.3313	3146	CSF_ab42
rs11760520	7	90303689	A	T	0.20538	0.0067079999999999996	0.0067670000000000004	0.9912812176740061	0.3217	3146	CSF_ab42
rs42377	7	92243672	G	A	0.328613	-0.0056630000000000005	0.006149	-0.9209627581720606	0.3571	3146	CSF_ab42
rs6465554	7	96498284	T	C	0.598075	0.007608	0.005797999999999999	1.31218	0.1896	3146	CSF_ab42
rs2392929	7	106414069	T	G	0.223312	0.001972	0.007743000000000001	0.25468164794007486	0.799	3146	CSF_ab42
rs73191611	7	107305328	A	T	0.0505801	-0.006629	0.0136	-0.48742647058823535	0.6261	3146	CSF_ab42
rs1269667	7	107915652	C	T	0.620897	-0.005474	0.006333	-0.864361	0.3875	3146	CSF_ab42
rs1621	7	116437606	G	A	0.659513	3.559e-4	0.006034	0.0589824	0.953	3146	CSF_ab42
rs2242028	7	128694976	C	T	0.763445	-2.41e-5	0.0068	-0.00354412	0.9972	3146	CSF_ab42
rs34072724	7	130432469	G	A	0.496731	8.177999999999999e-4	0.005677000000000001	0.14405495860489692	0.8855	3146	CSF_ab42
rs35680304	NA	NA	NA	NA	NA	NA	NA	NA	NA	NA	NA
rs75672964	NA	NA	NA	NA	NA	NA	NA	NA	NA	NA	NA
rs12673053	7	131360348	C	T	0.708969	-0.01254	0.006079	-2.06284	0.03914	3146	CSF_ab42
rs73727605	7	149474622	G	A	0.043914	-0.023180000000000003	0.01094	-2.1188299817184646	0.03427	3146	CSF_ab42
rs3918226	NA	NA	NA	NA	NA	NA	NA	NA	NA	NA	NA
rs10224210	NA	NA	NA	NA	NA	NA	NA	NA	NA	NA	NA
rs1870735	NA	NA	NA	NA	NA	NA	NA	NA	NA	NA	NA
rs1182449	7	157055329	G	A	0.69012	-0.00605	0.005954999999999999	-1.01595	0.3098	3146	CSF_ab42
rs35285619	8	1484018	T	G	0.30981	-0.006692	0.006094	-1.0981293075155891	0.2722	3146	CSF_ab42
rs71499040	NA	NA	NA	NA	NA	NA	NA	NA	NA	NA	NA
rs1821002	8	10640065	C	G	0.537926	0.001979	0.005717	0.346161	0.7292	3146	CSF_ab42
rs74772683	8	15060597	T	C	0.0533531	0.00707	0.01127	0.6273291925465838	0.5305	3146	CSF_ab42
rs4872488	8	22257012	G	A	0.439504	-0.005358	0.0056890000000000005	-0.9418175426261205	0.3463	3146	CSF_ab42
rs10866828	8	23401534	C	T	0.265265	0.0042	0.006553	0.6409278193193957	0.5216	3146	CSF_ab42
rs7821832	8	25889446	T	G	0.277717	4.158e-4	0.006449	0.06447511242053032	0.9486	3146	CSF_ab42
rs77375686	8	26043622	A	G	0.0924583	0.0137	0.00895	1.5307262569832403	0.126	3146	CSF_ab42
rs2959326	8	34159223	C	T	0.170413	0.007097	0.007316	0.9700656096227447	0.3321	3146	CSF_ab42
rs1906672	8	38130025	G	A	0.177935	0.01024	0.0067870000000000005	1.5087667599823191	0.1313	3146	CSF_ab42
rs1976450	8	49456942	G	T	0.152986	0.003467	0.007334	0.47272975184074173	0.6364	3146	CSF_ab42
rs4873492	8	51947549	C	T	0.184889	0.0109	0.007281	1.4970471089136108	0.1346	3146	CSF_ab42
rs11988716	8	57153503	A	G	0.132605	-0.00571	0.008333	-0.6852274090963638	0.4933	3146	CSF_ab42
rs2354862	8	64501744	A	C	0.313203	-9.394999999999999e-4	0.00599	-0.15684474123539233	0.8754	3146	CSF_ab42
rs13253358	8	68920135	C	T	0.32323	-0.001524	0.006171	-0.24696159455517744	0.805	3146	CSF_ab42
rs10104380	8	72486728	T	G	0.0612245	0.0151	0.009881000000000001	1.528185406335391	0.1266	3146	CSF_ab42
rs2126474	8	76878957	G	T	0.399308	-0.009297	0.005739	-1.61996863565081	0.1053	3146	CSF_ab42
rs9918879	8	77681093	G	T	0.127134	0.01987	0.00919	2.162132752992383	0.030719999999999997	3146	CSF_ab42
rs148401029	8	81386066	C	A	0.0312386	-0.033760000000000005	0.01599	-2.111319574734209	0.034910000000000004	3146	CSF_ab42
rs10091532	8	82853793	C	A	0.378634	0.01294	0.005818	2.2241320041251287	0.02628	3146	CSF_ab42
rs843093	NA	NA	NA	NA	NA	NA	NA	NA	NA	NA	NA
rs2613203	8	95253197	A	T	0.177895	0.01009	0.007051000000000001	1.4310026946532406	0.1527	3146	CSF_ab42
rs79069610	NA	NA	NA	NA	NA	NA	NA	NA	NA	NA	NA
rs35783704	8	105966258	G	A	0.131341	0.009172	0.01022	0.8974559686888454	0.3697	3146	CSF_ab42
rs7003445	8	106725186	T	C	0.443798	8.847e-5	0.005806	0.0152376851532897	0.9878	3146	CSF_ab42
rs7830607	8	110097287	G	A	0.328592	0.008933	0.006553	1.3631924309476575	0.1729	3146	CSF_ab42
rs2470004	8	120358445	C	T	0.8375	9.697e-4	0.007286	0.133091	0.8941	3146	CSF_ab42
rs77884500	8	124564410	G	A	0.107	0.01153	0.01055	1.0928909952606636	0.2742	3146	CSF_ab42
rs4871406	8	124670101	C	T	0.180022	-0.015369999999999998	0.007121	-2.158404718438421	0.03094	3146	CSF_ab42
rs4351435	8	126499878	G	A	0.743081	0.008203	0.006175	1.32842	0.1841	3146	CSF_ab42
rs4598218	NA	NA	NA	NA	NA	NA	NA	NA	NA	NA	NA
rs7012866	8	135616959	T	G	0.509996	5.109e-4	0.005778	0.0884216	0.9296	3146	CSF_ab42
rs4440615	8	141057641	G	A	0.6318	-0.003491	0.006259000000000001	-0.557757	0.5770000000000001	3146	CSF_ab42
rs4961293	8	141812374	C	T	0.497258	-0.002118	0.005628	-0.3763326226012793	0.7067	3146	CSF_ab42
rs4961384	NA	NA	NA	NA	NA	NA	NA	NA	NA	NA	NA
rs12541720	8	143509124	G	T	0.72596	0.007535	0.006129	1.2294	0.21899999999999997	3146	CSF_ab42
rs7463212	8	143991858	T	A	0.568652	-0.005631	0.005767	-0.976418	0.3289	3146	CSF_ab42
rs60191654	9	753648	A	G	0.169818	-0.01073	0.007194	-1.491520711704198	0.136	3146	CSF_ab42
rs12216886	9	2493751	T	G	0.185886	-0.00976	0.007162999999999999	-1.3625575876029596	0.1731	3146	CSF_ab42
rs927315	NA	NA	NA	NA	NA	NA	NA	NA	NA	NA	NA
rs1332813	9	9350706	T	C	0.675091	0.002501	0.005909	0.423253	0.6721	3146	CSF_ab42
rs7034760	9	13896279	A	G	0.172783	-0.0028179999999999998	0.006875	-0.40989090909090903	0.6819	3146	CSF_ab42
rs10757204	NA	NA	NA	NA	NA	NA	NA	NA	NA	NA	NA
rs9886665	9	22942770	T	C	0.711846	0.004692	0.006836	0.686366	0.4925	3146	CSF_ab42
rs4553000	9	34223553	C	T	0.521684	-0.007389	0.005538	-1.33424	0.1823	3146	CSF_ab42
rs76452347	NA	NA	NA	NA	NA	NA	NA	NA	NA	NA	NA
rs1928250	NA	NA	NA	NA	NA	NA	NA	NA	NA	NA	NA
rs10869543	9	71545518	T	A	0.810307	-0.009373	0.007198	-1.30217	0.193	3146	CSF_ab42
rs10746963	9	77238558	A	G	0.829574	0.006665	0.007345	0.90742	0.3642	3146	CSF_ab42
rs74506463	NA	NA	NA	NA	NA	NA	NA	NA	NA	NA	NA
rs11141731	9	89888472	C	T	0.230364	-0.002226	0.007162999999999999	-0.3107636465168226	0.7559999999999999	3146	CSF_ab42
rs7045409	9	95201540	T	A	0.350944	0.001582	0.005945000000000001	0.2661059714045416	0.7902	3146	CSF_ab42
rs2297603	NA	NA	NA	NA	NA	NA	NA	NA	NA	NA	NA
rs7048735	NA	NA	NA	NA	NA	NA	NA	NA	NA	NA	NA
rs10980408	9	113249071	T	C	0.0313069	0.0113	0.01429	0.7907627711686493	0.4289	3146	CSF_ab42
rs4979259	9	116339268	G	A	0.910591	-0.001187	0.009156000000000001	-0.129642	0.8969	3146	CSF_ab42
rs2900568	9	116689758	C	T	0.531965	0.006881	0.005707	1.2057122831610303	0.228	3146	CSF_ab42
rs34025993	9	123516572	A	G	0.608134	0.002258	0.005762	0.391878	0.6951	3146	CSF_ab42
rs7854147	NA	NA	NA	NA	NA	NA	NA	NA	NA	NA	NA
rs13289468	NA	NA	NA	NA	NA	NA	NA	NA	NA	NA	NA
rs6271	NA	NA	NA	NA	NA	NA	NA	NA	NA	NA	NA
rs2229971	NA	NA	NA	NA	NA	NA	NA	NA	NA	NA	NA
rs11145807	NA	NA	NA	NA	NA	NA	NA	NA	NA	NA	NA
rs10870148	NA	NA	NA	NA	NA	NA	NA	NA	NA	NA	NA
rs11252324	10	4124568	G	T	0.0672238	-0.004898	0.01068	-0.4586142322097378	0.6464	3146	CSF_ab42
rs56352451	10	5804865	C	T	0.133611	-0.004077	0.008013	-0.5087982029202546	0.611	3146	CSF_ab42
rs7898460	10	17052420	G	T	0.4537	-0.0014269999999999999	0.005693999999999999	-0.25061468212153143	0.8022	3146	CSF_ab42
rs1623474	10	18471794	C	T	0.318148	9.379e-4	0.005956	0.15747145735392878	0.8749	3146	CSF_ab42
rs12258967	NA	NA	NA	NA	NA	NA	NA	NA	NA	NA	NA
rs7100317	NA	NA	NA	NA	NA	NA	NA	NA	NA	NA	NA
rs3802517	10	28233469	T	A	0.449399	9.889e-4	0.005647999999999999	0.17508852691218132	0.861	3146	CSF_ab42
rs12264186	10	32289986	C	T	0.161091	0.0015199999999999999	0.0074459999999999995	0.20413644910018802	0.8382	3146	CSF_ab42
rs4948643	10	45379759	T	C	0.716255	0.0054	0.006257	0.863033	0.3882	3146	CSF_ab42
rs34130368	NA	NA	NA	NA	NA	NA	NA	NA	NA	NA	NA
rs2574985	10	52129486	A	G	0.737072	0.004925	0.006353	0.775224	0.4383	3146	CSF_ab42
rs10823893	10	53677313	G	A	0.419478	0.009994	0.005764	1.7338653712699512	0.08304	3146	CSF_ab42
rs4245599	10	60365755	A	G	0.478922	3.045e-5	0.005917	0.00514619	0.9959	3146	CSF_ab42
rs57946343	10	63499951	T	C	0.12695	0.01877	0.008048999999999999	2.331966703938378	0.01976	3146	CSF_ab42
rs6415872	10	63660689	G	A	0.552976	0.00358	0.0060030000000000005	0.5963684824254538	0.5509	3146	CSF_ab42
rs72835142	NA	NA	NA	NA	NA	NA	NA	NA	NA	NA	NA
rs2236295	NA	NA	NA	NA	NA	NA	NA	NA	NA	NA	NA
rs2177843	10	75409877	C	T	0.152909	-0.01153	0.008362999999999999	-1.378691856989119	0.1682	3146	CSF_ab42
rs10749572	10	82136664	G	T	0.534083	0.002012	0.00561	0.358645	0.7199	3146	CSF_ab42
rs61859576	10	92712470	A	G	0.168362	-0.0013460000000000002	0.007765	-0.1733419188667096	0.86240000000000006	3146	CSF_ab42
rs111866816	10	94441507	C	T	0.0835145	-7.379999999999999e-4	0.011090000000000001	-0.066546438232642	0.9469	3146	CSF_ab42
rs2689690	NA	NA	NA	NA	NA	NA	NA	NA	NA	NA	NA
rs2274224	10	96039597	G	C	0.46593	0.0033090000000000003	0.005677000000000001	0.5828782807821032	0.56	3146	CSF_ab42
rs57408003	NA	NA	NA	NA	NA	NA	NA	NA	NA	NA	NA
rs1006545	10	102553647	G	T	0.902863	-0.006606	0.009483	-0.696615	0.4861	3146	CSF_ab42
rs11191580	10	104906211	T	C	0.104929	0.01629	0.01015	1.6049261083743842	0.1086	3146	CSF_ab42
rs191572726	NA	NA	NA	NA	NA	NA	NA	NA	NA	NA	NA
rs12255372	10	114808902	G	T	0.210804	0.006885	0.006281	1.0961630313644324	0.2731	3146	CSF_ab42
rs1801253	10	115805056	G	C	0.754034	-0.01057	0.006744	-1.56732	0.1172	3146	CSF_ab42
rs72842207	10	121433675	C	T	0.195904	-0.004493	0.006940000000000001	-0.6474063400576368	0.5174	3146	CSF_ab42
rs11592107	10	122968964	G	A	0.300874	0.004219	0.006129	0.688366780877794	0.4913	3146	CSF_ab42
rs7093894	NA	NA	NA	NA	NA	NA	NA	NA	NA	NA	NA
rs7912283	10	133773019	G	A	0.593287	-0.004097	0.005811	-0.705042	0.4809	3146	CSF_ab42
rs1133400	10	134459388	A	G	0.170483	-1.4140000000000002e-4	0.00704	-0.020085227272727275	0.9840000000000001	3146	CSF_ab42
rs569550	NA	NA	NA	NA	NA	NA	NA	NA	NA	NA	NA
rs74048190	NA	NA	NA	NA	NA	NA	NA	NA	NA	NA	NA
rs360153	11	9762274	T	C	0.605301	0.003962	0.005821	0.680639	0.4961	3146	CSF_ab42
rs1425152	NA	NA	NA	NA	NA	NA	NA	NA	NA	NA	NA
rs4756777	11	14225082	C	T	0.185958	0.006409000000000001	0.00758	0.845514511873351	0.3979	3146	CSF_ab42
rs2014408	11	16365282	C	T	0.167393	-0.001913	0.00719	-0.26606397774687063	0.7902	3146	CSF_ab42
rs7926335	11	16917869	C	T	0.29321	0.0103	0.006287	1.6383012565611579	0.1016	3146	CSF_ab42
rs17762	NA	NA	NA	NA	NA	NA	NA	NA	NA	NA	NA
rs1382472	11	27273967	G	A	0.391936	-0.007067	0.005794	-1.2197100448740077	0.2227	3146	CSF_ab42
rs871004	11	28512458	G	A	0.339091	-0.004749000000000001	0.005999	-0.7916319386564429	0.4286	3146	CSF_ab42
rs10501122	11	30192151	T	C	0.340051	0.01132	0.005889	1.9222278824927832	0.05476	3146	CSF_ab42
rs77175710	NA	NA	NA	NA	NA	NA	NA	NA	NA	NA	NA
rs11606658	11	43795420	T	C	0.501816	0.003286	0.005683	0.5782157311279253	0.5632	3146	CSF_ab42
rs11604310	11	45351420	C	T	0.162022	-0.015280000000000002	0.007659999999999999	-1.994778067885118	0.04621	3146	CSF_ab42
rs7107356	11	47676170	A	G	0.479774	0.003966	0.0056890000000000005	0.697135	0.4857	3146	CSF_ab42
rs2904315	11	48109948	A	G	0.71564	-0.01037	0.006085	-1.70419	0.08842	3146	CSF_ab42
rs4427587	NA	NA	NA	NA	NA	NA	NA	NA	NA	NA	NA
rs7125196	11	61272565	T	C	0.165941	0.009019	0.00872	1.034288990825688	0.3011	3146	CSF_ab42
rs11231711	11	63929215	G	A	0.0527556	-0.007279000000000001	0.01176	-0.6189625850340137	0.5361	3146	CSF_ab42
rs2306363	11	65405600	G	T	0.164524	0.004196	0.007156	0.5863610955841252	0.5576	3146	CSF_ab42
rs7395791	NA	NA	NA	NA	NA	NA	NA	NA	NA	NA	NA
rs10501410	11	72088806	G	A	0.0939427	-0.00993	0.01113	-0.8921832884097035	0.3722	3146	CSF_ab42
rs7927515	11	76125330	C	A	0.331689	0.007559000000000001	0.005902	1.2807522873602168	0.2004	3146	CSF_ab42
rs2289124	NA	NA	NA	NA	NA	NA	NA	NA	NA	NA	NA
rs604723	11	100610546	T	C	0.724882	0.003657	0.0068650000000000004	0.532702	0.5943	3146	CSF_ab42
rs629864	NA	NA	NA	NA	NA	NA	NA	NA	NA	NA	NA
rs7926110	11	107086143	T	G	0.302722	0.006204	0.0060539999999999995	1.0247770069375621	0.3056	3146	CSF_ab42
rs236916	11	117089628	G	A	0.167817	-2.15e-4	0.007927	-0.027122492746310078	0.9784	3146	CSF_ab42
rs573455	11	117267884	A	G	0.576115	-0.004167	0.005640999999999999	-0.738699	0.4601	3146	CSF_ab42
rs78799967	NA	NA	NA	NA	NA	NA	NA	NA	NA	NA	NA
rs2305013	11	120340060	A	T	0.0717131	-0.01524	0.01524	-1	0.3175	3146	CSF_ab42
rs7103821	11	120435024	A	C	0.471491	0.0117	0.005785	2.0224719101123596	0.04317	3146	CSF_ab42
rs11222084	NA	NA	NA	NA	NA	NA	NA	NA	NA	NA	NA
rs7944927	NA	NA	NA	NA	NA	NA	NA	NA	NA	NA	NA
rs78998485	12	434755	C	G	0.272364	0.008151	0.006706	1.215478675812705	0.2243	3146	CSF_ab42
rs11571376	NA	NA	NA	NA	NA	NA	NA	NA	NA	NA	NA
rs3819532	12	2436837	T	C	0.636116	0.00924	0.005767	1.60222	0.1092	3146	CSF_ab42
rs12369621	12	5457315	C	T	0.0505271	0.01554	0.009701000000000001	1.6018967116792082	0.1092	3146	CSF_ab42
rs933575	12	12636234	C	T	0.462741	0.009711	0.005668	1.7133027522935778	0.08677	3146	CSF_ab42
rs2024385	12	12888438	T	A	0.381861	0.003721	0.006254	0.5949792133034858	0.5519	3146	CSF_ab42
rs1010064	12	20000315	A	C	0.150526	-0.005197	0.007059	-0.7362232610851396	0.4617	3146	CSF_ab42
rs73075659	12	20373541	A	G	0.273074	0.00406	0.006059	0.6700775705561974	0.5029	3146	CSF_ab42
rs2129869	12	26457650	A	T	0.297057	0.008779	0.00689	1.274165457184325	0.2027	3146	CSF_ab42
rs9651825	12	27159784	A	G	0.316038	-3.22e-6	0.006922	-4.651834729846865e-4	0.9996	3146	CSF_ab42
rs61917655	12	48210787	C	T	0.0976052	0.01258	0.01083	1.1615881809787627	0.2455	3146	CSF_ab42
rs7952734	12	50062681	A	C	0.103405	-0.008409999999999999	0.008918	-0.943036555281453	0.3457	3146	CSF_ab42
rs12426261	12	50573037	A	G	0.661716	-3.099e-5	0.005763	-0.00537741	0.9957	3146	CSF_ab42
rs7134440	12	53450097	C	T	0.0654784	-0.002175	0.011309999999999999	-0.19230769230769232	0.8475	3146	CSF_ab42
rs7134677	NA	NA	NA	NA	NA	NA	NA	NA	NA	NA	NA
rs7306710	NA	NA	NA	NA	NA	NA	NA	NA	NA	NA	NA
rs4143175	12	67782397	T	C	0.775191	-0.01076	0.006735	-1.59762	0.1104	3146	CSF_ab42
rs10860352	12	78767657	G	C	0.461901	-0.004794	0.005742000000000001	-0.8349007314524555	0.4039	3146	CSF_ab42
rs7963801	NA	NA	NA	NA	NA	NA	NA	NA	NA	NA	NA
rs6539467	12	79955306	A	G	0.85353	0.003322	0.00763	0.435387	0.6633	3146	CSF_ab42
rs17249754	12	90060586	G	A	0.132423	0.006342	0.007562	0.8386670193070617	0.4017	3146	CSF_ab42
rs10777213	12	90349999	G	A	0.543834	-0.005237	0.005614	-0.932846	0.3509	3146	CSF_ab42
rs5742643	12	102837863	T	C	0.724781	-0.003797	0.006447	-0.588956	0.5559	3146	CSF_ab42
rs2287182	12	109997164	C	T	0.0859007	0.002473	0.01063	0.2326434619002822	0.816	3146	CSF_ab42
rs7310615	12	111865049	C	G	0.546324	0.006131	0.005642	1.08667	0.2772	3146	CSF_ab42
rs1896326	NA	NA	NA	NA	NA	NA	NA	NA	NA	NA	NA
rs35444	12	115552437	A	G	0.375136	-0.003871	0.005695	-0.6797190517998244	0.4968	3146	CSF_ab42
rs6490019	12	115920472	A	G	0.646439	-0.003928	0.00584	-0.672603	0.5013	3146	CSF_ab42
rs278121	NA	NA	NA	NA	NA	NA	NA	NA	NA	NA	NA
rs1169078	12	122416254	C	G	0.390182	-0.001987	0.006227	-0.3190942669022001	0.7497	3146	CSF_ab42
rs11059508	12	122665322	C	T	0.194333	-0.003235	0.007285	-0.44406314344543585	0.6571	3146	CSF_ab42
rs117206641	12	133086888	C	T	0.111233	0.004622	0.009507999999999999	0.4861169541438789	0.6269	3146	CSF_ab42
rs144454089	NA	NA	NA	NA	NA	NA	NA	NA	NA	NA	NA
rs483071	13	22294117	C	T	0.62623	-0.009386	0.006157999999999999	-1.5242	0.1276	3146	CSF_ab42
rs733703	NA	NA	NA	NA	NA	NA	NA	NA	NA	NA	NA
rs895423	13	25283494	C	T	0.111397	-0.01093	0.009968000000000001	-1.0965088282504012	0.2729	3146	CSF_ab42
rs9507885	NA	NA	NA	NA	NA	NA	NA	NA	NA	NA	NA
rs9508495	NA	NA	NA	NA	NA	NA	NA	NA	NA	NA	NA
rs2065498	13	41893105	T	G	0.854499	0.01348	0.007248999999999999	1.85957	0.06302	3146	CSF_ab42
rs9532959	13	42543516	G	A	0.0830004	-0.00525	0.010759999999999999	-0.487918215613383	0.6257	3146	CSF_ab42
rs7491248	13	47180671	G	A	0.201815	0.01155	0.006781000000000001	1.7032886005014007	0.08851	3146	CSF_ab42
rs9526707	13	51489186	G	A	0.332062	-0.005671	0.006213000000000001	-0.9127635602768388	0.3614	3146	CSF_ab42
rs75961402	13	56398286	G	A	0.181751	-0.003064	0.007626999999999999	-0.40173069358856694	0.6879	3146	CSF_ab42
rs17245822	13	73131694	A	C	0.361768	0.001379	0.005804999999999999	0.23755383290267015	0.8122	3146	CSF_ab42
rs78474310	13	73826901	A	G	0.0333213	-0.01693	0.014480000000000002	-1.1691988950276242	0.2424	3146	CSF_ab42
rs6562778	NA	NA	NA	NA	NA	NA	NA	NA	NA	NA	NA
rs7988232	13	79808655	G	A	0.424918	-0.009976	0.0062380000000000005	-1.5992305226033985	0.1099	3146	CSF_ab42
rs79688636	NA	NA	NA	NA	NA	NA	NA	NA	NA	NA	NA
rs7491529	13	97020634	C	G	0.482998	-0.001637	0.005703	-0.2870419077678415	0.7741	3146	CSF_ab42
rs8001186	13	110376855	T	G	0.404189	-0.006234	0.006065	-1.0278647980214344	0.3041	3146	CSF_ab42
rs675605	NA	NA	NA	NA	NA	NA	NA	NA	NA	NA	NA
rs9549627	NA	NA	NA	NA	NA	NA	NA	NA	NA	NA	NA
rs7331680	13	115000650	G	T	0.161131	-0.005215	0.0078	-0.6685897435897437	0.5038	3146	CSF_ab42
rs7342537	NA	NA	NA	NA	NA	NA	NA	NA	NA	NA	NA
rs365990	14	23861811	A	G	0.319322	-0.008097	0.005848	-1.384575923392613	0.1662	3146	CSF_ab42
rs1046584	14	24785784	C	T	0.124494	-0.016319999999999998	0.009724	-1.6783216783216781	0.09346	3146	CSF_ab42
rs8904	14	35871217	G	A	0.401903	0.007359999999999999	0.005856	1.256830601092896	0.2089	3146	CSF_ab42
rs7493678	14	39400917	A	T	0.424782	-0.00692	0.005915	-1.1699070160608622	0.2421	3146	CSF_ab42
rs72683923	NA	NA	NA	NA	NA	NA	NA	NA	NA	NA	NA
rs11625096	14	50947378	C	T	0.669829	0.003614	0.005992	0.603138	0.5464	3146	CSF_ab42
rs35413927	14	53420358	A	G	0.303701	-0.009621	0.006271	-1.534205070961569	0.1251	3146	CSF_ab42
rs2145945	14	55304080	G	A	0.407007	0.001586	0.005903	0.26867694392681685	0.7882	3146	CSF_ab42
rs57140819	14	68018247	C	G	0.174545	0.004425999999999999	0.007439	0.5949724425325984	0.5519	3146	CSF_ab42
rs11847049	14	69259406	C	G	0.22121	0.005459	0.006774	0.80587540596398	0.4204	3146	CSF_ab42
rs2810097	14	71434114	C	T	0.743292	-0.002653	0.006193	-0.428387	0.6684	3146	CSF_ab42
rs7142775	14	73421899	G	T	0.0867663	-0.004539	0.009614	-0.472123985853963	0.6369	3146	CSF_ab42
rs11159091	14	75074316	G	A	0.459789	-0.004599	0.0056240000000000005	-0.8177453769559031	0.4136	3146	CSF_ab42
rs113151091	14	89662156	T	A	0.0257526	-8.244e-4	0.01608	-0.05126865671641791	0.9591	3146	CSF_ab42
rs28929474	NA	NA	NA	NA	NA	NA	NA	NA	NA	NA	NA
rs7154723	14	98590629	G	A	0.349125	-0.0018059999999999999	0.005772	-0.3128898128898129	0.7544	3146	CSF_ab42
rs17562391	14	100133250	C	T	0.422656	-0.0012720000000000001	0.005847	-0.2175474602360185	0.8277	3146	CSF_ab42
rs75016974	14	100197940	C	T	0.135209	0.007926	0.008505	0.9319223985890653	0.3515	3146	CSF_ab42
rs12885878	14	104007555	A	G	0.699225	0.004037	0.007026	0.57458	0.5656	3146	CSF_ab42
rs8030856	15	40314967	C	G	0.426196	0.003061	0.006225	0.4917269076305221	0.623	3146	CSF_ab42
rs28866311	15	41442195	T	G	0.466606	-0.007444	0.005667	-1.3135697900123522	0.1891	3146	CSF_ab42
rs4775769	15	48939888	T	G	0.914223	-0.005732	0.009514	-0.602481	0.5469	3146	CSF_ab42
rs3098186	15	50810621	C	T	0.490927	-0.007014	0.00579	-1.2114	0.2258	3146	CSF_ab42
rs7165578	15	52779259	G	A	0.799891	-0.005164	0.006652	-0.776308	0.4377	3146	CSF_ab42
rs4775376	15	61517218	T	C	0.618745	-0.006868	0.00633	-1.08499	0.278	3146	CSF_ab42
rs2652812	15	63406170	C	T	0.7313	0.001783	0.006670999999999999	0.267276	0.7892	3146	CSF_ab42
rs28429256	NA	NA	NA	NA	NA	NA	NA	NA	NA	NA	NA
rs11636952	15	75114322	T	C	0.638189	-0.008102	0.006102000000000001	-1.32776	0.1844	3146	CSF_ab42
rs2627313	15	81006712	C	T	0.454975	-0.01024	0.0057740000000000005	-1.773467267059231	0.07637999999999999	3146	CSF_ab42
rs2046341	15	86040872	G	A	0.191358	-0.002412	0.007225	-0.33384083044982704	0.7385	3146	CSF_ab42
rs77032376	15	90010780	C	T	0.181056	0.016640000000000002	0.007902	2.1057960010124024	0.035339999999999996	3146	CSF_ab42
rs4932373	15	91429287	A	C	0.337828	-0.0032189999999999996	0.0064930000000000005	-0.49576466964423216	0.6201	3146	CSF_ab42
rs11074124	15	93536666	G	A	0.740109	-0.001224	0.006464	-0.189356	0.8498	3146	CSF_ab42
rs12906962	NA	NA	NA	NA	NA	NA	NA	NA	NA	NA	NA
rs2589218	15	96785017	T	C	0.270182	-0.005647	0.006377000000000001	-0.8855261094558569	0.3759	3146	CSF_ab42
rs4606697	NA	NA	NA	NA	NA	NA	NA	NA	NA	NA	NA
rs11641374	16	1347717	C	A	0.632117	0.008659	0.005811	1.4901	0.1363	3146	CSF_ab42
rs12596630	16	2065666	C	T	0.106974	-0.007386	0.01017	-0.7262536873156342	0.4678	3146	CSF_ab42
rs72778133	NA	NA	NA	NA	NA	NA	NA	NA	NA	NA	NA
rs111929315	16	4136871	A	G	0.101903	0.005592	0.008642	0.6470724369358944	0.5176	3146	CSF_ab42
rs11647273	NA	NA	NA	NA	NA	NA	NA	NA	NA	NA	NA
rs12446456	16	4922201	C	T	0.382182	0.003747	0.005556	0.6744060475161987	0.5001	3146	CSF_ab42
rs8050072	NA	NA	NA	NA	NA	NA	NA	NA	NA	NA	NA
rs77924615	NA	NA	NA	NA	NA	NA	NA	NA	NA	NA	NA
rs7186298	16	21088031	C	T	0.416575	0.011729999999999999	0.005759	2.0368119465184926	0.041819999999999996	3146	CSF_ab42
rs8044992	16	24811207	T	C	0.314249	0.003125	0.006104999999999999	0.511875511875512	0.6088	3146	CSF_ab42
rs11646118	16	29926471	T	C	0.0775674	-0.004649	0.01043	-0.4457334611697028	0.6558	3146	CSF_ab42
rs72793375	NA	NA	NA	NA	NA	NA	NA	NA	NA	NA	NA
rs7498127	16	49774755	G	A	0.484159	8.475e-5	0.005595	0.0151475	0.9879	3146	CSF_ab42
rs34941092	16	50550137	G	A	0.15	0.0017620000000000001	0.007816	0.22543500511770728	0.8217	3146	CSF_ab42
rs9932220	16	51758116	G	A	0.210355	0.009745	0.0069180000000000005	1.408644116796762	0.1591	3146	CSF_ab42
rs142076278	NA	NA	NA	NA	NA	NA	NA	NA	NA	NA	NA
rs12930486	16	56854284	C	T	0.297096	1.415e-4	0.006231	0.022709035467822176	0.9819	3146	CSF_ab42
rs146550789	16	66781040	T	C	0.0369276	0.02405	0.0136	1.7683823529411764	0.07705	3146	CSF_ab42
rs62047964	NA	NA	NA	NA	NA	NA	NA	NA	NA	NA	NA
rs1012089	NA	NA	NA	NA	NA	NA	NA	NA	NA	NA	NA
rs4888408	16	75432824	G	A	0.583863	-1.831e-4	0.005703	-0.0321059	0.9744	3146	CSF_ab42
rs10514478	16	80025027	C	T	0.757889	-0.002291	0.006989	-0.327801	0.743	3146	CSF_ab42
rs12926550	16	81510155	G	A	0.290668	0.0036630000000000005	0.0064930000000000005	0.5641460033882643	0.5726	3146	CSF_ab42
rs11117458	NA	NA	NA	NA	NA	NA	NA	NA	NA	NA	NA
rs3950627	16	86436343	C	A	0.559715	7.017e-4	0.006055	0.115888	0.9077	3146	CSF_ab42
rs6540119	16	87984477	A	T	0.632979	0.01021	0.005872	1.73876	0.08216	3146	CSF_ab42
rs908951	NA	NA	NA	NA	NA	NA	NA	NA	NA	NA	NA
rs9303175	NA	NA	NA	NA	NA	NA	NA	NA	NA	NA	NA
rs11653927	17	2012094	C	T	0.366752	0.0015539999999999998	0.005938000000000001	0.26170427753452336	0.7935	3146	CSF_ab42
rs113086489	NA	NA	NA	NA	NA	NA	NA	NA	NA	NA	NA
rs4511593	17	7455536	C	T	0.610849	-0.009317	0.005958	-1.56378	0.11800000000000001	3146	CSF_ab42
rs117285318	NA	NA	NA	NA	NA	NA	NA	NA	NA	NA	NA
rs3935505	17	17882020	T	G	0.270659	-0.0036829999999999996	0.006658	-0.5531691198558125	0.5801	3146	CSF_ab42
rs4925159	17	18185510	G	A	0.498548	0.004881	0.005732	0.8515352407536636	0.3946	3146	CSF_ab42
rs7218708	17	19926836	A	G	0.459993	0.008241	0.005686999999999999	1.4490944258835943	0.1474	3146	CSF_ab42
rs1551355	17	30032420	C	T	0.257807	0.003276	0.0071579999999999994	0.45766974015088013	0.6472	3146	CSF_ab42
rs9899540	NA	NA	NA	NA	NA	NA	NA	NA	NA	NA	NA
rs7213273	17	43155914	G	A	0.648894	-0.004962	0.0060350000000000004	-0.822204	0.41100000000000003	3146	CSF_ab42
rs17608766	17	45013271	T	C	0.134301	-0.0018329999999999998	0.008502	-0.21559633027522934	0.8293	3146	CSF_ab42
rs3764400	NA	NA	NA	NA	NA	NA	NA	NA	NA	NA	NA
rs9897429	NA	NA	NA	NA	NA	NA	NA	NA	NA	NA	NA
rs1292061	17	57911230	A	G	0.543557	-0.004941	0.005684000000000001	-0.869282	0.3848	3146	CSF_ab42
rs1000423	NA	NA	NA	NA	NA	NA	NA	NA	NA	NA	NA
rs56288724	17	60767135	A	G	0.38946	-0.003941	0.005785	-0.6812445980985307	0.4958	3146	CSF_ab42
rs62076622	17	61090958	A	G	0.226384	-0.001037	0.007018000000000001	-0.1477628954117982	0.8825	3146	CSF_ab42
rs6504213	17	62381714	T	C	0.557592	0.004639	0.005707	0.812861	0.4164	3146	CSF_ab42
rs1436138	NA	NA	NA	NA	NA	NA	NA	NA	NA	NA	NA
rs9302885	17	76799898	A	G	0.623497	-0.004509	0.005682	-0.793559	0.4275	3146	CSF_ab42
rs12943001	NA	NA	NA	NA	NA	NA	NA	NA	NA	NA	NA
rs11655604	NA	NA	NA	NA	NA	NA	NA	NA	NA	NA	NA
rs34413141	18	777282	T	A	0.153483	-0.003988	0.007306999999999999	-0.545778021075681	0.5853	3146	CSF_ab42
rs880132	NA	NA	NA	NA	NA	NA	NA	NA	NA	NA	NA
rs4800111	18	19805969	G	A	0.529886	3.2439999999999997e-4	0.005671	0.05720331511197319	0.9544	3146	CSF_ab42
rs4517887	18	20574678	A	C	0.364467	0.009752	0.005926	1.6456294296321297	0.09992999999999999	3146	CSF_ab42
rs62082230	NA	NA	NA	NA	NA	NA	NA	NA	NA	NA	NA
rs1154214	18	24546824	T	G	0.614229	2.694e-5	0.005824	0.00462569	0.9963	3146	CSF_ab42
rs2421845	18	31117472	G	C	0.0602104	-0.0026739999999999997	0.01055	-0.2534597156398104	0.79990000000000006	3146	CSF_ab42
rs56407827	18	42179819	C	T	0.289818	-0.002088	0.006418000000000001	-0.3253349953256466	0.7449	3146	CSF_ab42
rs11874246	18	42596789	C	T	0.300639	-0.005171	0.006152	-0.8405396618985695	0.4007	3146	CSF_ab42
rs7245140	18	43095231	T	C	0.173133	-0.009551	0.007370000000000001	-1.2959294436906377	0.1951	3146	CSF_ab42
rs1437649	NA	NA	NA	NA	NA	NA	NA	NA	NA	NA	NA
rs665445	18	51842682	C	A	0.303669	0.00891	0.006241	1.4276558243871174	0.1535	3146	CSF_ab42
rs4300734	18	52746868	A	C	0.233988	0.013130000000000001	0.006561	2.0012193263222073	0.0455	3146	CSF_ab42
rs10048404	NA	NA	NA	NA	NA	NA	NA	NA	NA	NA	NA
rs4891237	18	72391374	G	A	0.742743	-0.001868	0.006883	-0.271393	0.7861	3146	CSF_ab42
rs10460108	18	73034151	A	G	0.488483	-0.003916	0.00579	-0.676339	0.4989	3146	CSF_ab42
rs6506879	NA	NA	NA	NA	NA	NA	NA	NA	NA	NA	NA
rs698748	NA	NA	NA	NA	NA	NA	NA	NA	NA	NA	NA
rs149339216	19	2144046	T	C	0.0407725	0.03561	0.01491	2.388329979879276	0.01702	3146	CSF_ab42
rs68096471	19	5175709	G	A	0.237445	0.004867	0.007168000000000001	0.6789899553571428	0.4973	3146	CSF_ab42
rs12985940	NA	NA	NA	NA	NA	NA	NA	NA	NA	NA	NA
rs167479	NA	NA	NA	NA	NA	NA	NA	NA	NA	NA	NA
rs4808485	19	16439498	C	T	0.795636	0.001917	0.006562999999999999	0.292092	0.7702	3146	CSF_ab42
rs1077795	19	17222584	A	G	0.290087	0.0028399999999999996	0.006714	0.4229967232648197	0.6723	3146	CSF_ab42
rs2228603	NA	NA	NA	NA	NA	NA	NA	NA	NA	NA	NA
rs12972593	NA	NA	NA	NA	NA	NA	NA	NA	NA	NA	NA
rs62112908	19	22213956	A	G	0.163706	-4.3949999999999995e-4	0.007788	-0.05643297380585516	0.955	3146	CSF_ab42
rs28572357	19	31867447	A	C	0.447426	6.91e-4	0.005853	0.11805911498376902	0.9059999999999999	3146	CSF_ab42
rs1433121	19	32591878	C	T	0.633394	0.003382	0.006256	0.540601	0.5888	3146	CSF_ab42
rs33836	19	34008600	C	T	0.471904	-0.01055	0.00611	-1.7266775777414076	0.08437	3146	CSF_ab42
rs8102476	19	38735613	C	T	0.483959	-7.006e-4	0.005640999999999999	-0.12419783726289667	0.9012	3146	CSF_ab42
rs10420519	NA	NA	NA	NA	NA	NA	NA	NA	NA	NA	NA
rs7255933	19	45766729	G	A	0.285949	-0.01642	0.006706999999999999	-2.448188459818101	0.01441	3146	CSF_ab42
rs11672660	19	46180184	C	T	0.234375	-0.01146	0.006945999999999999	-1.6498704290238988	0.09909	3146	CSF_ab42
rs571689	19	49207554	C	T	0.413695	-0.002834	0.0056560000000000004	-0.501060820367751	0.6164	3146	CSF_ab42
rs73046792	19	49605705	G	A	0.123679	-0.00595	0.008834999999999999	-0.6734578381437466	0.5007	3146	CSF_ab42
rs6054139	20	6327810	G	A	0.606869	1.34e-4	0.005867	0.0228396	0.9818	3146	CSF_ab42
rs2423514	20	10693337	A	G	0.412742	-0.001353	0.006071	-0.22286279031461045	0.8237	3146	CSF_ab42
rs6108787	20	10967214	T	G	0.46452	3.591e-4	0.00564	0.06367021276595744	0.9492	3146	CSF_ab42
rs6078093	20	11168669	G	A	0.454975	0.0037649999999999997	0.005790999999999999	0.6501467794854084	0.5156	3146	CSF_ab42
rs8125763	20	17883531	C	A	0.494543	-0.012819999999999998	0.0056170000000000005	-2.282357130140644	0.02249	3146	CSF_ab42
rs17812022	NA	NA	NA	NA	NA	NA	NA	NA	NA	NA	NA
rs6058088	NA	NA	NA	NA	NA	NA	NA	NA	NA	NA	NA
rs137921167	NA	NA	NA	NA	NA	NA	NA	NA	NA	NA	NA
rs79384779	20	31214944	C	T	0.182998	0.005714	0.008066	0.7084056533597818	0.4787	3146	CSF_ab42
rs6029756	20	40266681	G	A	0.354235	-0.005011	0.006171	-0.8120239831469778	0.4168	3146	CSF_ab42
rs6031431	NA	NA	NA	NA	NA	NA	NA	NA	NA	NA	NA
rs2598	20	47241618	A	G	0.399363	0.001956	0.005665	0.3452780229479258	0.7298	3146	CSF_ab42
rs6090907	20	47410231	G	A	0.14037	-0.007824	0.008159	-0.9589410466968991	0.3377	3146	CSF_ab42
rs234623	NA	NA	NA	NA	NA	NA	NA	NA	NA	NA	NA
rs6026744	20	57742388	A	T	0.17934	0.014459999999999999	0.008565999999999999	1.68806911043661	0.09158999999999999	3146	CSF_ab42
rs28374392	NA	NA	NA	NA	NA	NA	NA	NA	NA	NA	NA
rs932961	NA	NA	NA	NA	NA	NA	NA	NA	NA	NA	NA
rs6062324	NA	NA	NA	NA	NA	NA	NA	NA	NA	NA	NA
rs2776037	NA	NA	NA	NA	NA	NA	NA	NA	NA	NA	NA
rs1882961	21	16556367	C	T	0.353902	0.008725	0.006629	1.3161864534620606	0.1882	3146	CSF_ab42
rs2833834	21	33814378	C	A	0.319141	-4.7939999999999994e-4	0.006302	-0.07607108854331956	0.9394	3146	CSF_ab42
rs12627651	NA	NA	NA	NA	NA	NA	NA	NA	NA	NA	NA
rs34487963	NA	NA	NA	NA	NA	NA	NA	NA	NA	NA	NA
rs7278003	21	44966069	T	C	0.606325	0.002934	0.005772	0.508316	0.6112	3146	CSF_ab42
rs11701512	21	47962811	A	G	0.803234	0.004312	0.007298000000000001	0.590847	0.5546	3146	CSF_ab42
rs12169946	22	18468105	A	G	0.246997	-0.007486	0.006529999999999999	-1.1464012251148545	0.2517	3146	CSF_ab42
rs2238787	22	19976406	G	A	0.345068	-0.0038810000000000003	0.0063289999999999996	-0.6132090377626799	0.5397	3146	CSF_ab42
rs12321	22	29453193	G	C	0.360436	0.01045	0.005817	1.7964586556644317	0.0725	3146	CSF_ab42
rs113264678	22	30135079	C	T	0.0785047	-0.025939999999999998	0.01202	-2.158069883527454	0.031039999999999998	3146	CSF_ab42
rs8142376	22	32001037	C	T	0.452424	0.003091	0.005606	0.5513735283624688	0.5815	3146	CSF_ab42
rs10212058	22	38158521	A	G	0.160805	-0.006027	0.007176	-0.8398829431438127	0.4011	3146	CSF_ab42
rs760984	22	39660028	G	C	0.158076	0.0075379999999999996	0.009602	0.7850447823370131	0.4325	3146	CSF_ab42
rs148140538	22	50228044	C	T	0.0745694	-0.005726	0.011009999999999999	-0.5200726612170754	0.6029	3146	CSF_ab42
rs28578714	NA	NA	NA	NA	NA	NA	NA	NA	NA	NA	NA
