SNP	CHR	POS	Effect_allele	Non_Effect_allele	EAF	Beta	SE	P	r2	N
rs10753661	1	165119792	A	G	0.702	-0.0113	0.00209	4.24e-8	5.3424474480000004e-5	535425
rs28680958	1	173848808	A	G	0.23	-0.0136	0.00237	9.78e-9	6.5512832e-5	535425
rs1260326	2	27730940	C	T	0.595	0.0233	0.00196	3.33e-33	2.6164583550000004e-4	537349
rs62135521	2	44296002	T	G	0.0378	-0.0272	0.0047	9.91e-9	5.38176780288e-5	537349
rs528301	2	45154908	A	G	0.605	0.0156	0.00195	1.25e-15	1.1631391199999998e-4	537349
rs6739804	2	63269604	C	T	0.66	-0.0129	0.00208	4.72e-10	7.4684808e-5	537349
rs4233567	2	144272376	T	C	0.34	-0.013	0.00208	3.83e-10	7.58472e-5	537349
rs28732378	3	85403892	G	A	0.729	-0.0163	0.00217	2.24e-14	1.0497890141999999e-4	533585
rs28712821	4	39413780	A	G	0.594	0.0284	0.00199	1.1e-46	3.8902647168000007e-4	537349
rs16854020	4	42117559	A	G	0.127	0.018	0.00289	4.82e-10	7.1844408e-5	537349
rs140572477	4	97948823	A	G	0.0045	-0.185	0.0211	1.29e-18	3.066388875e-4	490024
rs140184756	4	99161352	G	A	0.0052	-0.167	0.0185	2.37e-19	2.8853736288000003e-4	490024
rs1229984	4	100239319	C	T	0.953	0.209	0.00673	1.6e-203	0.003913031342000003	537349
rs78234152	4	100279889	A	G	0.0986	0.0275	0.00306	2.18e-19	1.344280355e-4	537349
rs13107325	4	103188709	T	C	0.0654	-0.0369	0.00395	1.23e-20	1.664509403448e-4	537349
rs331939	4	143654889	A	G	0.339	-0.0118	0.00202	4.5e-9	6.240151992000001e-5	537349
rs4916723	5	87854395	C	A	0.404	-0.0115	0.00199	8.07e-9	6.3687368e-5	537349
rs55872084	5	155902003	T	G	0.218	0.0129	0.00228	1.98e-8	5.6737822320000006e-5	537349
rs10085696	7	69783020	G	A	0.201	-0.016	0.00249	1.24e-10	8.2226688e-5	537349
rs2299409	7	103812171	A	G	0.493	-0.0104	0.00192	4.8e-8	5.4069400319999995e-5	537349
rs6951574	7	153489744	C	T	0.459	0.0135	0.00205	4.44e-11	9.051227549999999e-5	537349
rs28601761	8	126500031	G	C	0.405	0.0116	0.00201	7.6e-9	6.4851192e-5	537349
rs55932213	9	108755622	G	A	0.701	0.0129	0.0023	1.8e-8	6.975873918e-5	537349
rs2049045	11	27694241	C	G	0.189	-0.0137	0.00251	3.97e-8	5.7537871020000004e-5	537349
rs4752999	11	47428565	T	C	0.321	-0.0145	0.00207	2.03e-12	9.165175950000001e-5	533585
rs4309187	11	113412443	C	A	0.697	0.0149	0.0021	1.37e-12	9.377302782e-5	537349
rs17542254	11	113655696	G	A	0.251	0.0131	0.00214	8.96e-10	6.4525016780000007e-05	537349
rs7106546	11	116079170	T	G	0.755	0.0132	0.00229	1.28e-8	6.446008799999999e-5	537349
rs682011	11	121544285	C	T	0.567	0.011	0.00194	1.53e-8	5.941366199999999e-5	537349
rs1387766	12	92081800	A	G	0.622	-0.0108	0.00198	4.79e-8	5.484786048e-5	537349
rs34704785	13	68117681	T	C	0.412	-0.0114	0.00214	4.52e-8	6.296717952000002e-5	537349
rs1123285	14	57274519	G	C	0.339	-0.0127	0.00208	1.36e-9	7.228340382000001e-5	537349
rs6573197	14	58724208	T	C	0.726	-0.0123	0.00214	9.3e-9	6.0190423920000006e-5	537349
rs28929474	14	94844947	T	C	0.0154	-0.0477	0.00719	2.39e-11	6.899971644720001e-5	537349
rs17177078	16	24810681	T	C	0.0664	-0.0248	0.0041	9.51e-10	7.62539384832e-5	535425
rs153106	16	28526897	C	T	0.409	-0.0137	0.00196	3.63e-12	9.073647822e-5	535425
rs3814877	16	30042677	T	G	0.381	-0.0113	0.00198	1.07e-8	6.022856381999999e-5	535425
rs79616692	16	72338507	C	G	0.11	0.019	0.00315	2.38e-9	7.06838e-5	535425
rs11860773	16	73912503	C	T	0.176	-0.0155	0.00251	8.35e-10	6.9684032e-5	535425
rs13332432	16	85721809	G	C	0.296	0.0142	0.00219	5.94e-11	8.403709952000001e-5	535425
rs34121753	17	7733833	G	A	0.532	0.0112	0.00199	1.39e-8	6.246309888e-5	537349
rs76640332	17	44189858	A	G	0.204	-0.0219	0.0025	1.47e-18	1.5576198048e-4	537349
rs838145	19	49248730	A	G	0.584	-0.0161	0.00198	3.87e-16	1.2594702848e-4	537349
rs6106989	20	25027630	A	G	0.628	0.0113	0.00204	3.81e-8	5.9660854079999996e-5	537349
