SNP	CHR	POS	Effect_allele	Non_Effect_allele	EAF	Beta	SE	P	r2	N
rs58107686	1	33837334	A	C	0.344	-0.0113	0.00214	1.06e-7	5.763007232e-5	498607
rs1416706	1	46602844	A	G	0.672	0.01	0.00208	1.31e-6	4.40832e-5	535425
rs11209742	1	71504678	C	A	0.277	0.0105	0.00221	2.88e-6	4.4159755500000005e-5	535425
rs12124523	1	72621463	T	C	0.0928	-0.017	0.00326	1.5e-7	4.8660756480000005e-5	535425
rs10753661	1	165119792	A	G	0.702	-0.0113	0.00209	4.24e-8	5.3424474480000004e-5	535425
rs28680958	1	173848808	A	G	0.23	-0.0136	0.00237	9.78e-9	6.5512832e-5	535425
rs6675528	1	174896299	G	A	0.288	-0.0105	0.00217	1.04e-6	4.5214848000000004e-5	535425
rs139920619	1	201571459	C	T	0.00724	-0.0583	0.0121	1.37e-6	4.8859603887071995e-5	535425
rs823099	1	205669322	A	C	0.417	0.0103	0.00192	1.73e-7	5.1583291979999996e-5	535425
rs3990965	1	225989286	G	A	0.78	0.0111	0.00236	2.44e-6	4.2285672e-5	535425
rs79072804	1	231386470	G	A	0.0128	0.038	0.00818	3.4e-6	3.649323008e-5	535425
rs61837208	1	235351567	G	A	0.0129	-0.0471	0.00963	1.1e-6	5.64966467838e-5	535425
rs1260326	2	27730940	C	T	0.595	0.0233	0.00196	3.33e-33	2.6164583550000004e-4	537349
rs441413	2	40393539	G	T	0.0757	-0.021	0.00401	1.56e-7	6.171310782000001e-5	537349
rs62135521	2	44296002	T	G	0.0378	-0.0272	0.0047	9.91e-9	5.38176780288e-5	537349
rs528301	2	45154908	A	G	0.605	0.0156	0.00195	1.25e-15	1.1631391199999998e-4	537349
rs1949613	2	58050936	T	G	0.709	0.0106	0.00215	7.06e-7	4.636400568e-5	537349
rs6739804	2	63269604	C	T	0.66	-0.0129	0.00208	4.72e-10	7.4684808e-5	537349
rs7587577	2	73832786	T	C	0.224	0.0121	0.00241	4.22e-7	5.089914368e-5	500531
rs78876991	2	74238857	C	T	0.0589	-0.0209	0.00412	3.3e-7	4.842544675979999e-5	537349
rs4233567	2	144272376	T	C	0.34	-0.013	0.00208	3.83e-10	7.58472e-5	537349
rs72859280	2	147956293	T	G	0.0355	0.0243	0.00541	3.64e-6	4.0436459954999994e-5	537349
rs4664531	2	152986041	C	T	0.278	-0.0102	0.00217	2.99e-6	4.1764985280000005e-5	537349
rs10168014	2	162105737	G	A	0.799	0.0118	0.00249	3.11e-6	4.472360951999999e-5	537349
rs1377491	2	178173386	T	A	0.807	0.0117	0.00238	1.03e-6	4.264150877999999e-5	537349
rs75750180	2	221316160	T	G	0.0927	-0.0169	0.00351	3.05e-6	4.804343488619999e-5	537349
rs56337305	2	225475560	C	T	0.375	-0.0102	0.00201	3.84e-7	4.876875e-5	537349
rs2713544	2	227144372	A	T	0.633	-0.00995	0.002	6.49e-7	4.5998739555e-5	537349
rs6809836	3	70940892	A	G	0.294	-0.0105	0.00213	8.64e-7	4.5767861999999995e-5	537349
rs13066050	3	81325861	T	C	0.202	0.0111	0.00237	2.41e-6	3.972191832000001e-5	537349
rs28732378	3	85403892	G	A	0.729	-0.0163	0.00217	2.24e-14	1.0497890141999999e-4	533585
rs79373562	3	100619865	A	G	0.0235	-0.0298	0.00597	6.01e-7	4.0757039819999995e-5	537349
rs9809760	3	117599116	C	T	0.47	0.00925	0.00195	2.01e-6	4.262723749999999e-5	537349
rs60654199	3	141267295	A	C	0.067	-0.0206	0.00401	2.75e-7	5.305433592000001e-5	537349
rs13077520	3	155334844	C	T	0.225	-0.0123	0.00236	1.84e-7	5.27623875e-5	537349
rs6787172	3	158187811	G	T	0.546	-0.0106	0.00194	5.49e-8	5.570449248e-5	537349
rs7618629	3	184023061	G	A	0.772	0.0107	0.00226	1.86e-6	4.030414367999999e-5	537349
rs12646808	4	3249828	C	T	0.338	-0.011	0.00213	2.27e-7	5.414895199999999e-5	537349
rs7661710	4	18317770	G	A	0.487	0.00941	0.00195	1.85e-6	4.42441207422e-5	537349
rs28712821	4	39413780	A	G	0.594	0.0284	0.00199	1.1e-46	3.8902647168000007e-4	537349
rs16854020	4	42117559	A	G	0.127	0.018	0.00289	4.82e-10	7.1844408e-5	537349
rs72876662	4	97621560	A	G	0.0198	-0.0582	0.0119	7.16e-7	1.314788368608e-4	537349
rs140572477	4	97948823	A	G	0.0045	-0.185	0.0211	1.29e-18	3.066388875e-4	490024
rs4290898	4	97972876	C	T	0.993	0.064	0.0142	1.52e-6	5.6942592000000045e-5	490024
rs140184756	4	99161352	G	A	0.0052	-0.167	0.0185	2.37e-19	2.8853736288000003e-4	490024
rs1229984	4	100239319	C	T	0.953	0.209	0.00673	1.6e-203	0.003913031342000003	537349
rs78234152	4	100279889	A	G	0.0986	0.0275	0.00306	2.18e-19	1.344280355e-4	537349
rs2116993	4	101391596	C	T	0.888	0.0151	0.00326	3.7e-6	4.535392512e-5	537349
rs13107325	4	103188709	T	C	0.0654	-0.0369	0.00395	1.23e-20	1.664509403448e-4	537349
rs2713871	4	106325106	G	T	0.478	-0.0094	0.00193	1.11e-6	4.409446752e-5	537349
rs2074378	4	113278057	T	C	0.341	-0.01	0.00208	1.14e-6	4.494380000000001e-5	537349
rs331939	4	143654889	A	G	0.339	-0.0118	0.00202	4.5e-9	6.240151992000001e-5	537349
rs7698119	4	171070910	A	G	0.5	-0.00914	0.00198	2.11e-6	4.176980000000001e-5	537349
rs28694391	4	174154311	C	T	0.804	-0.0133	0.00251	1.12e-7	5.575006751999999e-5	537349
rs13124335	4	179027704	C	T	0.174	0.0128	0.00268	2.41e-6	4.7095480319999996e-5	537349
rs1910091	5	13781535	A	G	0.274	0.0117	0.00218	7.87e-8	5.446141272000001e-5	537349
rs1540751	5	19985234	C	T	0.573	-0.009	0.00196	4.23e-6	3.9636702e-5	537349
rs4481304	5	50759415	A	G	0.437	-0.00914	0.00195	2.37e-6	4.11066626552e-5	537349
rs4916723	5	87854395	C	A	0.404	-0.0115	0.00199	8.07e-9	6.3687368e-5	537349
rs12513758	5	132239939	G	C	0.161	-0.0139	0.0027	2.54e-7	5.219722717999999e-5	500531
rs4501371	5	144360451	A	T	0.521	-0.0103	0.00195	1.2e-7	5.295142862e-5	537349
rs55872084	5	155902003	T	G	0.218	0.0129	0.00228	1.98e-8	5.6737822320000006e-5	537349
rs55786063	5	166833187	T	G	0.469	-0.00946	0.00196	1.35e-6	4.457379714479999e-5	537349
rs2545799	5	176852186	G	T	0.508	0.00944	0.00204	3.65e-6	4.45453934592e-5	537349
rs9349379	6	12903957	G	A	0.399	0.00925	0.002	4.9e-6	4.1035603874999995e-5	537349
rs1906252	6	98550289	A	C	0.466	0.00901	0.00194	4.22e-6	4.040236160880001e-5	537349
rs911475	6	109263187	T	C	0.153	-0.0129	0.00268	1.47e-6	4.313047661999999e-5	537349
rs74375407	7	3942558	T	C	0.0168	-0.033	0.00686	1.15e-6	3.5975681280000005e-5	537349
rs6962879	7	14295168	G	C	0.599	0.0097	0.00199	1.19e-6	4.520064782e-5	537349
rs11238438	7	51358762	C	G	0.408	0.0092	0.00193	2.26e-6	4.088721408000001e-5	537349
rs10085696	7	69783020	G	A	0.201	-0.016	0.00249	1.24e-10	8.2226688e-5	537349
rs34958196	7	73043101	A	G	0.129	0.0156	0.00302	2.86e-7	5.4687372479999996e-5	500531
rs10236149	7	98977515	G	A	0.17	-0.016	0.00297	8.65e-8	7.224319999999999e-5	537349
rs2299409	7	103812171	A	G	0.493	-0.0104	0.00192	4.8e-8	5.4069400319999995e-5	537349
rs6951574	7	153489744	C	T	0.459	0.0135	0.00205	4.44e-11	9.051227549999999e-5	537349
rs2724988	8	4445638	T	G	0.598	0.00935	0.00198	2.48e-6	4.203203862000001e-5	528436
rs13254315	8	23378055	A	G	0.146	0.0123	0.00269	4.64e-6	3.772688472e-5	537349
rs9297173	8	31181474	T	A	0.5	0.00887	0.00193	4.82e-6	3.933844999999999e-5	537349
rs4380889	8	33663381	A	G	0.422	-0.00999	0.00194	2.46e-7	4.868568238320001e-5	537349
rs112537273	8	38248306	C	T	0.215	-0.0117	0.0023	3.97e-7	4.6207219500000004e-5	537349
rs78718497	8	51223444	T	A	0.00864	-0.0488	0.0107	3.4e-6	4.0795736113152006e-5	537349
rs6982152	8	64779013	C	T	0.768	0.0107	0.00229	3.38e-6	4.0798740479999994e-5	537349
rs10097299	8	93329382	G	T	0.194	-0.0122	0.0024	3.84e-7	4.6546435520000006e-5	537349
rs800578	8	116869477	C	T	0.789	0.0119	0.00236	4.95e-7	4.7150182380000006e-5	537349
rs28601761	8	126500031	G	C	0.405	0.0116	0.00201	7.6e-9	6.4851192e-5	537349
rs10512093	9	82446394	G	A	0.484	0.00957	0.00196	9e-7	4.57455585312e-5	537349
rs138068171	9	94233712	T	C	0.0396	-0.0286	0.00562	3.08e-7	6.221704769280002e-5	537349
rs55932213	9	108755622	G	A	0.701	0.0129	0.0023	1.8e-8	6.975873918e-5	537349
rs4743005	9	109327591	A	G	0.184	-0.0128	0.00248	1.94e-7	4.919918592e-5	537349
rs7043551	9	127248424	C	T	0.49	0.0104	0.00201	1.59e-7	5.4058367999999996e-5	537349
rs13288470	9	129688559	T	A	0.119	-0.0163	0.00303	9.06e-8	5.570934781999999e-5	537349
rs10996513	10	67301127	A	C	0.0469	0.0211	0.00449	2.26e-6	3.98021212638e-5	537349
rs61873510	10	102626510	T	G	0.314	-0.0113	0.00215	8.83e-8	5.5009873519999994e-5	537349
rs72825968	10	110394720	C	T	0.0608	-0.0201	0.00375	8.15e-8	4.61406569472e-5	537349
rs77232328	11	8663970	T	C	0.0527	0.0216	0.00399	7.42e-8	4.6583879155200006e-5	537349
rs2049045	11	27694241	C	G	0.189	-0.0137	0.00251	3.97e-8	5.7537871020000004e-5	537349
rs4756121	11	33204159	C	G	0.665	0.0117	0.00217	9.77e-8	6.09913395e-5	500531
rs60816887	11	45335432	T	C	0.197	0.0117	0.00255	4.71e-6	4.330953198e-5	537349
rs12285419	11	46343189	A	C	0.2	0.0121	0.00252	1.18e-6	4.685120000000001e-5	537349
rs4752999	11	47428565	T	C	0.321	-0.0145	0.00207	2.03e-12	9.165175950000001e-5	533585
rs11231299	11	62771388	A	G	0.193	0.0113	0.00239	1.29e-6	3.977569038e-5	537349
rs4309187	11	113412443	C	A	0.697	0.0149	0.0021	1.37e-12	9.377302782e-5	537349
rs17542254	11	113655696	G	A	0.251	0.0131	0.00214	8.96e-10	6.4525016780000007e-05	537349
rs7106546	11	116079170	T	G	0.755	0.0132	0.00229	1.28e-8	6.446008799999999e-5	537349
rs682011	11	121544285	C	T	0.567	0.011	0.00194	1.53e-8	5.941366199999999e-5	537349
rs35247189	12	6857898	A	C	0.22	-0.0107	0.00232	4.55e-6	3.9292968e-5	537349
rs35011311	12	38616581	T	G	0.255	-0.0111	0.00232	1.44e-6	4.681363950000001e-5	533585
rs73107969	12	48185165	A	G	0.212	0.0112	0.00239	2.71e-6	4.191100928e-5	537349
rs2336448	12	50212628	T	C	0.418	-0.0103	0.00197	1.62e-7	5.161830168000001e-5	537349
rs7971859	12	51866406	G	A	0.547	-0.0105	0.00195	8.41e-8	5.46379155e-5	537349
rs3809162	12	54674235	G	A	0.414	0.00998	0.00199	4.61e-7	4.8326910883199994e-5	537349
rs1609028	12	75409357	C	G	0.597	0.00923	0.00194	6.79e-7	4.09932900078e-5	537349
rs61934664	12	81608058	A	G	0.476	-0.0104	0.00194	6.94e-8	5.395539968e-5	537349
rs147865473	12	87787481	G	A	0.0378	-0.0237	0.00475	5.47e-7	4.08586337208e-5	537349
rs1387766	12	92081800	A	G	0.622	-0.0108	0.00198	4.79e-8	5.484786048e-5	537349
rs4369456	12	97680728	C	A	0.26	-0.0107	0.00219	1.15e-6	4.4055751999999995e-5	537349
rs55863153	12	123637698	C	A	0.0202	0.0285	0.00597	1.23e-6	3.215203902e-5	537349
rs943724	13	27274270	A	G	0.751	0.0107	0.00227	2.36e-6	4.2819031019999996e-5	537349
rs1927847	13	54060827	C	T	0.378	-0.00958	0.00209	3.95e-6	4.31562001248e-5	537349
rs34704785	13	68117681	T	C	0.412	-0.0114	0.00214	4.52e-8	6.296717952000002e-5	537349
rs4772260	13	100645723	C	T	0.428	0.00926	0.002	3.27e-6	4.19847688832e-5	537349
rs1825395	14	42737596	C	A	0.337	0.0106	0.00214	6.84e-7	5.020941432000001e-5	500531
rs1123285	14	57274519	G	C	0.339	-0.0127	0.00208	1.36e-9	7.228340382000001e-5	537349
rs6573197	14	58724208	T	C	0.726	-0.0123	0.00214	9.3e-9	6.0190423920000006e-5	537349
rs28929474	14	94844947	T	C	0.0154	-0.0477	0.00719	2.39e-11	6.899971644720001e-5	537349
rs281287	15	47681552	G	A	0.378	0.00942	0.00203	3.51e-6	4.172669484479999e-5	537349
rs2414133	15	52412563	G	A	0.309	0.0106	0.00214	6.21e-7	4.798198968e-5	537349
rs10518876	15	57065787	A	G	0.167	-0.0119	0.00256	3.04e-6	3.939901742000001e-5	537349
rs35807116	15	74667953	T	C	0.562	0.0102	0.00198	1.85e-7	5.122014048e-5	537349
rs28616142	15	86867867	T	C	0.402	0.0106	0.002	1.37e-7	5.402178912e-5	537349
rs17177078	16	24810681	T	C	0.0664	-0.0248	0.0041	9.51e-10	7.62539384832e-5	535425
rs153106	16	28526897	C	T	0.409	-0.0137	0.00196	3.63e-12	9.073647822e-5	535425
rs3814877	16	30042677	T	G	0.381	-0.0113	0.00198	1.07e-8	6.022856381999999e-5	535425
rs1558902	16	53803574	A	T	0.4	-0.01	0.00196	3.25e-7	4.8e-5	535425
rs62044525	16	64872590	G	C	0.172	-0.0126	0.0025	4.97e-7	4.5219928319999995e-5	535425
rs73562876	16	69124308	G	T	0.0801	-0.0174	0.00343	2.68e-7	4.46171296248e-5	535425
rs16959025	16	69695589	G	T	0.191	0.0122	0.00254	2.14e-6	4.5997215920000006e-5	535425
rs79616692	16	72338507	C	G	0.11	0.019	0.00315	2.38e-9	7.06838e-5	535425
rs11860773	16	73912503	C	T	0.176	-0.0155	0.00251	8.35e-10	6.9684032e-5	535425
rs13332432	16	85721809	G	C	0.296	0.0142	0.00219	5.94e-11	8.403709952000001e-5	535425
rs11656013	17	7446081	C	T	0.213	-0.0119	0.00233	3.97e-7	4.747645182000001e-5	537349
rs34121753	17	7733833	G	A	0.532	0.0112	0.00199	1.39e-8	6.246309888e-5	537349
rs1971157	17	27925343	C	G	0.384	0.00985	0.00204	8.22e-7	4.5900180479999995e-5	537349
rs7502556	17	29642430	C	T	0.609	0.0101	0.00199	4.84e-7	4.858103838e-5	537349
rs732770	17	35440637	A	G	0.357	0.00994	0.00211	1.91e-6	4.5360930367199994e-5	537349
rs76640332	17	44189858	A	G	0.204	-0.0219	0.0025	1.47e-18	1.5576198048e-4	537349
rs35895680	17	47060322	A	C	0.304	0.0105	0.00212	7.32e-7	4.6654271999999995e-5	537349
rs79415988	17	66066969	T	C	0.261	0.0108	0.00234	4.05e-6	4.4994813120000005e-5	537349
rs10438820	17	78524597	T	C	0.685	0.0112	0.00209	8.04e-8	5.413363199999999e-5	537349
rs28597806	18	40734725	G	A	0.38	0.00974	0.00195	3.93e-7	4.4701613120000006e-5	537349
rs78308288	18	46482687	T	C	0.176	0.013	0.00259	6.04e-7	4.9018112000000004e-5	537349
rs1011392	18	53041903	G	A	0.346	-0.0113	0.00208	6.23e-8	5.7788407919999994e-5	537349
rs1942964	18	55027212	G	T	0.477	-0.0103	0.00197	2.24e-7	5.293275678e-5	537349
rs838145	19	49248730	A	G	0.584	-0.0161	0.00198	3.87e-16	1.2594702848e-4	537349
rs28429420	20	18656530	A	G	0.395	-0.0101	0.00204	8.54e-7	4.87556795e-5	500531
rs6106989	20	25027630	A	G	0.628	0.0113	0.00204	3.81e-8	5.9660854079999996e-5	537349
rs9607814	22	41946519	A	C	0.212	-0.0131	0.00255	3.16e-7	5.733696032000001e-5	500531
rs17884691	22	46481623	A	G	0.221	-0.0117	0.0024	2.22e-6	4.713369102e-5	537349
rs149015425	22	50545634	T	G	0.0425	-0.0217	0.00471	3.16e-6	3.8324559875e-5	537349
