$`Main MR results`
       Exposure       MR Analysis Causal Estimate       Sd    T-stat   P-value
1 beta.exposure               Raw        72.58515 383.0475 0.1894938 0.8501629
2 beta.exposure Outlier-corrected       194.09183 330.4698 0.5873209 0.5586218

$`MR-PRESSO results`
$`MR-PRESSO results`$`Global Test`
$`MR-PRESSO results`$`Global Test`$RSSobs
[1] 156.2509

$`MR-PRESSO results`$`Global Test`$Pvalue
[1] "<1e-04"


$`MR-PRESSO results`$`Outlier Test`
         RSSobs  Pvalue
1  6.720032e+03       1
2  8.210108e+03       1
3  4.308585e+04       1
4  2.442911e+03       1
5  3.433276e+03       1
6  2.907161e+02       1
7  8.914420e+04   0.476
8  6.639681e+02       1
9  7.504831e+03       1
10 5.629512e+04       1
11 6.636193e+03       1
12 4.943739e+04       1
13 1.160595e+04       1
14 4.570574e+04       1
15 6.460838e+01       1
16 1.684590e+04       1
17 9.211839e+04       1
18 4.296976e+04       1
19 8.159239e+02       1
20 1.106596e+02       1
21 4.136959e+05  0.0425
22 9.791340e+05 <0.0085
23 1.999112e+03       1
24 2.782240e+01       1
25 3.804190e+03       1
26 7.238046e+02       1
27 7.074111e+04       1
28 4.954202e+04       1
29 1.432928e+04       1
30 1.724022e+03       1
31 2.714434e+04       1
32 1.730244e+05  0.0255
33 3.358882e+04       1
34 6.787417e+03       1
35 1.336671e+03       1
36 8.495158e+04   0.561
37 2.552578e+03       1
38 1.137676e+04       1
39 1.874118e+04       1
40 7.892733e+02       1
41 5.127386e+04       1
42 3.287426e+03       1
43 1.488707e+03       1
44 1.739230e+03       1
45 2.806538e+04       1
46 8.254399e+03       1
47 1.351952e+04       1
48 9.767850e+04   0.731
49 6.607516e+03       1
50 4.172155e+03       1
51 1.135192e+04       1
52 2.996265e+05  0.4335
53 1.373973e+02       1
54 8.555391e+02       1
55 6.180624e+03       1
56 6.665005e+03       1
57 2.383793e+04       1
58 6.328788e+03       1
59 3.382783e+03       1
60 2.914525e+03       1
61 6.323000e+04       1
62 4.853462e+04       1
63 7.093206e+04       1
64 1.000982e+04       1
65 1.160725e+05       1
66 4.375050e+04       1
67 3.942976e+03       1
68 1.554788e-01       1
69 1.149253e+03       1
70 5.909027e+03       1
71 1.365859e+04       1
72 6.589260e+04       1
73 6.622244e+04       1
74 1.743906e+04       1
75 3.155925e+03       1
76 5.467443e+01       1
77 8.462076e+03       1
78 9.561206e+02       1
79 1.212693e+04       1
80 7.504211e+02       1
81 2.916817e+03       1
82 2.699467e+03       1
83 3.118342e+04       1
84 4.203355e+04       1
85 4.557495e+02       1

$`MR-PRESSO results`$`Distortion Test`
$`MR-PRESSO results`$`Distortion Test`$`Outliers Indices`
[1] 21 22 32

$`MR-PRESSO results`$`Distortion Test`$`Distortion Coefficient`
beta.exposure 
    -62.60268 

$`MR-PRESSO results`$`Distortion Test`$Pvalue
[1] 0.8084



