SNP	CHROM	POS	REF	ALT	AF	BETA	SE	Z	P	N	TRAIT
rs10796918	1	35624192	A	G	0.890108	0.001638	0.008731000000000001	0.187607	0.8512	3146	CSF_ab42
rs4357572	1	50576710	T	A	0.530147	-0.005756	0.005611	-1.02584	0.305	3146	CSF_ab42
rs2133204	1	77974484	G	A	0.445234	0.001415	0.005357	0.26414037707672205	0.7917	3146	CSF_ab42
rs12068365	1	151015868	G	A	0.0732149	0.004379	0.009612	0.45557636287973363	0.6487	3146	CSF_ab42
rs2072659	NA	NA	NA	NA	NA	NA	NA	NA	NA	NA	NA
rs12757660	1	166883273	G	C	0.1349	0.002002	0.006948	0.2881404720782959	0.7733	3146	CSF_ab42
rs2901785	1	174104743	G	A	0.404398	-0.00264	0.0052640000000000004	-0.5015197568389057	0.616	3146	CSF_ab42
rs34973462	1	175993820	C	T	0.414577	-2.72e-4	0.005598	-0.04858878170775277	0.9613	3146	CSF_ab42
rs75383625	NA	NA	NA	NA	NA	NA	NA	NA	NA	NA	NA
rs1544850	2	60167206	C	T	0.54024	-0.008801	0.0054	-1.6298148148148146	0.1033	3146	CSF_ab42
rs7599488	2	60718347	C	T	0.442868	-0.002724	0.005365	-0.5077353215284249	0.6116	3146	CSF_ab42
rs78408772	NA	NA	NA	NA	NA	NA	NA	NA	NA	NA	NA
rs62151707	NA	NA	NA	NA	NA	NA	NA	NA	NA	NA	NA
rs140066800	NA	NA	NA	NA	NA	NA	NA	NA	NA	NA	NA
rs10204824	NA	NA	NA	NA	NA	NA	NA	NA	NA	NA	NA
rs1075143	2	186178601	G	A	0.0939484	-0.006086	0.008936	-0.6810653536257835	0.4959	3146	CSF_ab42
rs2084533	3	16872929	C	T	0.350073	0.0050409999999999995	0.005697	0.8848516763208706	0.3763	3146	CSF_ab42
rs4621280	NA	NA	NA	NA	NA	NA	NA	NA	NA	NA	NA
rs3749278	3	32209230	T	C	0.422045	-0.002881	0.005447	-0.5289149990820635	0.5969	3146	CSF_ab42
rs7431710	3	48935583	G	A	0.648	-0.008015	0.005576	-1.43741	0.1507	3146	CSF_ab42
rs11711814	3	50044813	T	G	0.0783513	0.02496	0.01043	2.3930968360498563	0.016819999999999998	3146	CSF_ab42
rs2885264	NA	NA	NA	NA	NA	NA	NA	NA	NA	NA	NA
rs571513	3	136095035	A	G	0.810667	0.007891	0.0061920000000000005	1.27439	0.2027	3146	CSF_ab42
rs28813180	NA	NA	NA	NA	NA	NA	NA	NA	NA	NA	NA
rs2032463	4	2941988	T	C	0.503276	0.002919	0.005412	0.5393569844789358	0.5897	3146	CSF_ab42
rs2421267	NA	NA	NA	NA	NA	NA	NA	NA	NA	NA	NA
rs4505859	4	44753322	T	C	0.610102	-0.005121	0.005514	-0.928727	0.3531	3146	CSF_ab42
rs11725618	4	67053769	T	C	0.313319	-0.001726	0.005965	-0.28935456831517187	0.7723	3146	CSF_ab42
rs787362	4	67904931	T	A	0.469625	-0.002679	0.005299	-0.5055670881298359	0.6132	3146	CSF_ab42
rs72652604	NA	NA	NA	NA	NA	NA	NA	NA	NA	NA	NA
rs2289043	4	96106322	A	G	0.708863	0.004334	0.005716	0.758223	0.4484	3146	CSF_ab42
rs4699353	4	99509133	G	A	0.58024	-0.001203	0.005391	-0.22315	0.8234	3146	CSF_ab42
rs2060220	5	166574542	A	T	0.125136	0.0066430000000000005	0.007428	0.8943187937533658	0.3712	3146	CSF_ab42
rs1997690	6	19792254	T	C	0.236383	-0.003208	0.006196	-0.5177533892834086	0.6047	3146	CSF_ab42
rs138914325	NA	NA	NA	NA	NA	NA	NA	NA	NA	NA	NA
rs806798	6	26214473	T	C	0.540481	-0.003975	0.005502	-0.722465	0.47	3146	CSF_ab42
rs12664932	6	34012666	T	C	0.254878	0.0013039999999999998	0.007388	0.1765024363833243	0.86	3146	CSF_ab42
rs62411292	NA	NA	NA	NA	NA	NA	NA	NA	NA	NA	NA
rs9387232	6	97751531	A	G	0.222707	0.006441	0.008574	0.7512246326102169	0.4526	3146	CSF_ab42
rs4478441	6	120579080	G	A	0.625091	0.001171	0.005377000000000001	0.217779	0.8276	3146	CSF_ab42
rs7769343	NA	NA	NA	NA	NA	NA	NA	NA	NA	NA	NA
rs2159045	7	2207401	T	C	0.361594	0.006693000000000001	0.005593	1.19667441444663	0.2315	3146	CSF_ab42
rs215600	7	32333642	G	A	0.681551	0.007905	0.005639	1.40184	0.1611	3146	CSF_ab42
rs2529287	NA	NA	NA	NA	NA	NA	NA	NA	NA	NA	NA
rs56323539	NA	NA	NA	NA	NA	NA	NA	NA	NA	NA	NA
rs12538820	NA	NA	NA	NA	NA	NA	NA	NA	NA	NA	NA
rs58132560	7	125704516	T	C	0.452381	-0.0026030000000000003	0.005303	-0.4908542334527626	0.6235	3146	CSF_ab42
rs73229090	8	27442127	C	A	0.116195	-0.01006	0.008573	-1.173451533885454	0.2409	3146	CSF_ab42
rs58379124	8	42579203	T	C	0.763781	8.509e-4	0.00647	0.131515	0.8954	3146	CSF_ab42
rs148168945	NA	NA	NA	NA	NA	NA	NA	NA	NA	NA	NA
rs790564	8	64604218	A	C	0.758351	-0.003493	0.006027	-0.579559	0.5623	3146	CSF_ab42
rs1999066	9	120514464	G	C	0.651587	-8.166e-4	0.005595	-0.145952	0.884	3146	CSF_ab42
rs7874404	NA	NA	NA	NA	NA	NA	NA	NA	NA	NA	NA
rs3025383	9	136502369	T	C	0.173755	-0.002908	0.007379999999999999	-0.3940379403794038	0.6936	3146	CSF_ab42
rs11186903	10	94055996	T	C	0.443215	0.00215	0.005423	0.3964595242485709	0.6919	3146	CSF_ab42
rs189991035	NA	NA	NA	NA	NA	NA	NA	NA	NA	NA	NA
rs7951365	11	16377044	T	C	0.290545	0.006942	0.005912	1.1742219215155616	0.2404	3146	CSF_ab42
rs147604281	NA	NA	NA	NA	NA	NA	NA	NA	NA	NA	NA
rs7944241	11	43695374	A	G	0.471591	0.001947	0.0054	0.3605555555555555	0.7184	3146	CSF_ab42
rs75494138	11	46465361	C	T	0.0567235	-0.001667	0.01139	-0.14635645302897277	0.8837	3146	CSF_ab42
rs11605503	11	47863255	T	G	0.182997	0.001925	0.0064540000000000005	0.2982646420824295	0.7655	3146	CSF_ab42
rs7928017	11	113448762	C	A	0.385189	-0.0033840000000000003	0.005418	-0.6245847176079735	0.5323	3146	CSF_ab42
rs12271392	NA	NA	NA	NA	NA	NA	NA	NA	NA	NA	NA
rs4463860	11	133742911	G	C	0.394507	-0.003616	0.005815	-0.6218400687876182	0.5341	3146	CSF_ab42
rs10785134	12	74974309	A	G	0.265869	0.0025280000000000003	0.006183	0.40886301148309884	0.6826	3146	CSF_ab42
rs79250609	NA	NA	NA	NA	NA	NA	NA	NA	NA	NA	NA
rs1458269	13	54434565	T	C	0.682922	0.00265	0.005522	0.479899	0.6313	3146	CSF_ab42
rs9569733	13	58316612	T	C	0.169568	0.006804999999999999	0.007481	0.9096377489640421	0.3631	3146	CSF_ab42
rs9571688	13	67478566	A	G	0.279723	0.005273	0.00575	0.9170434782608695	0.3592	3146	CSF_ab42
rs1106649	13	111168488	C	T	0.0675182	-0.004311	0.01057	-0.40785241248817405	0.6834	3146	CSF_ab42
rs914027	NA	NA	NA	NA	NA	NA	NA	NA	NA	NA	NA
rs35011804	14	104151400	C	T	0.39121	0.01223	0.00573	2.1343804537521813	0.032889999999999996	3146	CSF_ab42
rs1657936	15	57113013	C	T	0.793222	0.001417	0.006571	0.215644	0.8292	3146	CSF_ab42
rs632811	15	59155050	A	G	0.342842	-0.002191	0.005808	-0.37723829201101927	0.706	3146	CSF_ab42
rs8034191	15	78806023	T	C	0.333152	-0.0017100000000000001	0.005539	-0.3087199855569598	0.7576	3146	CSF_ab42
rs141147481	NA	NA	NA	NA	NA	NA	NA	NA	NA	NA	NA
rs182317	15	89943601	G	T	0.32478	0.002309	0.0067659999999999994	0.3412651492757907	0.733	3146	CSF_ab42
rs12933462	NA	NA	NA	NA	NA	NA	NA	NA	NA	NA	NA
rs12443627	NA	NA	NA	NA	NA	NA	NA	NA	NA	NA	NA
rs2386571	16	52074123	A	C	0.609636	0.001114	0.005353	0.208108	0.8351	3146	CSF_ab42
rs11647656	16	64960717	C	T	0.308615	-0.01904	0.006023	-3.161215341192097	0.001596	3146	CSF_ab42
rs12924872	16	69552215	C	T	0.465086	0.0020629999999999997	0.005424	0.3803466076696165	0.7037	3146	CSF_ab42
rs310333	NA	NA	NA	NA	NA	NA	NA	NA	NA	NA	NA
rs11861635	16	82543378	C	G	0.0277274	0.02376	0.01548	1.5348837209302324	0.1249	3146	CSF_ab42
rs4785587	NA	NA	NA	NA	NA	NA	NA	NA	NA	NA	NA
rs8614	17	27588806	C	A	0.130324	0.003071	0.007469	0.41116615343419466	0.6809999999999999	3146	CSF_ab42
rs62083758	NA	NA	NA	NA	NA	NA	NA	NA	NA	NA	NA
rs11872159	18	51275090	T	C	0.159717	-0.006108	0.006887000000000001	-0.8868883403513865	0.3752	3146	CSF_ab42
rs35178579	18	53268923	G	A	0.18848	-0.001153	0.007019	-0.1642684143040319	0.8695	3146	CSF_ab42
rs4485470	18	62125063	G	A	0.614769	0.003798	0.005492	0.691551	0.4892	3146	CSF_ab42
rs895330	NA	NA	NA	NA	NA	NA	NA	NA	NA	NA	NA
rs2542277	19	31885287	G	A	0.556951	0.001701	0.005591	0.304239	0.7609999999999999	3146	CSF_ab42
rs34406232	19	41305530	C	A	0.0251468	0.009406999999999999	0.0177	0.5314689265536723	0.5951	3146	CSF_ab42
rs56113850	NA	NA	NA	NA	NA	NA	NA	NA	NA	NA	NA
rs117875279	NA	NA	NA	NA	NA	NA	NA	NA	NA	NA	NA
rs34677607	NA	NA	NA	NA	NA	NA	NA	NA	NA	NA	NA
rs1962635	19	47802113	C	T	0.292274	-0.004235	0.00627	-0.6754385964912281	0.4995	3146	CSF_ab42
rs6078373	20	11863500	G	A	0.428209	0.0059770000000000005	0.0054	1.106851851851852	0.2685	3146	CSF_ab42
rs2424627	20	24707912	C	T	0.712754	0.003486	0.005691	0.612546	0.5402	3146	CSF_ab42
rs2424888	20	31047533	G	A	0.434423	0.002092	0.005603	0.3733714081741924	0.7089	3146	CSF_ab42
rs2273500	NA	NA	NA	NA	NA	NA	NA	NA	NA	NA	NA
rs145104523	21	40644110	C	T	0.123855	0.00149	0.008699	0.17128405563857915	0.8640000000000001	3146	CSF_ab42
