SNP	CHROM	POS	REF	ALT	AF	BETA	SE	Z	P	N	TRAIT
rs2089358	1	37194103	C	T	0.6929	0.0181	0.0642	0.28193146417445486	0.7776	2764	Vascular_Brain_Injury
rs11588755	1	57819204	G	A	0.4397	-0.0216	0.0641	-0.3369734789391576	0.7367	2764	Vascular_Brain_Injury
rs6690101	1	66414039	T	C	0.2922	0.0285	0.0599	0.475793	0.6334	2764	Vascular_Brain_Injury
rs1620977	1	72729142	A	G	0.714	-0.0625	0.065	-0.961538	0.3365	2764	Vascular_Brain_Injury
rs699844	1	74878253	A	G	0.0778	0.0289	0.10800000000000001	0.267593	0.7892	2764	Vascular_Brain_Injury
rs12030482	NA	NA	NA	NA	NA	NA	NA	NA	NA	NA	NA
rs6702604	1	107190062	A	G	0.4168	-0.0063	0.059000000000000004	-0.10678	0.9144	2764	Vascular_Brain_Injury
rs1289939	1	117944435	T	C	0.7598	0.0135	0.0674	0.200297	0.8412	2764	Vascular_Brain_Injury
rs5877	1	173878862	T	C	0.3602	0.0675	0.0602	1.12126	0.262	2764	Vascular_Brain_Injury
rs2418884	NA	NA	NA	NA	NA	NA	NA	NA	NA	NA	NA
rs10800992	1	190900576	C	T	0.4327	-0.053	0.0593	-0.893760539629005	0.3711	2764	Vascular_Brain_Injury
rs11119409	1	210293333	C	T	0.5782	-0.0158	0.0585	-0.27008547008547007	0.7868	2764	Vascular_Brain_Injury
rs823247	2	2850540	C	T	0.48	0.044000000000000004	0.0584	0.7534246575342466	0.4513	2764	Vascular_Brain_Injury
rs9653490	2	42833641	C	T	0.6869	-0.0792	0.0637	-1.2433281004709575	0.2136	2764	Vascular_Brain_Injury
rs13010288	2	51824512	G	T	0.1084	-0.07200000000000001	0.0983	-0.7324516785350967	0.46399999999999997	2764	Vascular_Brain_Injury
rs113851554	2	66750564	G	T	0.0474	0.4742	0.1864	2.5439914163090127	0.01095	2764	Vascular_Brain_Injury
rs12991815	NA	NA	NA	NA	NA	NA	NA	NA	NA	NA	NA
rs72820274	2	104412924	G	A	0.4001	-0.1022	0.0604	-1.6920529801324502	0.0904	2764	Vascular_Brain_Injury
rs62158170	2	114082175	A	G	0.2289	-0.0622	0.0723	-0.860304	0.3896	2764	Vascular_Brain_Injury
rs55633567	2	146471182	G	A	0.5748	-0.0245	0.057999999999999996	-0.42241379310344834	0.6731	2764	Vascular_Brain_Injury
rs6756610	NA	NA	NA	NA	NA	NA	NA	NA	NA	NA	NA
rs116466468	2	159137557	T	C	0.235	-0.0528	0.0669	-0.789238	0.4295	2764	Vascular_Brain_Injury
rs4664299	2	160570033	T	C	0.76	0.0193	0.0689	0.280116	0.7798	2764	Vascular_Brain_Injury
rs7571486	2	176473295	G	A	0.2615	-0.0047	0.0674	-0.06973293768545995	0.9442	2764	Vascular_Brain_Injury
rs55772859	2	208042581	C	A	0.3187	0.0221	0.0611	0.3617021276595745	0.7174	2764	Vascular_Brain_Injury
rs2365661	2	210391837	A	G	0.2757	0.022	0.0653	0.336907	0.7357	2764	Vascular_Brain_Injury
rs34967082	2	215382654	G	A	0.4019	0.1035	0.0625	1.656	0.09762	2764	Vascular_Brain_Injury
rs11676140	2	222757468	G	A	0.3044	-0.0872	0.07200000000000001	-1.211111111111111	0.2257	2764	Vascular_Brain_Injury
rs149249498	2	239282142	G	T	0.0802	-0.0648	0.1077	-0.6016713091922005	0.5471	2764	Vascular_Brain_Injury
rs4684703	3	10550397	G	A	0.4783	0.0101	0.062	0.1629032258064516	0.8701	2764	Vascular_Brain_Injury
rs80286526	NA	NA	NA	NA	NA	NA	NA	NA	NA	NA	NA
rs4858708	NA	NA	NA	NA	NA	NA	NA	NA	NA	NA	NA
rs35110063	3	43066558	G	A	0.4256	-0.0557	0.0591	-0.9424703891708968	0.3462	2764	Vascular_Brain_Injury
rs3774751	3	50209053	G	T	0.4682	0.0691	0.0575	1.2017391304347824	0.2299	2764	Vascular_Brain_Injury
rs1567084	3	71435955	A	G	0.4419	-0.0294	0.0686	-0.428571	0.6677	2764	Vascular_Brain_Injury
rs62258944	NA	NA	NA	NA	NA	NA	NA	NA	NA	NA	NA
rs17025198	3	88001713	G	A	0.2097	-0.0284	0.0696	-0.4080459770114943	0.6826	2764	Vascular_Brain_Injury
rs1580173	3	107955515	G	A	0.5583	0.0011	0.0581	0.0189328743545611	0.9854	2764	Vascular_Brain_Injury
rs62264767	3	117642005	A	C	0.1401	0.1869	0.0828	2.25725	0.0239	2764	Vascular_Brain_Injury
rs492858	3	155432229	C	T	0.0786	0.19399999999999998	0.1063	1.8250235183443082	0.06794	2764	Vascular_Brain_Injury
rs2364921	3	158522463	T	C	0.5382	-0.0298	0.0568	-0.524648	0.5992	2764	Vascular_Brain_Injury
rs694786	3	173112907	T	C	0.5337	-0.1033	0.0572	-1.80594	0.07096000000000001	2764	Vascular_Brain_Injury
rs2216427	NA	NA	NA	NA	NA	NA	NA	NA	NA	NA	NA
rs56210137	4	22050663	T	G	0.7931	-0.0074	0.0706	-0.104816	0.9159999999999999	2764	Vascular_Brain_Injury
rs16990210	4	34720226	T	C	0.1565	-0.2089	0.084	-2.4869	0.01293	2764	Vascular_Brain_Injury
rs12500601	4	56317656	T	G	0.3166	-0.0727	0.0617	-1.17828	0.2381	2764	Vascular_Brain_Injury
rs17005118	4	82288564	G	A	0.2738	0.0097	0.0636	0.15251572327044025	0.8782	2764	Vascular_Brain_Injury
rs72657797	NA	NA	NA	NA	NA	NA	NA	NA	NA	NA	NA
rs13135092	4	103198082	A	G	0.0859	-0.169	0.1079	-1.56627	0.1175	2764	Vascular_Brain_Injury
rs13138995	4	148987430	A	G	0.6002	0.0654	0.0579	1.12953	0.2585	2764	Vascular_Brain_Injury
rs17223714	5	50492629	A	G	0.2044	0.0956	0.0706	1.35411	0.1759	2764	Vascular_Brain_Injury
rs12520974	5	61514611	T	C	0.4439	-0.0728	0.0726	-1.00275	0.316	2764	Vascular_Brain_Injury
rs701394	5	80296487	A	G	0.3658	-0.0299	0.0602	-0.496678	0.6195	2764	Vascular_Brain_Injury
rs16903122	5	87693561	C	T	0.2613	0.1177	0.0659	1.7860394537177542	0.07418999999999999	2764	Vascular_Brain_Injury
rs35539975	5	91607148	A	G	0.2176	0.1111	0.069	1.61014	0.1072	2764	Vascular_Brain_Injury
rs17083297	5	92995477	C	A	0.1725	-0.0796	0.0775	-1.0270967741935484	0.3044	2764	Vascular_Brain_Injury
rs2431108	5	103947968	T	C	0.3386	0.0491	0.0605	0.81157	0.4171	2764	Vascular_Brain_Injury
rs17367725	5	107112116	C	T	0.3504	0.0515	0.0604	0.8526490066225165	0.3944	2764	Vascular_Brain_Injury
rs8180457	5	107209814	T	C	0.8414	0.2672	0.0804	3.32338	8.931000000000001e-4	2764	Vascular_Brain_Injury
rs55972276	NA	NA	NA	NA	NA	NA	NA	NA	NA	NA	NA
rs6888135	5	141254063	C	A	0.5098	-0.022000000000000002	0.0566	-0.3886925795053004	0.6978	2764	Vascular_Brain_Injury
rs57001955	NA	NA	NA	NA	NA	NA	NA	NA	NA	NA	NA
rs62383308	5	165460085	G	A	0.0963	-0.2577	0.1325	-1.9449056603773582	0.05185	2764	Vascular_Brain_Injury
rs6601080	5	179511043	G	A	0.6811	-0.0255	0.0624	-0.40865384615384615	0.6824	2764	Vascular_Brain_Injury
rs11756035	NA	NA	NA	NA	NA	NA	NA	NA	NA	NA	NA
rs6456714	NA	NA	NA	NA	NA	NA	NA	NA	NA	NA	NA
rs10947428	6	33647058	T	C	0.2181	0.0113	0.0714	0.158263	0.8744	2764	Vascular_Brain_Injury
rs10947690	6	37631768	A	G	0.2566	-0.0527	0.0667	-0.790105	0.4291	2764	Vascular_Brain_Injury
rs66858749	NA	NA	NA	NA	NA	NA	NA	NA	NA	NA	NA
rs10944696	6	94498850	G	A	0.2965	0.0345	0.0624	0.5528846153846154	0.5807	2764	Vascular_Brain_Injury
rs2388840	6	99598756	G	A	0.5725	-0.0025	0.0593	-0.04215851602023609	0.9658	2764	Vascular_Brain_Injury
rs240112	6	101059253	C	A	0.551	-0.11	0.0575	-1.9130434782608694	0.055979999999999995	2764	Vascular_Brain_Injury
rs314281	6	105400605	T	C	0.5468	-0.0055	0.0571	-0.0963222	0.9227	2764	Vascular_Brain_Injury
rs728017	6	124292594	A	G	0.6196	0.0654	0.06	1.09	0.2751	2764	Vascular_Brain_Injury
rs62429521	6	140324582	C	A	0.1084	0.0291	0.1058	0.27504725897920607	0.7833	2764	Vascular_Brain_Injury
rs1147852	6	147980909	G	A	0.3056	0.0254	0.0626	0.40575079872204467	0.6852	2764	Vascular_Brain_Injury
rs4709655	6	163280204	C	T	0.1215	-0.1413	0.0905	-1.5613259668508288	0.1185	2764	Vascular_Brain_Injury
rs6978112	NA	NA	NA	NA	NA	NA	NA	NA	NA	NA	NA
rs940780	7	3323848	T	C	0.6485	0.0063	0.0611	0.10311	0.9183	2764	Vascular_Brain_Injury
rs2030672	NA	NA	NA	NA	NA	NA	NA	NA	NA	NA	NA
rs62456370	7	49893406	A	G	0.7503	0.0391	0.0683	0.572474	0.5672	2764	Vascular_Brain_Injury
rs6465151	7	88310899	C	T	0.1133	-0.102	0.0932	-1.094420600858369	0.2737	2764	Vascular_Brain_Injury
rs6973090	7	102008352	G	A	0.1815	-0.0496	0.0972	-0.5102880658436214	0.6098	2764	Vascular_Brain_Injury
rs8180817	NA	NA	NA	NA	NA	NA	NA	NA	NA	NA	NA
rs73204027	NA	NA	NA	NA	NA	NA	NA	NA	NA	NA	NA
rs17520265	7	119674508	G	A	0.0175	0.1894	0.3081	0.6147354754949692	0.5387	2764	Vascular_Brain_Injury
rs6967168	7	132672192	T	G	0.2115	-0.8931	0.5025	-1.77731	0.07553	2764	Vascular_Brain_Injury
rs2598293	7	133989882	C	T	0.4561	0.084	0.0577	1.4558058925476605	0.1454	2764	Vascular_Brain_Injury
rs1731951	NA	NA	NA	NA	NA	NA	NA	NA	NA	NA	NA
rs28611339	8	10170037	G	T	0.1311	0.064	0.0859	0.7450523864959254	0.4566	2764	Vascular_Brain_Injury
rs874168	NA	NA	NA	NA	NA	NA	NA	NA	NA	NA	NA
rs13253948	NA	NA	NA	NA	NA	NA	NA	NA	NA	NA	NA
rs671985	NA	NA	NA	NA	NA	NA	NA	NA	NA	NA	NA
rs4588900	8	73890425	G	A	0.5268	0.0432	0.0572	0.7552447552447553	0.4501	2764	Vascular_Brain_Injury
rs17643634	8	91650818	C	T	0.1799	0.0696	0.0853	0.8159437280187573	0.4143	2764	Vascular_Brain_Injury
rs28552587	8	103356226	A	G	0.4047	0.0264	0.0592	0.445946	0.6556	2764	Vascular_Brain_Injury
rs10955647	NA	NA	NA	NA	NA	NA	NA	NA	NA	NA	NA
rs10758593	9	4292083	G	A	0.411	0.0583	0.0586	0.9948805460750852	0.3199	2764	Vascular_Brain_Injury
rs118166957	9	8858043	C	T	0.0344	1.8301	1.0077	1.8161159075121565	0.06934	2764	Vascular_Brain_Injury
rs10756571	9	14534505	C	T	0.6949	0.0799	0.0647	1.2349304482225658	0.2168	2764	Vascular_Brain_Injury
rs28600695	NA	NA	NA	NA	NA	NA	NA	NA	NA	NA	NA
rs7044885	NA	NA	NA	NA	NA	NA	NA	NA	NA	NA	NA
rs10739951	9	96361585	T	C	0.4058	0.1753	0.0589	2.97623	0.0029219999999999997	2764	Vascular_Brain_Injury
rs1927902	9	120518991	T	C	0.7421	0.0852	0.0669	1.27354	0.2026	2764	Vascular_Brain_Injury
rs12684080	9	125867350	C	T	0.0654	0.0083	0.1304	0.06365030674846626	0.9495	2764	Vascular_Brain_Injury
rs9411335	9	134901224	G	A	0.6874	-0.1018	0.061	-1.6688524590163936	0.09525	2764	Vascular_Brain_Injury
rs10858247	9	139107230	T	C	0.3221	-0.044	0.0643	-0.684292	0.4935	2764	Vascular_Brain_Injury
rs77641763	9	140265782	C	T	0.2556	-0.0018	0.0737	-0.024423337856173677	0.9805	2764	Vascular_Brain_Injury
rs12251016	NA	NA	NA	NA	NA	NA	NA	NA	NA	NA	NA
rs12246855	NA	NA	NA	NA	NA	NA	NA	NA	NA	NA	NA
rs224029	10	64519299	T	C	0.6044	0.0131	0.0599	0.218698	0.8264	2764	Vascular_Brain_Injury
rs11001276	NA	NA	NA	NA	NA	NA	NA	NA	NA	NA	NA
rs7475916	NA	NA	NA	NA	NA	NA	NA	NA	NA	NA	NA
rs111395229	NA	NA	NA	NA	NA	NA	NA	NA	NA	NA	NA
rs72899452	11	45415577	C	T	0.069	0.0527	0.1177	0.4477485131690739	0.6544	2764	Vascular_Brain_Injury
rs11605348	11	47606483	G	A	0.3411	-0.0426	0.0615	-0.6926829268292682	0.4883	2764	Vascular_Brain_Injury
rs12807357	11	57656902	C	T	0.3226	0.0258	0.0611	0.42225859247135844	0.6729999999999999	2764	Vascular_Brain_Injury
rs524859	11	66041079	G	A	0.3546	6e-4	0.0603	0.009950248756218905	0.9918	2764	Vascular_Brain_Injury
rs932074	NA	NA	NA	NA	NA	NA	NA	NA	NA	NA	NA
rs10898136	11	83274143	A	G	0.4042	0.0016	0.0599	0.0267112	0.9791	2764	Vascular_Brain_Injury
rs2221119	NA	NA	NA	NA	NA	NA	NA	NA	NA	NA	NA
rs6589988	11	99126016	A	G	0.3404	0.0533	0.0601	0.886855	0.375	2764	Vascular_Brain_Injury
rs1064939	NA	NA	NA	NA	NA	NA	NA	NA	NA	NA	NA
rs647905	11	121534938	C	T	0.5448	-0.0256	0.0591	-0.4331641285956007	0.6645	2764	Vascular_Brain_Injury
rs1440480	11	134290032	A	G	0.6338	-0.1024	0.0642	-1.59502	0.1108	2764	Vascular_Brain_Injury
rs2286729	12	6873818	G	A	0.0738	0.2023	0.13	1.5561538461538462	0.1196	2764	Vascular_Brain_Injury
rs1167132	12	43484487	C	T	0.3812	-0.0608	0.0582	-1.0446735395189004	0.2967	2764	Vascular_Brain_Injury
rs324017	12	57487814	A	C	0.6983	0.0148	0.0654	0.2263	0.8213	2764	Vascular_Brain_Injury
rs61921611	12	66367726	T	C	0.3094	-0.0204	0.0622	-0.327974	0.7431	2764	Vascular_Brain_Injury
rs12310246	12	84700945	G	A	0.2489	-0.0623	0.0664	-0.9382530120481928	0.3483	2764	Vascular_Brain_Injury
rs4767645	12	118385788	G	T	0.4777	-0.0133	0.0587	-0.22657580919931855	0.8214	2764	Vascular_Brain_Injury
rs28582096	12	123856998	G	A	0.2266	0.0123	0.0716	0.1717877094972067	0.8634	2764	Vascular_Brain_Injury
rs9527083	13	53991125	G	A	0.6603	0.1093	0.0609	1.7947454844006567	0.07244	2764	Vascular_Brain_Injury
rs1031654	13	54382035	C	A	0.8037	0.1359	0.073	1.8616438356164384	0.06266000000000001	2764	Vascular_Brain_Injury
rs6562066	13	60532796	T	C	0.6222	0.0078	0.0592	0.131757	0.895	2764	Vascular_Brain_Injury
rs11149313	13	85294881	A	G	0.2853	-0.091	0.0641	-1.41966	0.1561	2764	Vascular_Brain_Injury
rs2389631	13	96932868	A	C	0.3431	0.0953	0.0603	1.58043	0.1142	2764	Vascular_Brain_Injury
rs67159568	NA	NA	NA	NA	NA	NA	NA	NA	NA	NA	NA
rs1536053	13	111982291	C	T	0.3361	-0.0122	0.0611	-0.19967266775777415	0.8421	2764	Vascular_Brain_Injury
rs4981170	14	33412996	A	G	0.8078	0.0709	0.0738	0.960705	0.3364	2764	Vascular_Brain_Injury
rs12912299	15	38897857	C	T	0.4848	-0.0137	0.0594	-0.23063973063973064	0.8177	2764	Vascular_Brain_Injury
rs715338	15	57215867	G	A	0.5901	-0.0732	0.0581	-1.259896729776248	0.2078	2764	Vascular_Brain_Injury
rs1038093	15	74012409	T	C	0.4004	0.0166	0.0595	0.278992	0.78	2764	Vascular_Brain_Injury
rs176644	15	89913632	G	T	0.4131	0.0154	0.0596	0.25838926174496646	0.7957	2764	Vascular_Brain_Injury
rs4702	15	91426560	G	A	0.5497	0.0061	0.0576	0.10590277777777779	0.9154	2764	Vascular_Brain_Injury
rs9672549	15	99180105	T	C	0.537	0.0856	0.0634	1.35016	0.1772	2764	Vascular_Brain_Injury
rs3184470	16	715164	G	A	0.3318	0.0632	0.0616	1.025974025974026	0.3055	2764	Vascular_Brain_Injury
rs830716	NA	NA	NA	NA	NA	NA	NA	NA	NA	NA	NA
rs66674044	NA	NA	NA	NA	NA	NA	NA	NA	NA	NA	NA
rs4788203	16	29978827	G	A	0.3984	-0.0712	0.061	-1.1672131147540983	0.2428	2764	Vascular_Brain_Injury
rs1015438	16	51177517	G	A	0.2054	-0.0394	0.0714	-0.5518207282913165	0.5808	2764	Vascular_Brain_Injury
rs9931543	16	56128782	T	C	0.2728	-0.0092	0.0666	-0.138138	0.8898	2764	Vascular_Brain_Injury
rs35322724	16	77137324	C	A	0.5752	-0.1256	0.0579	-2.169257340241796	0.03023	2764	Vascular_Brain_Injury
rs62068188	17	2400876	T	C	0.2056	0.0328	0.0976	0.336066	0.7371	2764	Vascular_Brain_Injury
rs8081659	17	27213990	C	T	0.4905	0.0159	0.0578	0.27508650519031147	0.7829	2764	Vascular_Brain_Injury
rs7214267	17	43157709	G	A	0.5707	-0.0105	0.0568	-0.18485915492957747	0.8537	2764	Vascular_Brain_Injury
rs11650182	17	46272609	A	G	0.0688	0.054	0.1157	0.46672400000000003	0.6404	2764	Vascular_Brain_Injury
rs9889282	17	50259142	A	C	0.3804	-0.014	0.0597	-0.234506	0.8139	2764	Vascular_Brain_Injury
rs8076183	17	61024696	C	T	0.4398	0.011000000000000001	0.0603	0.18242122719734663	0.8556	2764	Vascular_Brain_Injury
rs11083299	18	26305366	C	T	0.4879	0.0265	0.0572	0.4632867132867133	0.6436	2764	Vascular_Brain_Injury
rs12605642	18	31313965	G	T	0.4847	-0.0721	0.0576	-1.2517361111111112	0.2104	2764	Vascular_Brain_Injury
rs62097903	18	50531232	A	G	0.4171	0.0803	0.0594	1.35185	0.1762	2764	Vascular_Brain_Injury
rs60565673	18	52906830	T	G	0.3991	-0.0062	0.0594	-0.104377	0.9164	2764	Vascular_Brain_Injury
rs9964420	18	56824041	C	A	0.2865	0.1766	0.0628	2.8121019108280256	0.004915	2764	Vascular_Brain_Injury
rs12983032	19	5073447	G	A	0.3449	-0.0544	0.0617	-0.8816855753646677	0.3774	2764	Vascular_Brain_Injury
rs6510033	19	30710785	A	G	0.269	-0.0164	0.0668	-0.245509	0.8057	2764	Vascular_Brain_Injury
rs429358	19	45411941	T	C	0.2774	-0.2012	0.0834	-2.41247	0.01583	2764	Vascular_Brain_Injury
rs908668	19	56134038	C	T	0.2997	-0.0294	0.0577	-0.509532062391681	0.6104	2764	Vascular_Brain_Injury
rs6119267	NA	NA	NA	NA	NA	NA	NA	NA	NA	NA	NA
rs910187	20	45841052	G	A	0.379	0.0332	0.0596	0.5570469798657718	0.5775	2764	Vascular_Brain_Injury
rs6019663	20	47774512	T	C	0.7038	-0.032	0.0647	-0.49459	0.6209	2764	Vascular_Brain_Injury
rs35580017	20	50990908	C	T	0.1392	-0.0466	0.091	-0.5120879120879122	0.6087	2764	Vascular_Brain_Injury
rs76145129	20	62670427	G	T	0.234	0.008	0.0627	0.12759170653907495	0.898	2764	Vascular_Brain_Injury
rs2838787	21	46539725	G	A	0.448	0.0184	0.055999999999999994	0.3285714285714286	0.7421	2764	Vascular_Brain_Injury
rs11090039	22	41496800	G	A	0.2778	-0.0624	0.0646	-0.9659442724458204	0.33399999999999996	2764	Vascular_Brain_Injury
