$`Main MR results`
       Exposure       MR Analysis Causal Estimate         Sd    T-stat
1 beta.exposure               Raw     -0.05871929 0.06636988 -0.884728
2 beta.exposure Outlier-corrected              NA         NA        NA
    P-value
1 0.3786873
2        NA

$`MR-PRESSO results`
$`MR-PRESSO results`$`Global Test`
$`MR-PRESSO results`$`Global Test`$RSSobs
[1] 116.1966

$`MR-PRESSO results`$`Global Test`$Pvalue
[1] 0.0395


$`MR-PRESSO results`$`Outlier Test`
         RSSobs Pvalue
1  5.923166e-05      1
2  1.034195e-06      1
3  3.674556e-06      1
4  9.032054e-06      1
5  1.023164e-04      1
6  5.940927e-06      1
7  9.034044e-05      1
8  3.374501e-05      1
9  4.364067e-05      1
10 5.177485e-05      1
11 4.105611e-06      1
12 2.939382e-05      1
13 7.543816e-06      1
14 2.554926e-05      1
15 1.385750e-05      1
16 2.523123e-05      1
17 8.423538e-06      1
18 4.907507e-06      1
19 2.056673e-05      1
20 4.105052e-05      1
21 3.097584e-06      1
22 8.138574e-08      1
23 1.324165e-05      1
24 6.405424e-06      1
25 6.908540e-05      1
26 2.029826e-05      1
27 4.108513e-05      1
28 3.269952e-05      1
29 5.697999e-05      1
30 1.917745e-05      1
31 6.949459e-05      1
32 6.800844e-05      1
33 3.490902e-05      1
34 3.900693e-05      1
35 2.711417e-05      1
36 4.726450e-05      1
37 2.269894e-05      1
38 5.527888e-07      1
39 7.152787e-06      1
40 7.146816e-06      1
41 3.128410e-08      1
42 4.693756e-06      1
43 3.175220e-05      1
44 3.130765e-07      1
45 2.877086e-06      1
46 5.408819e-06      1
47 7.552492e-07      1
48 7.008671e-05      1
49 1.382265e-08      1
50 9.471339e-08      1
51 1.568375e-04      1
52 5.417320e-06      1
53 4.076158e-05      1
54 5.304196e-07      1
55 9.749102e-06      1
56 5.426926e-05      1
57 1.078795e-04      1
58 1.013999e-05      1
59 4.504439e-06      1
60 1.860205e-06      1
61 6.594289e-05      1
62 1.741422e-05      1
63 5.753636e-05      1
64 8.208448e-07      1
65 7.890328e-07      1
66 1.327288e-05      1
67 1.270001e-06      1
68 7.816793e-05      1
69 1.269722e-04  0.432
70 3.511136e-07      1
71 2.632870e-05      1
72 3.310508e-05      1
73 3.205617e-06      1
74 4.137423e-05      1
75 4.640431e-05      1
76 4.951726e-05      1
77 5.517613e-05      1
78 1.092019e-04      1
79 5.226243e-06      1
80 6.068596e-06      1
81 1.227530e-05      1
82 4.148064e-05      1
83 7.731153e-06      1
84 2.297011e-07      1
85 7.927892e-07      1
86 2.049150e-05      1
87 4.013172e-05      1
88 8.758616e-05      1
89 2.690043e-06      1
90 6.464053e-07      1

$`MR-PRESSO results`$`Distortion Test`
$`MR-PRESSO results`$`Distortion Test`$`Outliers Indices`
[1] "No significant outliers"

$`MR-PRESSO results`$`Distortion Test`$`Distortion Coefficient`
[1] NA

$`MR-PRESSO results`$`Distortion Test`$Pvalue
[1] NA



