SNP	CHROM	POS	REF	ALT	AF	BETA	SE	Z	P	N	TRAIT
rs10796918	1	35624192	A	G	0.890108	0.00689	0.006704000000000001	1.02774	0.3041	3146	CSF_ab42
rs4357572	1	50576710	T	A	0.530147	0.003924	0.004265	0.920047	0.3576	3146	CSF_ab42
rs2133204	1	77974484	G	A	0.445234	0.004608	0.004079	1.1296886491787204	0.2586	3146	CSF_ab42
rs12068365	1	151015868	G	A	0.0732149	-0.01704	0.007338	-2.3221586263287	0.02027	3146	CSF_ab42
rs2072659	NA	NA	NA	NA	NA	NA	NA	NA	NA	NA	NA
rs12757660	1	166883273	G	C	0.1349	9.983e-4	0.005254	0.19000761324704984	0.8493	3146	CSF_ab42
rs2901785	1	174104743	G	A	0.404398	0.002153	0.004031	0.5341106425204664	0.5933	3146	CSF_ab42
rs34973462	1	175993820	C	T	0.414577	0.0016079999999999998	0.0042369999999999994	0.3795138069388719	0.7043	3146	CSF_ab42
rs75383625	NA	NA	NA	NA	NA	NA	NA	NA	NA	NA	NA
rs1544850	2	60167206	C	T	0.54024	0.001771	0.00411	0.43090024330900245	0.6667	3146	CSF_ab42
rs7599488	2	60718347	C	T	0.442868	0.00381	0.004117	0.9254311391790139	0.3549	3146	CSF_ab42
rs78408772	NA	NA	NA	NA	NA	NA	NA	NA	NA	NA	NA
rs62151707	NA	NA	NA	NA	NA	NA	NA	NA	NA	NA	NA
rs140066800	NA	NA	NA	NA	NA	NA	NA	NA	NA	NA	NA
rs10204824	NA	NA	NA	NA	NA	NA	NA	NA	NA	NA	NA
rs1075143	2	186178601	G	A	0.0939484	-5.121e-4	0.006814	-0.07515409451130027	0.9401	3146	CSF_ab42
rs2084533	3	16872929	C	T	0.350073	3.082e-4	0.004364	0.07062328139321723	0.9437	3146	CSF_ab42
rs4621280	NA	NA	NA	NA	NA	NA	NA	NA	NA	NA	NA
rs3749278	3	32209230	T	C	0.422045	-5.359e-5	0.004149	-0.012916365389250423	0.9897	3146	CSF_ab42
rs7431710	3	48935583	G	A	0.648	-0.001227	0.0042369999999999994	-0.289592	0.772	3146	CSF_ab42
rs11711814	3	50044813	T	G	0.0783513	0.007108	0.007585	0.9371127224785761	0.3488	3146	CSF_ab42
rs2885264	NA	NA	NA	NA	NA	NA	NA	NA	NA	NA	NA
rs571513	3	136095035	A	G	0.810667	-0.009765	0.00472	-2.06886	0.03865	3146	CSF_ab42
rs28813180	NA	NA	NA	NA	NA	NA	NA	NA	NA	NA	NA
rs2032463	4	2941988	T	C	0.503276	-0.001158	0.004109000000000001	-0.28182039425651007	0.7781	3146	CSF_ab42
rs2421267	NA	NA	NA	NA	NA	NA	NA	NA	NA	NA	NA
rs4505859	4	44753322	T	C	0.610102	-0.004761	0.004220000000000001	-1.1282	0.2594	3146	CSF_ab42
rs11725618	4	67053769	T	C	0.313319	0.01251	0.004546	2.751869775626925	0.005952000000000001	3146	CSF_ab42
rs787362	4	67904931	T	A	0.469625	0.002088	0.004028	0.5183714001986097	0.6042	3146	CSF_ab42
rs72652604	NA	NA	NA	NA	NA	NA	NA	NA	NA	NA	NA
rs2289043	4	96106322	A	G	0.708863	-6.673e-4	0.0043619999999999996	-0.15298	0.8784	3146	CSF_ab42
rs4699353	4	99509133	G	A	0.58024	-0.001893	0.004103	-0.46137	0.6446	3146	CSF_ab42
rs2060220	5	166574542	A	T	0.125136	0.0032479999999999996	0.005703	0.5695248115027178	0.5691	3146	CSF_ab42
rs1997690	6	19792254	T	C	0.236383	0.0035549999999999996	0.00473	0.7515856236786469	0.4524	3146	CSF_ab42
rs138914325	NA	NA	NA	NA	NA	NA	NA	NA	NA	NA	NA
rs806798	6	26214473	T	C	0.540481	0.001086	0.004146	0.261939	0.7933	3146	CSF_ab42
rs12664932	6	34012666	T	C	0.254878	-0.00476	0.0053159999999999995	-0.8954100827689994	0.3706	3146	CSF_ab42
rs62411292	NA	NA	NA	NA	NA	NA	NA	NA	NA	NA	NA
rs9387232	NA	NA	NA	NA	NA	NA	NA	NA	NA	NA	NA
rs4478441	6	120579080	G	A	0.625091	-0.001892	0.004108	-0.460565	0.6452	3146	CSF_ab42
rs7769343	NA	NA	NA	NA	NA	NA	NA	NA	NA	NA	NA
rs2159045	7	2207401	T	C	0.361594	-0.01269	0.004253	-2.9837761580061133	0.002867	3146	CSF_ab42
rs215600	7	32333642	G	A	0.681551	8.023e-4	0.004318	0.185804	0.8526	3146	CSF_ab42
rs2529287	NA	NA	NA	NA	NA	NA	NA	NA	NA	NA	NA
rs56323539	NA	NA	NA	NA	NA	NA	NA	NA	NA	NA	NA
rs12538820	NA	NA	NA	NA	NA	NA	NA	NA	NA	NA	NA
rs58132560	7	125704516	T	C	0.452381	-0.002239	0.004052	-0.5525666337611056	0.5806	3146	CSF_ab42
rs73229090	8	27442127	C	A	0.116195	-7.268e-4	0.006527	-0.1113528420407538	0.9113	3146	CSF_ab42
rs58379124	8	42579203	T	C	0.763781	-4.106e-4	0.004947	-0.0829998	0.9339	3146	CSF_ab42
rs148168945	NA	NA	NA	NA	NA	NA	NA	NA	NA	NA	NA
rs790564	8	64604218	A	C	0.758351	0.003507	0.00457	0.767396	0.4429	3146	CSF_ab42
rs1999066	9	120514464	G	C	0.651587	-0.001695	0.0042450000000000005	-0.399293	0.6898	3146	CSF_ab42
rs7874404	NA	NA	NA	NA	NA	NA	NA	NA	NA	NA	NA
rs3025383	9	136502369	T	C	0.173755	-3.81e-4	0.005304	-0.07183257918552037	0.9427	3146	CSF_ab42
rs11186903	10	94055996	T	C	0.443215	0.007156999999999999	0.0041259999999999995	1.734609791565681	0.08288999999999999	3146	CSF_ab42
rs189991035	NA	NA	NA	NA	NA	NA	NA	NA	NA	NA	NA
rs7951365	11	16377044	T	C	0.290545	-3.0460000000000003e-4	0.004476	-0.06805183199285077	0.9457	3146	CSF_ab42
rs147604281	NA	NA	NA	NA	NA	NA	NA	NA	NA	NA	NA
rs7944241	11	43695374	A	G	0.471591	-0.0036149999999999997	0.004099	-0.8819224201024639	0.3779	3146	CSF_ab42
rs75494138	11	46465361	C	T	0.0567235	0.0032700000000000003	0.008579999999999999	0.3811188811188812	0.7032	3146	CSF_ab42
rs11605503	11	47863255	T	G	0.182997	-2.0240000000000001e-4	0.004897	-0.04133142740453339	0.9670000000000001	3146	CSF_ab42
rs7928017	11	113448762	C	A	0.385189	0.0014759999999999999	0.004091	0.36079198240039106	0.7183	3146	CSF_ab42
rs12271392	NA	NA	NA	NA	NA	NA	NA	NA	NA	NA	NA
rs4463860	11	133742911	G	C	0.394507	0.0011560000000000001	0.004438	0.26047769265434884	0.7944	3146	CSF_ab42
rs10785134	12	74974309	A	G	0.265869	-4.3559999999999996e-4	0.0047009999999999994	-0.09266113592852585	0.9262	3146	CSF_ab42
rs79250609	NA	NA	NA	NA	NA	NA	NA	NA	NA	NA	NA
rs1458269	13	54434565	T	C	0.682922	-0.008477	0.0041979999999999995	-2.01929	0.04353	3146	CSF_ab42
rs9569733	13	58316612	T	C	0.169568	-1.7490000000000002e-4	0.005627	-0.031082281855340326	0.9752	3146	CSF_ab42
rs9571688	13	67478566	A	G	0.279723	-0.001511	0.004358	-0.34671867829279485	0.7289	3146	CSF_ab42
rs1106649	13	111168488	C	T	0.0675182	0.01022	0.008095	1.2625077208153181	0.2069	3146	CSF_ab42
rs914027	NA	NA	NA	NA	NA	NA	NA	NA	NA	NA	NA
rs35011804	14	104151400	C	T	0.39121	-0.0046229999999999995	0.004340999999999999	-1.06496199032481	0.2869	3146	CSF_ab42
rs1657936	15	57113013	C	T	0.793222	-0.002736	0.005014	-0.545672	0.5853	3146	CSF_ab42
rs632811	15	59155050	A	G	0.342842	9.094e-4	0.004409000000000001	0.2062599228850079	0.8366	3146	CSF_ab42
rs8034191	15	78806023	T	C	0.333152	0.001507	0.004225	0.3566863905325444	0.7213	3146	CSF_ab42
rs141147481	NA	NA	NA	NA	NA	NA	NA	NA	NA	NA	NA
rs182317	NA	NA	NA	NA	NA	NA	NA	NA	NA	NA	NA
rs12933462	NA	NA	NA	NA	NA	NA	NA	NA	NA	NA	NA
rs12443627	NA	NA	NA	NA	NA	NA	NA	NA	NA	NA	NA
rs2386571	16	52074123	A	C	0.609636	-0.005041	0.004074	-1.23736	0.21600000000000003	3146	CSF_ab42
rs11647656	16	64960717	C	T	0.308615	-3.2669999999999997e-4	0.004337	-0.07532856813465529	0.94	3146	CSF_ab42
rs12924872	16	69552215	C	T	0.465086	0.0043939999999999995	0.004138	1.0618656355727403	0.2884	3146	CSF_ab42
rs310333	NA	NA	NA	NA	NA	NA	NA	NA	NA	NA	NA
rs11861635	16	82543378	C	G	0.0277274	-0.01345	0.01141	-1.1787905346187555	0.2385	3146	CSF_ab42
rs4785587	NA	NA	NA	NA	NA	NA	NA	NA	NA	NA	NA
rs8614	17	27588806	C	A	0.130324	5.993e-4	0.005414	0.1106944957517547	0.9119	3146	CSF_ab42
rs62083758	NA	NA	NA	NA	NA	NA	NA	NA	NA	NA	NA
rs11872159	18	51275090	T	C	0.159717	-0.0013460000000000002	0.005265	-0.25565052231718904	0.7982	3146	CSF_ab42
rs35178579	18	53268923	G	A	0.18848	0.002876	0.005323	0.5402968250986286	0.589	3146	CSF_ab42
rs4485470	18	62125063	G	A	0.614769	0.001636	0.004187	0.390733	0.6959	3146	CSF_ab42
rs895330	NA	NA	NA	NA	NA	NA	NA	NA	NA	NA	NA
rs2542277	19	31885287	G	A	0.556951	0.005698	0.004246	1.34197	0.1797	3146	CSF_ab42
rs34406232	19	41305530	C	A	0.0251468	-0.003949	0.013580000000000002	-0.29079528718703973	0.7713	3146	CSF_ab42
rs56113850	NA	NA	NA	NA	NA	NA	NA	NA	NA	NA	NA
rs117875279	NA	NA	NA	NA	NA	NA	NA	NA	NA	NA	NA
rs34677607	NA	NA	NA	NA	NA	NA	NA	NA	NA	NA	NA
rs1962635	19	47802113	C	T	0.292274	0.01374	0.00475	2.8926315789473684	0.0038420000000000004	3146	CSF_ab42
rs6078373	20	11863500	G	A	0.428209	-0.007298999999999999	0.0041140000000000005	-1.7741857073407872	0.07616	3146	CSF_ab42
rs2424627	20	24707912	C	T	0.712754	-1.416e-4	0.004334	-0.0326719	0.9739	3146	CSF_ab42
rs2424888	20	31047533	G	A	0.434423	-0.001934	0.004234	-0.456778460085026	0.6478	3146	CSF_ab42
rs2273500	NA	NA	NA	NA	NA	NA	NA	NA	NA	NA	NA
rs145104523	21	40644110	C	T	0.123855	0.006211	0.006218	0.9988742360887747	0.318	3146	CSF_ab42
