$`Main MR results`
       Exposure       MR Analysis Causal Estimate        Sd    T-stat   P-value
1 beta.exposure               Raw     -0.01561364 0.0129904 -1.201937 0.2307815
2 beta.exposure Outlier-corrected     -0.01925853 0.0125315 -1.536809 0.1258972

$`MR-PRESSO results`
$`MR-PRESSO results`$`Global Test`
$`MR-PRESSO results`$`Global Test`$RSSobs
[1] 346.5291

$`MR-PRESSO results`$`Global Test`$Pvalue
[1] "<1e-04"


$`MR-PRESSO results`$`Outlier Test`
          RSSobs  Pvalue
1   2.753703e-07       1
2   3.394924e-07       1
3   6.794613e-06       1
4   2.296767e-06       1
5   1.405447e-07       1
6   1.645982e-07       1
7   3.244933e-08       1
8   1.513739e-06       1
9   6.629086e-07       1
10  8.534155e-08       1
11  5.110177e-10       1
12  2.700900e-07       1
13  2.005070e-06       1
14  5.251105e-07       1
15  2.619696e-06       1
16  2.326323e-06       1
17  1.557667e-07       1
18  3.942024e-07       1
19  1.261820e-06       1
20  5.019395e-08       1
21  7.665553e-08       1
22  1.185362e-06       1
23  9.663127e-07       1
24  1.187882e-06       1
25  1.257456e-06       1
26  1.289695e-05       1
27  3.393538e-07       1
28  1.513442e-07       1
29  1.431859e-06       1
30  2.220413e-06       1
31  1.421785e-06       1
32  1.760629e-07       1
33  1.105718e-05       1
34  4.496727e-06       1
35  3.930625e-06       1
36  8.540850e-06   0.861
37  5.288220e-07       1
38  1.275021e-06       1
39  8.089263e-07       1
40  4.438520e-08       1
41  3.161817e-06       1
42  5.030871e-10       1
43  1.330865e-07       1
44  1.501923e-06       1
45  1.904767e-06       1
46  1.573438e-07       1
47  1.037407e-06       1
48  1.490942e-07       1
49  4.351097e-08       1
50  9.273698e-09       1
51  2.222343e-06       1
52  6.550540e-09       1
53  9.356102e-09       1
54  7.620581e-11       1
55  6.086606e-05 <0.0205
56  6.011301e-07       1
57  2.721750e-07       1
58  1.058296e-07       1
59  1.727905e-06       1
60  4.985320e-08       1
61  1.448774e-07       1
62  3.128410e-06       1
63  2.313386e-06       1
64  4.519938e-06       1
65  3.901438e-07       1
66  4.567514e-07       1
67  4.952792e-08       1
68  1.053229e-06       1
69  2.316915e-06       1
70  3.309221e-07       1
71  3.356157e-07       1
72  1.759645e-07       1
73  1.462951e-06       1
74  2.191690e-06       1
75  9.789565e-08       1
76  1.674616e-05       1
77  1.030638e-06       1
78  3.513339e-07       1
79  7.106802e-09       1
80  1.682022e-06       1
81  6.888424e-06       1
82  9.638720e-06  0.7175
83  7.782363e-06  0.1025
84  2.750784e-07       1
85  1.046187e-07       1
86  1.645952e-06       1
87  6.206037e-07       1
88  3.693051e-06       1
89  7.906787e-07       1
90  4.704157e-07       1
91  7.901164e-06  0.4715
92  2.530318e-06       1
93  3.720634e-06       1
94  1.629973e-06       1
95  6.446542e-07       1
96  9.728113e-08       1
97  8.245591e-07       1
98  2.394356e-07       1
99  7.563342e-08       1
100 3.031891e-08       1
101 8.436769e-08       1
102 3.138991e-08       1
103 6.293272e-07       1
104 9.149111e-06  0.0615
105 1.043709e-06       1
106 3.544975e-06       1
107 9.948391e-07       1
108 7.749121e-07       1
109 8.026524e-08       1
110 1.186181e-06       1
111 1.566102e-07       1
112 4.057957e-06       1
113 3.286973e-06       1
114 7.796296e-07       1
115 9.922928e-07       1
116 3.371867e-07       1
117 4.365116e-10       1
118 3.029921e-08       1
119 1.648858e-06       1
120 1.050275e-07       1
121 1.588659e-07       1
122 1.240341e-06       1
123 4.880355e-08       1
124 3.514617e-07       1
125 1.442636e-08       1
126 2.263287e-07       1
127 2.390841e-07       1
128 2.053999e-06       1
129 2.905684e-06       1
130 1.046749e-06       1
131 3.250183e-06       1
132 2.455790e-07       1
133 2.549310e-07       1
134 6.469166e-07       1
135 3.546250e-06       1
136 5.104007e-07       1
137 4.218781e-08       1
138 1.474358e-06       1
139 2.064257e-06       1
140 2.470061e-07       1
141 6.561436e-07       1
142 2.521648e-08       1
143 1.812750e-07       1
144 2.770362e-07       1
145 7.971162e-07       1
146 3.195646e-06       1
147 1.524846e-08       1
148 1.755608e-06       1
149 1.178569e-08       1
150 2.302149e-06       1
151 1.514008e-06       1
152 4.395075e-08       1
153 3.737043e-06       1
154 2.427760e-07       1
155 3.726177e-08       1
156 7.202671e-09       1
157 3.954327e-07       1
158 2.334005e-08       1
159 9.431340e-09       1
160 8.765573e-09       1
161 1.255989e-06       1
162 2.039261e-06       1
163 5.212290e-07       1
164 7.481901e-08       1
165 1.387520e-06       1
166 1.498739e-08       1
167 1.765101e-05       1
168 9.955593e-08       1
169 2.488208e-06       1
170 9.571452e-07       1
171 4.403518e-08       1
172 8.019468e-08       1
173 3.369530e-08       1
174 2.034830e-06       1
175 7.782967e-07       1
176 2.328072e-07       1
177 1.435238e-07       1
178 1.165682e-06       1
179 9.514728e-07       1
180 4.424425e-08       1
181 8.185279e-07       1
182 4.325209e-06       1
183 7.698005e-07       1
184 2.652235e-06       1
185 7.855342e-07       1
186 1.458169e-05  0.1845
187 9.149046e-08       1
188 9.099262e-08       1
189 3.435589e-07       1
190 1.404733e-06       1
191 1.940107e-06       1
192 4.903397e-08       1
193 1.403699e-06       1
194 2.198911e-06       1
195 1.057461e-06       1
196 3.543272e-07       1
197 6.065882e-07       1
198 6.849748e-07       1
199 3.765617e-08       1
200 4.290962e-06       1
201 5.314010e-07       1
202 1.028453e-07       1
203 1.253876e-06       1
204 3.898642e-07       1
205 4.135591e-08       1

$`MR-PRESSO results`$`Distortion Test`
$`MR-PRESSO results`$`Distortion Test`$`Outliers Indices`
[1] 55

$`MR-PRESSO results`$`Distortion Test`$`Distortion Coefficient`
beta.exposure 
     18.92612 

$`MR-PRESSO results`$`Distortion Test`$Pvalue
[1] 0.8098



