SNP	CHROM	POS	REF	ALT	AF	BETA	SE	Z	P	N	TRAIT
rs35672141	1	1691050	C	T	0.4935	0.0515	0.0469	1.0980810234541578	0.2724	4735	Neurofibrillary_Tangles
rs34394051	1	6853091	A	G	0.1591	-0.0418	0.0591	-0.707276	0.4791	4735	Neurofibrillary_Tangles
rs11121177	1	8445946	G	A	0.1819	0.1668	0.0594	2.808080808080808	0.00496	4735	Neurofibrillary_Tangles
rs56169608	1	18439991	G	A	0.455	0.0525	0.047	1.1170212765957446	0.2641	4735	Neurofibrillary_Tangles
rs10799615	1	20541370	A	G	0.7556	-0.0623	0.0512	-1.2168	0.2236	4735	Neurofibrillary_Tangles
rs590013	1	29155738	T	C	0.3259	0.0437	0.0465	0.939785	0.3478	4735	Neurofibrillary_Tangles
rs12044095	1	32206556	C	A	0.0365	0.3048	0.5776	0.5277008310249308	0.5977	4735	Neurofibrillary_Tangles
rs12030372	1	41762029	A	G	0.2194	0.0171	0.0526	0.325095	0.7456	4735	Neurofibrillary_Tangles
rs12076635	NA	NA	NA	NA	NA	NA	NA	NA	NA	NA	NA
rs1738050	NA	NA	NA	NA	NA	NA	NA	NA	NA	NA	NA
rs11211123	1	45957609	G	A	0.2216	-0.0161	0.0522	-0.30842911877394635	0.7573	4735	Neurofibrillary_Tangles
rs666868	1	57719736	C	T	0.3341	-0.0114	0.0484	-0.23553719008264465	0.8131	4735	Neurofibrillary_Tangles
rs2764684	1	58537919	C	T	0.8158	0.0274	0.0576	0.4756944444444445	0.6337	4735	Neurofibrillary_Tangles
rs2989476	NA	NA	NA	NA	NA	NA	NA	NA	NA	NA	NA
rs4915735	1	61808444	A	G	0.8516	0.0438	0.0651	0.672811	0.5013	4735	Neurofibrillary_Tangles
rs34305371	1	72733610	G	A	0.0792	0.0173	0.0941	0.18384697130712008	0.8546	4735	Neurofibrillary_Tangles
rs12044742	1	74541083	T	C	0.3824	0.0233	0.0445	0.523596	0.6006	4735	Neurofibrillary_Tangles
rs79994730	1	75562222	C	T	0.0258	0.0342	0.1922	0.17793964620187305	0.8589	4735	Neurofibrillary_Tangles
rs12401738	1	78446761	G	A	0.3474	0.0338	0.0463	0.7300215982721382	0.4657	4735	Neurofibrillary_Tangles
rs1008078	1	91189731	C	T	0.4097	-5e-4	0.0458	-0.010917030567685589	0.9918	4735	Neurofibrillary_Tangles
rs145702246	NA	NA	NA	NA	NA	NA	NA	NA	NA	NA	NA
rs3754200	NA	NA	NA	NA	NA	NA	NA	NA	NA	NA	NA
rs6690195	1	96221653	C	T	0.5023	0.0244	0.044000000000000004	0.5545454545454546	0.5798	4735	Neurofibrillary_Tangles
rs10875121	NA	NA	NA	NA	NA	NA	NA	NA	NA	NA	NA
rs575113	1	110046373	G	A	0.2956	0.0059	0.0485	0.12164948453608247	0.9029	4735	Neurofibrillary_Tangles
rs333078	1	110534914	C	A	0.3437	0.0747	0.0476	1.569327731092437	0.11699999999999999	4735	Neurofibrillary_Tangles
rs76577427	NA	NA	NA	NA	NA	NA	NA	NA	NA	NA	NA
rs6573	1	112255389	C	A	0.1612	0.0305	0.0598	0.5100334448160535	0.6104	4735	Neurofibrillary_Tangles
rs12746551	NA	NA	NA	NA	NA	NA	NA	NA	NA	NA	NA
rs55776425	1	147011447	T	C	0.0259	-0.1416	0.25	-0.5664	0.5712	4735	Neurofibrillary_Tangles
rs35550545	1	151000183	G	A	0.1109	-0.0112	0.0722	-0.15512465373961218	0.8762	4735	Neurofibrillary_Tangles
rs939592	NA	NA	NA	NA	NA	NA	NA	NA	NA	NA	NA
rs3026996	1	159167290	A	C	0.2469	-0.0807	0.0537	-1.50279	0.1327	4735	Neurofibrillary_Tangles
rs10918345	1	166065145	C	A	0.1758	-0.1369	0.059000000000000004	-2.3203389830508474	0.02021	4735	Neurofibrillary_Tangles
rs34720381	1	171455322	C	T	0.0864	-0.1815	0.0773	-2.347994825355757	0.0188	4735	Neurofibrillary_Tangles
rs12088073	1	174497642	A	C	0.4697	0.0319	0.0435	0.733333	0.4636	4735	Neurofibrillary_Tangles
rs532799	1	175852209	G	A	0.298	-0.0108	0.052000000000000005	-0.20769230769230768	0.8354	4735	Neurofibrillary_Tangles
rs80065677	1	177411322	G	T	0.0118	-0.1072	0.2896	-0.3701657458563536	0.7113	4735	Neurofibrillary_Tangles
rs6697584	1	181509718	T	C	0.2147	0.039	0.0534	0.730337	0.4658	4735	Neurofibrillary_Tangles
rs77106231	1	181660389	A	C	0.0246	-0.1416	0.1694	-0.835891	0.4033	4735	Neurofibrillary_Tangles
rs4272628	1	189603032	A	G	0.4912	-0.0121	0.0521	-0.232246	0.8159	4735	Neurofibrillary_Tangles
rs1747817	1	197711492	C	T	0.7588	-0.047	0.0524	-0.8969465648854962	0.37	4735	Neurofibrillary_Tangles
rs1890132	1	199427321	T	C	0.3064	0.0257	0.0481	0.534304	0.5939	4735	Neurofibrillary_Tangles
rs8024	1	201845575	C	A	0.3183	0.04	0.0462	0.8658008658008659	0.3868	4735	Neurofibrillary_Tangles
rs11588857	1	204587047	G	A	0.2227	-0.1287	0.0507	-2.5384615384615383	0.011059999999999999	4735	Neurofibrillary_Tangles
rs9651106	NA	NA	NA	NA	NA	NA	NA	NA	NA	NA	NA
rs3111251	1	211409844	C	T	0.4286	-0.0264	0.0446	-0.5919282511210762	0.5537	4735	Neurofibrillary_Tangles
rs12563167	NA	NA	NA	NA	NA	NA	NA	NA	NA	NA	NA
rs4846724	1	221967817	G	A	0.5467	0.0145	0.0439	0.33029612756264237	0.7418	4735	Neurofibrillary_Tangles
rs1329125	1	234740880	C	T	0.3305	0.0476	0.0476	1	0.3175	4735	Neurofibrillary_Tangles
rs6687021	NA	NA	NA	NA	NA	NA	NA	NA	NA	NA	NA
rs114593137	NA	NA	NA	NA	NA	NA	NA	NA	NA	NA	NA
rs3897821	1	243420388	A	G	0.3413	0.0099	0.046	0.215217	0.8294	4735	Neurofibrillary_Tangles
rs545710	1	244449336	C	T	0.4498	-0.0482	0.0507	-0.9506903353057199	0.3419	4735	Neurofibrillary_Tangles
rs12614263	2	4123797	G	A	0.4961	0.0435	0.0442	0.9841628959276016	0.3246	4735	Neurofibrillary_Tangles
rs7603132	2	4951548	G	A	0.1993	0.0588	0.1062	0.5536723163841808	0.5798	4735	Neurofibrillary_Tangles
rs35739581	2	8088520	T	C	0.0776	0.2118	0.1381	1.53367	0.1252	4735	Neurofibrillary_Tangles
rs76076331	2	10977585	C	T	0.1354	0.0709	0.0662	1.070996978851964	0.2846	4735	Neurofibrillary_Tangles
rs62124717	2	12817006	G	A	0.0958	-0.0347	0.0786	-0.44147582697201015	0.6588	4735	Neurofibrillary_Tangles
rs1991585	2	16647170	C	T	0.6994	-0.0341	0.0477	-0.7148846960167715	0.4748	4735	Neurofibrillary_Tangles
rs312957	2	21342312	A	G	0.3699	0.0431	0.0452	0.95354	0.34	4735	Neurofibrillary_Tangles
rs12616418	2	22435519	T	C	0.4493	0.0126	0.0438	0.287671	0.7735	4735	Neurofibrillary_Tangles
rs4358081	2	29100642	A	C	0.4709	0.061	0.043	1.4186	0.1558	4735	Neurofibrillary_Tangles
rs13001260	2	29578251	A	G	0.5025	-0.0791	0.0437	-1.81007	0.07021000000000001	4735	Neurofibrillary_Tangles
rs6752813	2	36574673	T	G	0.3149	-0.0363	0.0506	-0.717391	0.4729	4735	Neurofibrillary_Tangles
rs994249	NA	NA	NA	NA	NA	NA	NA	NA	NA	NA	NA
rs12712775	NA	NA	NA	NA	NA	NA	NA	NA	NA	NA	NA
rs12468040	2	44854981	T	G	0.6187	0.0364	0.0457	0.796499	0.4254	4735	Neurofibrillary_Tangles
rs4953155	NA	NA	NA	NA	NA	NA	NA	NA	NA	NA	NA
rs56012105	2	49080934	G	T	0.6042	-0.0547	0.0441	-1.2403628117913832	0.2149	4735	Neurofibrillary_Tangles
rs17502934	2	50994255	G	T	0.1469	-0.0659	0.0627	-1.0510366826156299	0.2929	4735	Neurofibrillary_Tangles
rs72807818	2	51819019	G	A	0.1373	-0.0574	0.0629	-0.9125596184419714	0.3618	4735	Neurofibrillary_Tangles
rs3948495	2	57383133	G	T	0.4022	0.0445	0.0448	0.9933035714285714	0.3198	4735	Neurofibrillary_Tangles
rs10189857	2	60713235	A	G	0.4305	-0.0384	0.044000000000000004	-0.872727	0.3829	4735	Neurofibrillary_Tangles
rs9679654	2	61836773	T	C	0.4434	-0.0211	0.0447	-0.472036	0.637	4735	Neurofibrillary_Tangles
rs12613959	2	62769988	G	A	0.1236	0.0653	0.0665	0.981954887218045	0.3259	4735	Neurofibrillary_Tangles
rs7570647	2	65463665	A	G	0.3005	-0.0479	0.047	-1.01915	0.308	4735	Neurofibrillary_Tangles
rs6731373	2	68503044	G	A	0.348	-0.0525	0.048	-1.09375	0.2745	4735	Neurofibrillary_Tangles
rs1918863	2	73644481	A	G	0.2281	-0.0021	0.0519	-0.0404624	0.9683	4735	Neurofibrillary_Tangles
rs112806496	NA	NA	NA	NA	NA	NA	NA	NA	NA	NA	NA
rs11894424	2	80588091	A	C	0.0514	-0.1362	0.09	-1.51333	0.1302	4735	Neurofibrillary_Tangles
rs13392189	NA	NA	NA	NA	NA	NA	NA	NA	NA	NA	NA
rs62155350	NA	NA	NA	NA	NA	NA	NA	NA	NA	NA	NA
rs13018640	2	100821545	T	C	0.4009	0.0368	0.045	0.817778	0.4138	4735	Neurofibrillary_Tangles
rs115260964	2	101267526	A	G	0.0572	-0.0641	0.1141	-0.561788	0.5739	4735	Neurofibrillary_Tangles
rs2570497	2	104441546	C	T	0.6334	-0.077	0.0454	-1.6960352422907488	0.08965	4735	Neurofibrillary_Tangles
rs62155873	2	105969362	C	T	0.119	0.0851	0.0687	1.2387190684133915	0.2152	4735	Neurofibrillary_Tangles
rs1013014	2	107623697	G	T	0.3796	-0.0865	0.0455	-1.901098901098901	0.0573	4735	Neurofibrillary_Tangles
rs13402497	NA	NA	NA	NA	NA	NA	NA	NA	NA	NA	NA
rs56331807	2	123723967	G	T	0.1221	-0.0666	0.07400000000000001	-0.8999999999999999	0.3682	4735	Neurofibrillary_Tangles
rs4848924	2	124991887	A	C	0.283	-0.0067	0.049	-0.136735	0.8908	4735	Neurofibrillary_Tangles
rs76509453	2	126023667	A	G	0.0824	-0.0904	0.0758	-1.19261	0.233	4735	Neurofibrillary_Tangles
rs7600500	2	127939148	G	A	0.4217	0.0195	0.045	0.43333333333333335	0.6643	4735	Neurofibrillary_Tangles
rs168287	2	140307047	C	T	0.685	0.0277	0.0461	0.6008676789587852	0.5476	4735	Neurofibrillary_Tangles
rs74787922	2	141598681	A	C	0.0709	0.0758	0.0887	0.854566	0.39299999999999996	4735	Neurofibrillary_Tangles
rs6733026	2	141964111	G	A	0.4656	0.0271	0.0442	0.6131221719457013	0.5395	4735	Neurofibrillary_Tangles
rs77609760	2	142358950	A	G	0.0631	-0.0927	0.086	-1.07791	0.2813	4735	Neurofibrillary_Tangles
rs1320139	NA	NA	NA	NA	NA	NA	NA	NA	NA	NA	NA
rs7575637	2	145796251	G	A	0.465	0.0559	0.0437	1.2791762013729977	0.2017	4735	Neurofibrillary_Tangles
rs13029418	2	155170070	G	A	0.1616	0.1518	0.0758	2.0026385224274406	0.04523	4735	Neurofibrillary_Tangles
rs13422673	2	155474355	C	T	0.4627	-0.016	0.0438	-0.36529680365296807	0.7140000000000001	4735	Neurofibrillary_Tangles
rs72899420	2	157262430	A	G	0.0685	0.0075	0.0961	0.0780437	0.9374	4735	Neurofibrillary_Tangles
rs7419274	NA	NA	NA	NA	NA	NA	NA	NA	NA	NA	NA
rs11678980	2	162101261	G	A	0.4433	0.0107	0.0503	0.21272365805168986	0.8322	4735	Neurofibrillary_Tangles
rs7560348	NA	NA	NA	NA	NA	NA	NA	NA	NA	NA	NA
rs17428076	NA	NA	NA	NA	NA	NA	NA	NA	NA	NA	NA
rs13009008	2	174043233	A	G	0.6579	0.0381	0.0456	0.835526	0.4037	4735	Neurofibrillary_Tangles
rs4972400	2	174171884	G	A	0.3283	0.0426	0.0511	0.8336594911937377	0.4038	4735	Neurofibrillary_Tangles
rs12613500	NA	NA	NA	NA	NA	NA	NA	NA	NA	NA	NA
rs10205057	2	186139826	C	T	0.5694	-0.0439	0.0432	-1.0162037037037037	0.3094	4735	Neurofibrillary_Tangles
rs9288115	NA	NA	NA	NA	NA	NA	NA	NA	NA	NA	NA
rs1439895	2	188928433	G	A	0.726	-0.0216	0.0485	-0.44536082474226807	0.6563	4735	Neurofibrillary_Tangles
rs4850810	2	193754771	G	T	0.5291	0.0535	0.0441	1.2131519274376417	0.2258	4735	Neurofibrillary_Tangles
rs10931821	NA	NA	NA	NA	NA	NA	NA	NA	NA	NA	NA
rs994280	2	201240086	A	G	0.3311	-0.016	0.0472	-0.338983	0.7346	4735	Neurofibrillary_Tangles
rs12619019	NA	NA	NA	NA	NA	NA	NA	NA	NA	NA	NA
rs62182994	2	212599303	T	C	0.3043	-0.0197	0.047	-0.419149	0.6748	4735	Neurofibrillary_Tangles
rs34330588	2	215031077	G	A	0.454	-0.0322	0.045	-0.7155555555555556	0.4742	4735	Neurofibrillary_Tangles
rs4673840	2	215363241	T	C	0.1666	0.0777	0.0595	1.30588	0.1916	4735	Neurofibrillary_Tangles
rs1971218	2	221835288	A	G	0.4763	0.0481	0.0439	1.09567	0.2734	4735	Neurofibrillary_Tangles
rs1368885	NA	NA	NA	NA	NA	NA	NA	NA	NA	NA	NA
rs12614411	2	226297530	G	A	0.8145	-1e-4	0.0569	-0.001757469244288225	0.9987	4735	Neurofibrillary_Tangles
rs4500930	2	228985505	C	T	0.1744	-0.0776	0.0746	-1.0402144772117963	0.2985	4735	Neurofibrillary_Tangles
rs6704768	2	233592501	G	A	0.5583	0.0206	0.0438	0.4703196347031964	0.6371	4735	Neurofibrillary_Tangles
rs4663617	NA	NA	NA	NA	NA	NA	NA	NA	NA	NA	NA
rs6731967	NA	NA	NA	NA	NA	NA	NA	NA	NA	NA	NA
rs72993796	2	240321051	T	C	0.1918	0.0278	0.0576	0.482639	0.6294	4735	Neurofibrillary_Tangles
rs11679356	2	242356894	C	T	0.2534	-0.0127	0.0508	-0.25	0.8023	4735	Neurofibrillary_Tangles
rs4685448	3	252344	G	A	0.4376	0.0053	0.0439	0.12072892938496582	0.9037	4735	Neurofibrillary_Tangles
rs17048855	3	8258174	G	A	0.3317	0.0452	0.0467	0.9678800856531049	0.3326	4735	Neurofibrillary_Tangles
rs382196	3	9145554	G	T	0.3793	-0.0156	0.0454	-0.34361233480176206	0.7315	4735	Neurofibrillary_Tangles
rs9855241	3	11602910	C	T	0.1874	-0.0557	0.0575	-0.968695652173913	0.3326	4735	Neurofibrillary_Tangles
rs56301739	3	13122996	T	C	0.2266	-0.1497	0.0519	-2.88439	0.003927	4735	Neurofibrillary_Tangles
rs9882532	3	16865845	T	C	0.3689	0.0409	0.0449	0.910913	0.3622	4735	Neurofibrillary_Tangles
rs11129067	NA	NA	NA	NA	NA	NA	NA	NA	NA	NA	NA
rs57909730	3	23368532	T	G	0.2174	0.0165	0.0542	0.304428	0.7604	4735	Neurofibrillary_Tangles
rs13085461	NA	NA	NA	NA	NA	NA	NA	NA	NA	NA	NA
rs6793728	3	28926923	T	C	0.397	0.0253	0.0447	0.565996	0.5715	4735	Neurofibrillary_Tangles
rs6550267	3	34279612	C	T	0.2697	0.1545	0.0484	3.1921487603305785	0.001398	4735	Neurofibrillary_Tangles
rs4328757	3	36938180	C	T	0.6369	-0.0057	0.0478	-0.11924686192468618	0.9056	4735	Neurofibrillary_Tangles
rs7629643	3	39145186	G	A	0.1982	-0.0278	0.0552	-0.5036231884057971	0.6153	4735	Neurofibrillary_Tangles
rs11720680	3	48159232	A	G	0.0648	-0.1809	0.0944	-1.91631	0.055470000000000005	4735	Neurofibrillary_Tangles
rs9859556	3	49455986	G	T	0.3212	-0.0533	0.0459	-1.1612200435729847	0.2455	4735	Neurofibrillary_Tangles
rs77719387	NA	NA	NA	NA	NA	NA	NA	NA	NA	NA	NA
rs11130380	3	53758950	G	T	0.6157	0.0457	0.0452	1.011061946902655	0.3128	4735	Neurofibrillary_Tangles
rs6769553	3	54427795	G	A	0.2941	0.0195	0.0482	0.4045643153526971	0.6858	4735	Neurofibrillary_Tangles
rs11715144	NA	NA	NA	NA	NA	NA	NA	NA	NA	NA	NA
rs6803651	3	64431730	G	T	0.4558	-0.0027	0.0454	-0.05947136563876652	0.9521	4735	Neurofibrillary_Tangles
rs12638072	3	65654480	A	G	0.6934	0.0377	0.0489	0.770961	0.441	4735	Neurofibrillary_Tangles
rs902249	3	68944949	T	C	0.5664	0.0257	0.044000000000000004	0.584091	0.5596	4735	Neurofibrillary_Tangles
rs115000530	NA	NA	NA	NA	NA	NA	NA	NA	NA	NA	NA
rs55736314	NA	NA	NA	NA	NA	NA	NA	NA	NA	NA	NA
rs4404485	3	74947398	C	T	0.8284	0.008	0.0586	0.13651877133105803	0.8919	4735	Neurofibrillary_Tangles
rs6771882	3	82552414	G	A	0.1813	0.096	0.0581	1.6523235800344234	0.09842999999999999	4735	Neurofibrillary_Tangles
rs66568921	3	85672018	T	G	0.3467	-0.0755	0.0464	-1.62716	0.1038	4735	Neurofibrillary_Tangles
rs9857944	NA	NA	NA	NA	NA	NA	NA	NA	NA	NA	NA
rs9853928	3	103295384	C	T	0.2052	0.0256	0.0543	0.4714548802946593	0.6366	4735	Neurofibrillary_Tangles
rs1610243	3	104225506	C	T	0.6032	0.0012	0.0464	0.02586206896551724	0.9792	4735	Neurofibrillary_Tangles
rs7431531	3	105198374	T	C	0.3221	0.081	0.0467	1.73448	0.0828	4735	Neurofibrillary_Tangles
rs28513882	3	107296628	G	A	0.1961	0.0592	0.0565	1.047787610619469	0.2945	4735	Neurofibrillary_Tangles
rs2290601	3	108112760	C	T	0.7765	0.0363	0.0516	0.7034883720930233	0.48100000000000004	4735	Neurofibrillary_Tangles
rs9837013	NA	NA	NA	NA	NA	NA	NA	NA	NA	NA	NA
rs1717204	3	118461145	C	A	0.1841	0.1162	0.0577	2.0138648180242633	0.04405	4735	Neurofibrillary_Tangles
rs34067381	3	123594419	T	G	0.64	-0.0421	0.0454	-0.927313	0.354	4735	Neurofibrillary_Tangles
rs9289300	3	127144988	T	C	0.1631	-0.073	0.0602	-1.21262	0.2255	4735	Neurofibrillary_Tangles
rs6795373	3	137306262	A	C	0.4724	0.0022	0.0462	0.047619	0.9622	4735	Neurofibrillary_Tangles
rs148935320	NA	NA	NA	NA	NA	NA	NA	NA	NA	NA	NA
rs7650602	3	141147414	T	C	0.439	-0.0499	0.0453	-1.10155	0.2704	4735	Neurofibrillary_Tangles
rs2885198	3	143636421	A	G	0.4573	0.0471	0.0453	1.03974	0.2979	4735	Neurofibrillary_Tangles
rs12054166	NA	NA	NA	NA	NA	NA	NA	NA	NA	NA	NA
rs6440854	3	152948430	A	G	0.1198	-0.0351	0.0696	-0.50431	0.6141	4735	Neurofibrillary_Tangles
rs7617204	3	160821969	A	G	0.4664	0.0045	0.0454	0.0991189	0.9215	4735	Neurofibrillary_Tangles
rs6799905	3	165615979	A	C	0.0662	0.0404	0.0899	0.449388	0.653	4735	Neurofibrillary_Tangles
rs6799725	3	167223598	G	A	0.4782	-0.002	0.0473	-0.042283298097251586	0.9656	4735	Neurofibrillary_Tangles
rs16853094	3	168782421	G	A	0.2163	0.0677	0.0544	1.244485294117647	0.213	4735	Neurofibrillary_Tangles
rs8192675	3	170724883	T	C	0.2887	-0.0563	0.0485	-1.16082	0.2459	4735	Neurofibrillary_Tangles
rs72622559	3	175672897	C	T	0.217	0.053	0.0552	0.9601449275362318	0.337	4735	Neurofibrillary_Tangles
rs77025239	3	180734185	G	A	0.1539	-0.0051	0.0626	-0.08146964856230032	0.9351	4735	Neurofibrillary_Tangles
rs9824882	3	185783143	G	A	0.7942	0.0325	0.0548	0.593065693430657	0.5538	4735	Neurofibrillary_Tangles
rs10937590	3	193300287	T	G	0.0325	-0.1463	0.1131	-1.29355	0.1956	4735	Neurofibrillary_Tangles
rs6779233	3	196023723	A	C	0.7664	0.0865	0.0587	1.47359	0.1405	4735	Neurofibrillary_Tangles
rs13327482	3	196788363	A	G	0.241	-0.0082	0.0483	-0.169772	0.8649	4735	Neurofibrillary_Tangles
rs6599400	4	1785025	A	C	0.6461	-0.0051	0.0511	-0.0998043	0.92	4735	Neurofibrillary_Tangles
rs2137835	4	2766181	C	T	0.495	0.0175	0.0487	0.35934291581108835	0.7185	4735	Neurofibrillary_Tangles
rs363096	4	3180021	T	C	0.5882	-0.0224	0.045	-0.497778	0.6192	4735	Neurofibrillary_Tangles
rs4689684	4	4485880	T	C	0.2167	0.0725	0.0576	1.25868	0.2083	4735	Neurofibrillary_Tangles
rs2008221	4	5221213	G	T	0.458	-0.0036	0.0437	-0.08237986270022883	0.9347	4735	Neurofibrillary_Tangles
rs13133213	4	15646794	A	G	0.5043	0.0584	0.043	1.35814	0.1746	4735	Neurofibrillary_Tangles
rs9291652	4	17048274	T	C	0.5038	-0.0638	0.0437	-1.45995	0.1439	4735	Neurofibrillary_Tangles
rs2011603	4	18025484	G	A	0.7358	-0.0054	0.0516	-0.10465116279069768	0.9167	4735	Neurofibrillary_Tangles
rs4467547	4	21945933	G	T	0.4122	-0.0142	0.0448	-0.31696428571428575	0.7517	4735	Neurofibrillary_Tangles
rs10021733	4	28609476	T	C	0.8384	0.0387	0.0589	0.657046	0.5107	4735	Neurofibrillary_Tangles
rs4557224	4	30796107	T	C	0.5013	-0.0165	0.0437	-0.377574	0.7064	4735	Neurofibrillary_Tangles
rs12644635	4	32161479	G	A	0.6817	-0.0265	0.0509	-0.5206286836935167	0.6024	4735	Neurofibrillary_Tangles
rs337637	4	38604470	G	A	0.3577	-0.0455	0.0452	-1.0066371681415929	0.3148	4735	Neurofibrillary_Tangles
rs6812533	4	39687838	T	C	0.2555	-0.0064	0.0497	-0.128773	0.8979	4735	Neurofibrillary_Tangles
rs17462266	4	44616903	T	G	0.1097	0.0377	0.0728	0.517857	0.6049	4735	Neurofibrillary_Tangles
rs13130765	NA	NA	NA	NA	NA	NA	NA	NA	NA	NA	NA
rs2055940	4	46997913	G	A	0.3229	0.0888	0.0517	1.7176015473887813	0.08578999999999999	4735	Neurofibrillary_Tangles
rs10461357	4	57205553	C	T	0.1244	0.0241	0.0658	0.36626139817629183	0.7145	4735	Neurofibrillary_Tangles
rs66697178	4	62128069	T	C	0.2207	0.0227	0.0542	0.418819	0.6754	4735	Neurofibrillary_Tangles
rs11734722	4	65789995	G	A	0.5707	0.0158	0.0443	0.35665914221218964	0.722	4735	Neurofibrillary_Tangles
rs4860734	4	67096904	G	A	0.3014	0.0134	0.0499	0.2685370741482966	0.7879999999999999	4735	Neurofibrillary_Tangles
rs12506221	4	67899235	T	G	0.5678	-0.0748	0.0434	-1.7235	0.08461	4735	Neurofibrillary_Tangles
rs28377689	4	80967671	T	G	0.5213	0.0309	0.0508	0.608268	0.5434	4735	Neurofibrillary_Tangles
rs2034631	4	82225529	T	C	0.3504	-9e-4	0.0455	-0.0197802	0.9848	4735	Neurofibrillary_Tangles
rs7692359	4	83209346	T	C	0.2198	0.0285	0.0522	0.545977	0.5858	4735	Neurofibrillary_Tangles
rs12503522	4	94543233	C	T	0.2817	-0.0112	0.0478	-0.23430962343096232	0.8149	4735	Neurofibrillary_Tangles
rs72672718	4	96030564	G	A	0.3531	-0.0355	0.0452	-0.7853982300884955	0.4318	4735	Neurofibrillary_Tangles
rs13127398	NA	NA	NA	NA	NA	NA	NA	NA	NA	NA	NA
rs28375734	4	105445478	G	A	0.4084	-0.0255	0.0468	-0.5448717948717948	0.5859	4735	Neurofibrillary_Tangles
rs7683416	4	106152984	T	C	0.5343	-0.0925	0.0454	-2.03744	0.04174	4735	Neurofibrillary_Tangles
rs7662502	NA	NA	NA	NA	NA	NA	NA	NA	NA	NA	NA
rs67432955	NA	NA	NA	NA	NA	NA	NA	NA	NA	NA	NA
rs1955250	4	118514236	A	C	0.0969	0.0778	0.0741	1.04993	0.2935	4735	Neurofibrillary_Tangles
rs13145650	4	122963344	C	T	0.9107	-0.1704	0.0803	-2.1220423412204235	0.033760000000000005	4735	Neurofibrillary_Tangles
rs2034497	4	129862073	C	T	0.5229	-0.0849	0.044000000000000004	-1.9295454545454545	0.05375	4735	Neurofibrillary_Tangles
rs2728741	4	130661863	C	T	0.7409	0.0292	0.0493	0.592292089249493	0.5533	4735	Neurofibrillary_Tangles
rs11733040	4	137480493	G	A	0.3715	0.0644	0.0444	1.4504504504504503	0.1475	4735	Neurofibrillary_Tangles
rs12647336	4	140643071	A	G	0.1536	0.0071	0.0607	0.116969	0.907	4735	Neurofibrillary_Tangles
rs12643771	4	140753103	C	T	0.2999	-0.0142	0.0506	-0.2806324110671937	0.7793	4735	Neurofibrillary_Tangles
rs969512	NA	NA	NA	NA	NA	NA	NA	NA	NA	NA	NA
rs7672622	4	157705551	A	G	0.2485	0.0505	0.0522	0.967433	0.3329	4735	Neurofibrillary_Tangles
rs6842542	4	158375017	A	G	0.1898	-0.0598	0.0555	-1.07748	0.281	4735	Neurofibrillary_Tangles
rs2081652	NA	NA	NA	NA	NA	NA	NA	NA	NA	NA	NA
rs4691866	4	163738040	A	G	0.8338	0.2224	0.0601	3.7005	2.17e-4	4735	Neurofibrillary_Tangles
rs10866336	NA	NA	NA	NA	NA	NA	NA	NA	NA	NA	NA
rs12646523	4	170944698	C	T	0.2475	0.0458	0.05	0.9159999999999999	0.3602	4735	Neurofibrillary_Tangles
rs1358596	4	172432296	C	A	0.8249	0.0371	0.0573	0.6474694589877836	0.5175	4735	Neurofibrillary_Tangles
rs17598675	4	176647637	T	C	0.4902	-0.0349	0.0441	-0.791383	0.4286	4735	Neurofibrillary_Tangles
rs7681853	4	176917085	T	C	0.2101	0.0802	0.0562	1.42705	0.154	4735	Neurofibrillary_Tangles
rs1128956	4	183724005	T	G	0.1965	0.0036	0.0622	0.0578778	0.9533	4735	Neurofibrillary_Tangles
rs34059433	4	184806014	A	G	0.5347	0.1336	0.0455	2.93626	0.0033469999999999997	4735	Neurofibrillary_Tangles
rs11724690	4	186764747	G	T	0.2962	-0.0247	0.0479	-0.5156576200417536	0.6066	4735	Neurofibrillary_Tangles
rs7706278	5	2170113	G	A	0.3835	-0.1026	0.0477	-2.150943396226415	0.03146	4735	Neurofibrillary_Tangles
rs11741296	5	2928538	A	G	0.5868	-0.058	0.0446	-1.30045	0.1942	4735	Neurofibrillary_Tangles
rs13163845	5	3264389	T	C	0.1651	-0.0538	0.0655	-0.821374	0.4114	4735	Neurofibrillary_Tangles
rs12515392	5	7392933	G	A	0.2078	0.0351	0.053	0.6622641509433962	0.5072	4735	Neurofibrillary_Tangles
rs162445	5	7943246	G	A	0.0785	-0.0407	0.0797	-0.5106649937264743	0.6093	4735	Neurofibrillary_Tangles
rs2434672	5	11471879	C	A	0.5358	-0.0574	0.0449	-1.2783964365256124	0.2008	4735	Neurofibrillary_Tangles
rs7719595	NA	NA	NA	NA	NA	NA	NA	NA	NA	NA	NA
rs2174528	5	24588151	T	C	0.2438	-0.063	0.0526	-1.19772	0.2315	4735	Neurofibrillary_Tangles
rs17563464	5	26913774	C	A	0.2292	0.0029	0.0607	0.047775947281713346	0.9613	4735	Neurofibrillary_Tangles
rs10940921	5	30808645	T	G	0.582	0.0326	0.0446	0.730942	0.465	4735	Neurofibrillary_Tangles
rs17243165	5	43145154	A	G	0.1116	-0.0441	0.0692	-0.637283	0.5244	4735	Neurofibrillary_Tangles
rs62367470	5	45192276	C	T	0.1787	0.0422	0.0568	0.7429577464788732	0.4576	4735	Neurofibrillary_Tangles
rs7724301	5	57114080	C	T	0.7449	0.0361	0.0498	0.7248995983935743	0.4686	4735	Neurofibrillary_Tangles
rs245491	5	57633855	C	T	0.602	0.0199	0.0449	0.44320712694877507	0.6583	4735	Neurofibrillary_Tangles
rs298075	5	58983849	C	T	0.4404	0.0172	0.0434	0.39631336405529954	0.6913	4735	Neurofibrillary_Tangles
rs6449503	5	60095272	G	A	0.5052	0.0578	0.0446	1.295964125560538	0.1949	4735	Neurofibrillary_Tangles
rs10805383	5	63034606	G	A	0.483	0.0781	0.0435	1.795402298850575	0.07269	4735	Neurofibrillary_Tangles
rs42302	5	74965554	A	G	0.6481	-0.0897	0.0458	-1.95852	0.04997	4735	Neurofibrillary_Tangles
rs2202115	5	81161753	T	C	0.667	-0.0247	0.0461	-0.535792	0.5915	4735	Neurofibrillary_Tangles
rs61104616	5	88163771	G	A	0.5183	0.1135	0.0438	2.5913242009132422	0.009514	4735	Neurofibrillary_Tangles
rs1698135	5	89399330	T	G	0.2211	-0.0587	0.0555	-1.05766	0.2901	4735	Neurofibrillary_Tangles
rs2973827	5	90985856	A	C	0.2138	-0.0011	0.0538	-0.0204461	0.9842	4735	Neurofibrillary_Tangles
rs888814	5	92186429	G	T	0.4893	0.0434	0.049	0.8857142857142857	0.376	4735	Neurofibrillary_Tangles
rs145120402	5	93174765	A	C	0.0439	0.2605	0.1196	2.17809	0.0294	4735	Neurofibrillary_Tangles
rs74643044	5	102535528	T	C	0.0569	-0.2085	0.1122	-1.85829	0.0632	4735	Neurofibrillary_Tangles
rs4235642	NA	NA	NA	NA	NA	NA	NA	NA	NA	NA	NA
rs252991	5	106767346	A	G	0.6157	0.013	0.0448	0.290179	0.772	4735	Neurofibrillary_Tangles
rs17489649	5	109156184	A	G	0.336	0.0207	0.0459	0.45098	0.6513	4735	Neurofibrillary_Tangles
rs660001	5	113866598	G	A	0.2003	0.0552	0.0559	0.9874776386404294	0.3232	4735	Neurofibrillary_Tangles
rs62379838	5	120102028	T	C	0.2863	0.0272	0.048	0.566667	0.5714	4735	Neurofibrillary_Tangles
rs17474406	5	122732342	G	A	0.0237	0.016	0.1541	0.1038286826735886	0.9173	4735	Neurofibrillary_Tangles
rs10060023	5	124304677	T	C	0.6532	-0.0533	0.0481	-1.10811	0.2685	4735	Neurofibrillary_Tangles
rs329124	5	133865452	A	G	0.4232	-0.0289	0.0439	-0.658314	0.5104	4735	Neurofibrillary_Tangles
rs1434630	5	136557055	T	G	0.8456	-0.0601	0.0608	-0.988487	0.3225	4735	Neurofibrillary_Tangles
rs12519073	5	136776762	C	T	0.2402	0.08800000000000001	0.0513	1.7153996101364524	0.08665	4735	Neurofibrillary_Tangles
rs251023	5	140893410	A	G	0.3546	-0.0171	0.0466	-0.366953	0.7132	4735	Neurofibrillary_Tangles
rs62372773	5	145650887	T	C	0.3343	0.0246	0.0469	0.52452	0.6001	4735	Neurofibrillary_Tangles
rs2288799	5	149631413	A	G	0.4426	0.0324	0.0452	0.716814	0.4733	4735	Neurofibrillary_Tangles
rs2964255	5	152052332	G	A	0.3029	-0.0263	0.0468	-0.561965811965812	0.5741	4735	Neurofibrillary_Tangles
rs182902112	NA	NA	NA	NA	NA	NA	NA	NA	NA	NA	NA
rs173768	5	160747541	G	A	0.243	0.019	0.0508	0.37401574803149606	0.7082	4735	Neurofibrillary_Tangles
rs42210	NA	NA	NA	NA	NA	NA	NA	NA	NA	NA	NA
rs6890434	NA	NA	NA	NA	NA	NA	NA	NA	NA	NA	NA
rs251252	5	172485959	T	C	0.6673	-0.0238	0.0469	-0.507463	0.6125	4735	Neurofibrillary_Tangles
rs62398693	5	176416516	C	A	0.1882	-0.040999999999999995	0.0566	-0.724381625441696	0.4692	4735	Neurofibrillary_Tangles
rs2545795	5	176887106	A	C	0.567	-0.0846	0.044000000000000004	-1.92273	0.054360000000000006	4735	Neurofibrillary_Tangles
rs7447517	5	178021885	C	T	0.3434	0.0185	0.048	0.38541666666666663	0.6994	4735	Neurofibrillary_Tangles
rs10491478	5	179369288	T	C	0.2544	-0.0321	0.0499	-0.643287	0.5202	4735	Neurofibrillary_Tangles
rs12524795	6	3464074	C	T	0.4518	0.1258	0.0442	2.846153846153846	0.004457	4735	Neurofibrillary_Tangles
rs112603734	NA	NA	NA	NA	NA	NA	NA	NA	NA	NA	NA
rs3864311	6	13192759	T	G	0.3097	0.0425	0.0497	0.855131	0.392	4735	Neurofibrillary_Tangles
rs4715931	6	14897346	C	A	0.2419	-0.0671	0.0531	-1.2636534839924671	0.2063	4735	Neurofibrillary_Tangles
rs180002	6	16314031	G	A	0.3986	-0.021	0.0468	-0.44871794871794873	0.653	4735	Neurofibrillary_Tangles
rs72829857	6	16966052	A	G	0.251	0.0518	0.0516	1.00388	0.3162	4735	Neurofibrillary_Tangles
rs72828517	6	19036035	T	C	0.1764	0.0082	0.0565	0.145133	0.8853	4735	Neurofibrillary_Tangles
rs2179152	6	26325888	T	C	0.6334	-0.0246	0.0472	-0.521186	0.6019	4735	Neurofibrillary_Tangles
rs115383412	6	29196418	G	A	0.0468	-0.0409	0.1074	-0.3808193668528864	0.7031	4735	Neurofibrillary_Tangles
rs2256965	6	31555130	A	G	0.5649	-0.0188	0.0446	-0.421525	0.6735	4735	Neurofibrillary_Tangles
rs57349798	6	37486052	G	A	0.4301	0.0091	0.0472	0.19279661016949154	0.847	4735	Neurofibrillary_Tangles
rs2436760	6	40374288	C	T	0.9769	-0.2175	0.1607	-1.3534536403235842	0.17600000000000002	4735	Neurofibrillary_Tangles
rs912883	6	41552040	T	C	0.3143	-0.0355	0.0479	-0.741127	0.4583	4735	Neurofibrillary_Tangles
rs2186213	NA	NA	NA	NA	NA	NA	NA	NA	NA	NA	NA
rs78648104	6	50683009	T	C	0.0913	-0.0098	0.084	-0.116667	0.9069	4735	Neurofibrillary_Tangles
rs584124	6	52838196	G	A	0.6372	0.0323	0.0474	0.6814345991561183	0.4951	4735	Neurofibrillary_Tangles
rs7449561	6	66215549	G	A	0.227	0.0081	0.0524	0.1545801526717557	0.8769	4735	Neurofibrillary_Tangles
rs9363753	6	68125255	C	T	0.1941	-0.0684	0.055	-1.2436363636363637	0.2136	4735	Neurofibrillary_Tangles
rs1006997	6	69677322	T	C	0.8522	-0.023	0.0624	-0.36859	0.7129	4735	Neurofibrillary_Tangles
rs9442722	NA	NA	NA	NA	NA	NA	NA	NA	NA	NA	NA
rs13212041	6	78171124	C	T	0.802	-0.0261	0.0573	-0.4554973821989529	0.6489	4735	Neurofibrillary_Tangles
rs4352658	6	88279872	C	T	0.0736	-0.0155	0.084	-0.1845238095238095	0.8532	4735	Neurofibrillary_Tangles
rs9359939	6	92133241	C	A	0.2318	-0.0281	0.052000000000000005	-0.5403846153846154	0.5886	4735	Neurofibrillary_Tangles
rs9386319	6	96566419	A	G	0.3942	0.0614	0.0441	1.39229	0.1635	4735	Neurofibrillary_Tangles
rs760829	6	97550414	G	A	0.7344	0.0067	0.0499	0.1342685370741483	0.8929	4735	Neurofibrillary_Tangles
rs9375188	6	98555272	C	T	0.494	0.0178	0.044000000000000004	0.4045454545454545	0.6863	4735	Neurofibrillary_Tangles
rs2802290	6	108905680	G	A	0.6309	0.0378	0.0445	0.849438202247191	0.3952	4735	Neurofibrillary_Tangles
rs2691171	6	110977970	A	G	0.2882	-0.0526	0.0475	-1.10737	0.2676	4735	Neurofibrillary_Tangles
rs10080647	6	114742335	C	A	0.1471	-0.0168	0.0619	-0.27140549273021003	0.7863	4735	Neurofibrillary_Tangles
rs11542663	6	119215402	A	C	0.3105	0.0252	0.0478	0.527197	0.5971	4735	Neurofibrillary_Tangles
rs13197257	6	128333682	G	T	0.2765	0.0217	0.0505	0.4297029702970297	0.6679999999999999	4735	Neurofibrillary_Tangles
rs11757516	NA	NA	NA	NA	NA	NA	NA	NA	NA	NA	NA
rs9492774	NA	NA	NA	NA	NA	NA	NA	NA	NA	NA	NA
rs9373363	6	143150043	A	G	0.2477	-0.0862	0.0503	-1.71372	0.08646000000000001	4735	Neurofibrillary_Tangles
rs6914161	6	143694800	C	T	0.176	-0.02	0.0579	-0.3454231433506045	0.73	4735	Neurofibrillary_Tangles
rs7744222	6	145144381	C	A	0.4063	-0.019	0.0437	-0.43478260869565216	0.6648	4735	Neurofibrillary_Tangles
rs11155529	6	148274693	A	G	0.3661	-0.0358	0.0459	-0.779956	0.4351	4735	Neurofibrillary_Tangles
rs6557171	6	152234593	T	C	0.6839	-0.0128	0.048	-0.266667	0.7897	4735	Neurofibrillary_Tangles
rs76532655	6	153437499	C	T	0.182	0.0905	0.0623	1.4526484751203852	0.1464	4735	Neurofibrillary_Tangles
rs12660494	6	155534676	A	G	0.1656	-0.0125	0.06	-0.208333	0.8355	4735	Neurofibrillary_Tangles
rs113588399	6	157236426	C	T	0.1971	-0.0548	0.053900000000000003	-1.0166975881261595	0.3093	4735	Neurofibrillary_Tangles
rs9295365	6	167132189	C	T	0.8762	0.1351	0.0681	1.9838472834067549	0.04717	4735	Neurofibrillary_Tangles
rs12665391	6	167614733	T	C	0.2463	0.0514	0.0521	0.986564	0.3238	4735	Neurofibrillary_Tangles
rs6924023	6	170076041	A	G	0.2945	-0.0118	0.0472	-0.25	0.8025	4735	Neurofibrillary_Tangles
rs4605959	NA	NA	NA	NA	NA	NA	NA	NA	NA	NA	NA
rs62442924	7	1989976	C	T	0.2175	0.0466	0.0575	0.8104347826086956	0.4177	4735	Neurofibrillary_Tangles
rs13240401	7	2194396	T	C	0.2226	0.0026	0.0536	0.0485075	0.9609	4735	Neurofibrillary_Tangles
rs4719944	7	3496032	T	C	0.4645	-0.013	0.0435	-0.298851	0.7653	4735	Neurofibrillary_Tangles
rs38007	NA	NA	NA	NA	NA	NA	NA	NA	NA	NA	NA
rs7777571	7	11758271	T	G	0.2417	0.0095	0.0515	0.184466	0.8536	4735	Neurofibrillary_Tangles
rs6977237	7	14027991	T	C	0.5247	0.0048	0.0439	0.109339	0.9128	4735	Neurofibrillary_Tangles
rs62442809	7	21132591	C	T	0.2845	-0.0333	0.0488	-0.6823770491803279	0.4953	4735	Neurofibrillary_Tangles
rs35929923	7	21400525	G	A	0.2548	-0.032	0.0505	-0.6336633663366337	0.5267	4735	Neurofibrillary_Tangles
rs2906667	7	21766996	C	T	0.5798	0.0314	0.045	0.6977777777777777	0.4844	4735	Neurofibrillary_Tangles
rs79265434	7	24621381	A	G	0.1133	-0.0606	0.0694	-0.873199	0.3822	4735	Neurofibrillary_Tangles
rs10240905	7	32263069	T	C	0.6333	-0.046	0.0454	-1.01322	0.3109	4735	Neurofibrillary_Tangles
rs6978797	7	34909303	T	C	0.3458	-0.0428	0.0472	-0.90678	0.3642	4735	Neurofibrillary_Tangles
rs10951590	7	39091043	C	T	0.3195	0.0383	0.0473	0.8097251585623678	0.4184	4735	Neurofibrillary_Tangles
rs13235423	7	40302219	G	A	0.4492	-0.0073	0.0435	-0.167816091954023	0.8674	4735	Neurofibrillary_Tangles
rs799447	7	44776574	T	G	0.6711	-0.1321	0.0486	-2.71811	0.006529999999999999	4735	Neurofibrillary_Tangles
rs12670376	7	48823154	G	A	0.4476	-0.0236	0.0432	-0.5462962962962963	0.5858	4735	Neurofibrillary_Tangles
rs17551064	7	49869771	A	G	0.1588	-0.0744	0.063	-1.18095	0.2378	4735	Neurofibrillary_Tangles
rs4288328	NA	NA	NA	NA	NA	NA	NA	NA	NA	NA	NA
rs6959891	7	54714000	A	G	0.2895	-0.0072	0.0554	-0.129964	0.8971	4735	Neurofibrillary_Tangles
rs74675246	7	70195619	G	A	0.0917	0.0816	0.0781	1.0448143405889885	0.2962	4735	Neurofibrillary_Tangles
rs35417702	7	71739916	C	T	0.5297	-0.0259	0.0435	-0.5954022988505747	0.5512	4735	Neurofibrillary_Tangles
rs1167827	7	75163169	A	G	0.5754	-0.0595	0.0439	-1.35535	0.17600000000000002	4735	Neurofibrillary_Tangles
rs4728638	7	75902030	C	T	0.1352	-0.1091	0.067	-1.6283582089552238	0.1033	4735	Neurofibrillary_Tangles
rs55923193	7	79453008	G	A	0.2193	0.0887	0.0537	1.6517690875232776	0.09847	4735	Neurofibrillary_Tangles
rs1208890	NA	NA	NA	NA	NA	NA	NA	NA	NA	NA	NA
rs41371748	7	91708219	T	C	0.3908	-0.0899	0.0453	-1.98455	0.0471	4735	Neurofibrillary_Tangles
rs10215082	7	92657985	A	G	0.5352	0.0373	0.0462	0.807359	0.4195	4735	Neurofibrillary_Tangles
rs2404976	7	99562155	C	A	0.2562	0.0764	0.0543	1.4069981583793738	0.1595	4735	Neurofibrillary_Tangles
rs401966	NA	NA	NA	NA	NA	NA	NA	NA	NA	NA	NA
rs9655780	7	104667334	G	A	0.8238	-0.0281	0.0595	-0.47226890756302525	0.6367	4735	Neurofibrillary_Tangles
rs3807884	7	111845773	T	C	0.1434	-0.0089	0.0633	-0.1406	0.8887	4735	Neurofibrillary_Tangles
rs117521646	7	112881626	C	A	0.0221	0.1385	0.2093	0.661729574773053	0.5081	4735	Neurofibrillary_Tangles
rs10215153	7	116399131	G	A	0.3138	-0.0168	0.0467	-0.35974304068522484	0.7196	4735	Neurofibrillary_Tangles
rs6969783	NA	NA	NA	NA	NA	NA	NA	NA	NA	NA	NA
rs11769307	NA	NA	NA	NA	NA	NA	NA	NA	NA	NA	NA
rs113520408	7	128402782	G	A	0.2789	0.1134	0.0494	2.2955465587044537	0.02172	4735	Neurofibrillary_Tangles
rs7795598	7	132559273	G	A	0.6912	0.0641	0.0466	1.3755364806866952	0.1688	4735	Neurofibrillary_Tangles
rs57352738	NA	NA	NA	NA	NA	NA	NA	NA	NA	NA	NA
rs4732142	7	135443815	G	A	0.4355	0.0603	0.044000000000000004	1.3704545454545454	0.1708	4735	Neurofibrillary_Tangles
rs1047586	7	150035459	T	G	0.2662	-0.0484	0.0492	-0.98374	0.3254	4735	Neurofibrillary_Tangles
rs4726070	7	151328218	G	A	0.5998	0.01	0.0442	0.22624434389140272	0.8208	4735	Neurofibrillary_Tangles
rs4716882	7	157818850	T	C	0.7498	-0.0036	0.0513	-0.0701754	0.9447	4735	Neurofibrillary_Tangles
rs12676895	8	763540	A	G	0.2473	0.02	0.0516	0.387597	0.6987	4735	Neurofibrillary_Tangles
rs12678075	NA	NA	NA	NA	NA	NA	NA	NA	NA	NA	NA
rs73191311	8	4796094	G	A	0.3275	0.0276	0.0475	0.5810526315789474	0.5608	4735	Neurofibrillary_Tangles
rs6994287	8	9340932	G	A	0.4109	0.0326	0.0451	0.7228381374722838	0.4693	4735	Neurofibrillary_Tangles
rs575079	8	9782145	G	A	0.8159	-0.0922	0.0596	-1.5469798657718121	0.1221	4735	Neurofibrillary_Tangles
rs1105218	NA	NA	NA	NA	NA	NA	NA	NA	NA	NA	NA
rs2898458	8	17913813	G	A	0.6667	0.1246	0.0465	2.6795698924731184	0.007365999999999999	4735	Neurofibrillary_Tangles
rs17408078	NA	NA	NA	NA	NA	NA	NA	NA	NA	NA	NA
rs34807077	8	28680769	C	A	0.1599	0.0601	0.0598	1.0050167224080269	0.3153	4735	Neurofibrillary_Tangles
rs2725370	8	30852826	T	C	0.7019	0.0719	0.0476	1.5105	0.1312	4735	Neurofibrillary_Tangles
rs4376462	8	31359814	T	G	0.5837	0.0114	0.0457	0.249453	0.8039	4735	Neurofibrillary_Tangles
rs56131485	8	41805173	A	C	0.0919	0.0888	0.0973	0.912641	0.3614	4735	Neurofibrillary_Tangles
rs2923424	8	42382222	A	G	0.3856	-0.065	0.0449	-1.44766	0.1476	4735	Neurofibrillary_Tangles
rs2929032	8	56371745	A	G	0.5224	0.029	0.0436	0.665138	0.5061	4735	Neurofibrillary_Tangles
rs1866823	8	57436577	G	A	0.5523	0.0278	0.0447	0.6219239373601789	0.5334	4735	Neurofibrillary_Tangles
rs16930419	8	64307305	A	G	0.1032	-0.094	0.0708	-1.32768	0.1847	4735	Neurofibrillary_Tangles
rs4384017	8	66522662	G	A	0.3227	-0.0014	0.0468	-0.029914529914529912	0.9753	4735	Neurofibrillary_Tangles
rs13275199	8	68345016	G	A	0.182	0.1098	0.0585	1.8769230769230767	0.06065	4735	Neurofibrillary_Tangles
rs66983327	8	76588178	G	A	0.3221	-0.005	0.047	-0.10638297872340426	0.9157	4735	Neurofibrillary_Tangles
rs56099375	8	77372988	C	T	0.227	-0.0123	0.0601	-0.20465890183028287	0.8374	4735	Neurofibrillary_Tangles
rs4320563	8	87769961	A	G	0.4874	0.0968	0.0438	2.21005	0.0273	4735	Neurofibrillary_Tangles
rs2631013	8	91908782	G	A	0.335	-0.0223	0.0464	-0.4806034482758621	0.6309	4735	Neurofibrillary_Tangles
rs35606437	8	93327532	G	A	0.2581	-0.0128	0.0499	-0.25651302605210424	0.7971	4735	Neurofibrillary_Tangles
rs9642928	NA	NA	NA	NA	NA	NA	NA	NA	NA	NA	NA
rs1786313	8	101737075	C	T	0.3177	-0.0061	0.0469	-0.1300639658848614	0.8965	4735	Neurofibrillary_Tangles
rs7012546	8	105067737	C	T	0.4171	0.0412	0.0449	0.9175946547884186	0.3588	4735	Neurofibrillary_Tangles
rs139031984	8	106402178	A	G	0.029	-0.1132	0.2059	-0.549781	0.5824	4735	Neurofibrillary_Tangles
rs7812810	8	107604587	G	A	0.1532	0.043	0.0606	0.7095709570957095	0.4777	4735	Neurofibrillary_Tangles
rs72672052	NA	NA	NA	NA	NA	NA	NA	NA	NA	NA	NA
rs4298514	8	118932887	C	T	0.702	0.0583	0.0485	1.202061855670103	0.2295	4735	Neurofibrillary_Tangles
rs13261773	NA	NA	NA	NA	NA	NA	NA	NA	NA	NA	NA
rs401526	8	130929166	T	C	0.4844	-0.0495	0.0438	-1.13014	0.2583	4735	Neurofibrillary_Tangles
rs13270165	8	132144401	C	T	0.4334	-0.0225	0.0444	-0.5067567567567567	0.6116	4735	Neurofibrillary_Tangles
rs62524716	8	135450378	A	G	0.2955	-0.0472	0.0479	-0.985386	0.3245	4735	Neurofibrillary_Tangles
rs2977467	NA	NA	NA	NA	NA	NA	NA	NA	NA	NA	NA
rs4437700	8	142247539	T	G	0.5723	0.0144	0.0446	0.32287	0.747	4735	Neurofibrillary_Tangles
rs746839	NA	NA	NA	NA	NA	NA	NA	NA	NA	NA	NA
rs144336753	NA	NA	NA	NA	NA	NA	NA	NA	NA	NA	NA
rs2306386	8	145742879	T	C	0.5024	0.0104	0.0434	0.239631	0.8097	4735	Neurofibrillary_Tangles
rs7849487	9	1757274	T	G	0.3295	0.0497	0.046	1.08043	0.2805	4735	Neurofibrillary_Tangles
rs11535405	9	3109407	A	G	0.3211	-0.0289	0.0466	-0.620172	0.5355	4735	Neurofibrillary_Tangles
rs56290664	NA	NA	NA	NA	NA	NA	NA	NA	NA	NA	NA
rs10511592	9	14149280	T	G	0.128	0.0071	0.068	0.104412	0.9165	4735	Neurofibrillary_Tangles
rs1323339	9	14444316	G	T	0.3832	-0.0757	0.0443	-1.708803611738149	0.08789	4735	Neurofibrillary_Tangles
rs10733289	9	14775859	G	A	0.593	-0.0121	0.0444	-0.2725225225225225	0.7862	4735	Neurofibrillary_Tangles
rs7029718	9	23358495	G	A	0.4074	-0.0498	0.0463	-1.0755939524838012	0.2817	4735	Neurofibrillary_Tangles
rs4977885	NA	NA	NA	NA	NA	NA	NA	NA	NA	NA	NA
rs1758726	9	25352201	C	T	0.2364	0.0483	0.0512	0.943359375	0.3452	4735	Neurofibrillary_Tangles
rs7041702	9	33053430	A	G	0.2561	-0.0281	0.0492	-0.571138	0.5677	4735	Neurofibrillary_Tangles
rs2381400	9	35776419	G	A	0.2911	0.0372	0.0485	0.7670103092783505	0.4435	4735	Neurofibrillary_Tangles
rs11138947	9	72110562	C	T	0.7229	-0.0387	0.048	-0.8062499999999999	0.4205	4735	Neurofibrillary_Tangles
rs9886703	NA	NA	NA	NA	NA	NA	NA	NA	NA	NA	NA
rs55887402	NA	NA	NA	NA	NA	NA	NA	NA	NA	NA	NA
rs10780443	9	83242260	C	T	0.7644	0.0066	0.051	0.12941176470588237	0.8976	4735	Neurofibrillary_Tangles
rs7040995	NA	NA	NA	NA	NA	NA	NA	NA	NA	NA	NA
rs62554475	9	92443570	T	C	0.1996	-0.0107	0.0616	-0.173701	0.8627	4735	Neurofibrillary_Tangles
rs10761251	NA	NA	NA	NA	NA	NA	NA	NA	NA	NA	NA
rs7031988	9	99105292	G	A	0.1689	0.043	0.0597	0.7202680067001674	0.4711	4735	Neurofibrillary_Tangles
rs7868164	9	108896130	T	C	0.7983	0.0534	0.0548	0.974453	0.3293	4735	Neurofibrillary_Tangles
rs2134063	9	109695139	A	G	0.1481	0.0224	0.0636	0.352201	0.7255	4735	Neurofibrillary_Tangles
rs10979613	9	111687584	T	C	0.3666	0.006	0.0453	0.13245	0.8952	4735	Neurofibrillary_Tangles
rs76235882	9	121096681	A	G	0.0159	0.0941	0.2187	0.43027	0.6669	4735	Neurofibrillary_Tangles
rs10760023	NA	NA	NA	NA	NA	NA	NA	NA	NA	NA	NA
rs1024708	9	122293908	T	C	0.5024	0.0508	0.0435	1.16782	0.243	4735	Neurofibrillary_Tangles
rs7044106	NA	NA	NA	NA	NA	NA	NA	NA	NA	NA	NA
rs12375949	9	124617900	T	C	0.5702	0.006	0.0443	0.13544	0.8927	4735	Neurofibrillary_Tangles
rs10760213	9	124980130	G	A	0.3657	0.0235	0.0473	0.4968287526427061	0.6191	4735	Neurofibrillary_Tangles
rs9411331	9	134883419	C	A	0.6868	0.0858	0.0473	1.813953488372093	0.06982000000000001	4735	Neurofibrillary_Tangles
rs1045740	9	135569919	A	G	0.2178	-0.065	0.0531	-1.22411	0.2208	4735	Neurofibrillary_Tangles
rs145587141	9	136941088	G	A	0.1678	-0.0747	0.2457	-0.30402930402930406	0.7612	4735	Neurofibrillary_Tangles
rs73581580	9	140251458	G	A	0.2427	-0.0278	0.0752	-0.36968085106382975	0.7120000000000001	4735	Neurofibrillary_Tangles
rs66797613	10	1090469	C	T	0.1961	9e-4	0.0555	0.016216216216216217	0.9877	4735	Neurofibrillary_Tangles
rs6601785	10	3991102	C	T	0.3218	0.1062	0.0565	1.879646017699115	0.06012000000000001	4735	Neurofibrillary_Tangles
rs7894722	10	9972046	C	T	0.3787	-0.053	0.0457	-1.1597374179431073	0.2461	4735	Neurofibrillary_Tangles
rs12783907	NA	NA	NA	NA	NA	NA	NA	NA	NA	NA	NA
rs1747714	10	11161316	T	C	0.4639	0.0424	0.044000000000000004	0.963636	0.3343	4735	Neurofibrillary_Tangles
rs2183271	10	21957229	T	C	0.3623	0.0446	0.0461	0.967462	0.3334	4735	Neurofibrillary_Tangles
rs11598765	NA	NA	NA	NA	NA	NA	NA	NA	NA	NA	NA
rs806816	NA	NA	NA	NA	NA	NA	NA	NA	NA	NA	NA
rs2007655	10	34586689	T	G	0.495	-0.0236	0.0434	-0.543779	0.5873	4735	Neurofibrillary_Tangles
rs11003463	10	51801793	T	G	0.4189	0.0454	0.0455	0.997802	0.3179	4735	Neurofibrillary_Tangles
rs2127609	10	52908686	G	A	0.0938	0.0512	0.0794	0.6448362720403024	0.5188	4735	Neurofibrillary_Tangles
rs12573018	10	55842553	C	T	0.6869	0.0032	0.0473	0.06765327695560254	0.9468	4735	Neurofibrillary_Tangles
rs2588917	10	63524979	C	A	0.4486	0.0147	0.0444	0.33108108108108103	0.7412	4735	Neurofibrillary_Tangles
rs7924036	10	65191645	G	T	0.5294	0.0033	0.045	0.07333333333333333	0.9419	4735	Neurofibrillary_Tangles
rs10996167	NA	NA	NA	NA	NA	NA	NA	NA	NA	NA	NA
rs7920624	NA	NA	NA	NA	NA	NA	NA	NA	NA	NA	NA
rs9415068	10	74113333	T	C	0.6297	0.0872	0.0462	1.88745	0.0593	4735	Neurofibrillary_Tangles
rs2488697	10	77054052	T	C	0.7192	-0.0372	0.0504	-0.738095	0.4604	4735	Neurofibrillary_Tangles
rs10786544	10	83243165	C	T	0.6611	0.0034	0.0465	0.07311827956989247	0.9421	4735	Neurofibrillary_Tangles
rs7910403	NA	NA	NA	NA	NA	NA	NA	NA	NA	NA	NA
rs1426619	10	90091540	C	T	0.4346	0.0375	0.0434	0.8640552995391705	0.3884	4735	Neurofibrillary_Tangles
rs7077656	10	93369749	A	G	0.6319	0.0134	0.0454	0.295154	0.7671	4735	Neurofibrillary_Tangles
rs506023	10	99696316	T	C	0.2297	0.0076	0.0519	0.146435	0.8836	4735	Neurofibrillary_Tangles
rs17882802	10	101983413	G	A	0.4328	-0.0613	0.0442	-1.3868778280542986	0.1657	4735	Neurofibrillary_Tangles
rs73344830	10	103816828	A	G	0.5703	3e-4	0.0446	0.00672646	0.9938	4735	Neurofibrillary_Tangles
rs790647	10	106776484	C	A	0.221	-0.033	0.0589	-0.5602716468590833	0.5761	4735	Neurofibrillary_Tangles
rs12571549	10	111770013	G	A	0.1358	-0.0143	0.0637	-0.22448979591836732	0.8226	4735	Neurofibrillary_Tangles
rs1865955	10	118837990	C	T	0.8301	0.0027	0.0584	0.04623287671232877	0.963	4735	Neurofibrillary_Tangles
rs11594455	10	122597757	T	C	0.0371	0.125	0.1386	0.901876	0.36700000000000005	4735	Neurofibrillary_Tangles
rs4384309	10	133110596	G	A	0.4921	0.045	0.0463	0.9719222462203023	0.3309	4735	Neurofibrillary_Tangles
rs12761761	10	133775375	C	T	0.2384	-0.0544	0.0519	-1.048169556840077	0.2946	4735	Neurofibrillary_Tangles
rs7083603	10	133938279	C	T	0.4895	-0.0405	0.0457	-0.8862144420131292	0.3752	4735	Neurofibrillary_Tangles
rs10870290	10	134113300	C	T	0.3552	-0.0432	0.0464	-0.9310344827586208	0.35200000000000004	4735	Neurofibrillary_Tangles
rs12765185	NA	NA	NA	NA	NA	NA	NA	NA	NA	NA	NA
rs12419444	11	2209658	C	T	0.2086	-0.1238	0.0632	-1.9588607594936707	0.05002	4735	Neurofibrillary_Tangles
rs7928622	NA	NA	NA	NA	NA	NA	NA	NA	NA	NA	NA
rs4757957	NA	NA	NA	NA	NA	NA	NA	NA	NA	NA	NA
rs11023764	NA	NA	NA	NA	NA	NA	NA	NA	NA	NA	NA
rs7109593	11	24722990	A	G	0.2333	-0.011	0.0519	-0.211946	0.8313	4735	Neurofibrillary_Tangles
rs12789313	11	25058937	T	C	0.5099	-0.0046	0.0434	-0.105991	0.9163	4735	Neurofibrillary_Tangles
rs11030102	NA	NA	NA	NA	NA	NA	NA	NA	NA	NA	NA
rs4923556	11	28687766	T	C	0.3507	7e-4	0.0459	0.0152505	0.9884	4735	Neurofibrillary_Tangles
rs324291	11	29703452	T	C	0.5106	0.0026	0.0463	0.0561555	0.9546	4735	Neurofibrillary_Tangles
rs2199409	11	39915234	T	C	0.2077	-0.1066	0.053900000000000003	-1.97774	0.048010000000000004	4735	Neurofibrillary_Tangles
rs12224434	11	43157011	C	T	0.0776	-0.1214	0.0822	-1.4768856447688565	0.1395	4735	Neurofibrillary_Tangles
rs79728014	11	46062245	A	G	0.1334	0.0673	0.0666	1.01051	0.3117	4735	Neurofibrillary_Tangles
rs58385891	11	46348663	G	A	0.1717	0.0717	0.064	1.1203125	0.2629	4735	Neurofibrillary_Tangles
rs1783976	11	57462752	T	C	0.5493	-0.0132	0.0438	-0.30137	0.7626	4735	Neurofibrillary_Tangles
rs17827816	11	61464525	C	T	0.3765	0.0767	0.0453	1.6931567328918322	0.09024	4735	Neurofibrillary_Tangles
rs1058678	11	62361037	T	C	0.1596	-0.004	0.0641	-0.0624025	0.9497	4735	Neurofibrillary_Tangles
rs181164682	NA	NA	NA	NA	NA	NA	NA	NA	NA	NA	NA
rs76878669	NA	NA	NA	NA	NA	NA	NA	NA	NA	NA	NA
rs72962169	NA	NA	NA	NA	NA	NA	NA	NA	NA	NA	NA
rs10899271	11	76441077	C	T	0.2531	0.0464	0.0506	0.91699604743083	0.3586	4735	Neurofibrillary_Tangles
rs79604156	11	79143687	A	G	0.1129	-0.1012	0.0695	-1.45612	0.1452	4735	Neurofibrillary_Tangles
rs10897561	11	79898660	T	C	0.3414	-0.0529	0.0472	-1.12076	0.2617	4735	Neurofibrillary_Tangles
rs72941198	11	80334972	A	G	0.12	0.0078	0.0747	0.104418	0.9169	4735	Neurofibrillary_Tangles
rs1783805	11	90430375	T	G	0.39	-0.0248	0.045	-0.551111	0.5816	4735	Neurofibrillary_Tangles
rs73538816	11	91825462	A	G	0.2901	-0.0652	0.0473	-1.37844	0.1679	4735	Neurofibrillary_Tangles
rs1792337	11	92431686	T	C	0.3253	0.0174	0.046	0.378261	0.7045	4735	Neurofibrillary_Tangles
rs488476	NA	NA	NA	NA	NA	NA	NA	NA	NA	NA	NA
rs4754647	11	99714232	G	T	0.5635	-0.08	0.0448	-1.7857142857142858	0.07415	4735	Neurofibrillary_Tangles
rs582479	11	105812436	T	C	0.6146	0.0196	0.0447	0.438479	0.6609999999999999	4735	Neurofibrillary_Tangles
rs12288600	11	107187963	C	A	0.2136	0.013999999999999999	0.0565	0.247787610619469	0.8037	4735	Neurofibrillary_Tangles
rs2212430	11	109289538	C	T	0.3001	0.037000000000000005	0.048	0.7708333333333334	0.441	4735	Neurofibrillary_Tangles
rs11213482	11	110435636	A	G	0.1708	0.1288	0.0788	1.63452	0.102	4735	Neurofibrillary_Tangles
rs17565975	11	111586950	G	A	0.5417	-0.0282	0.0445	-0.6337078651685394	0.526	4735	Neurofibrillary_Tangles
rs4561221	NA	NA	NA	NA	NA	NA	NA	NA	NA	NA	NA
rs10892807	11	121998254	C	T	0.4954	-0.0063	0.05	-0.126	0.9004	4735	Neurofibrillary_Tangles
rs12574281	11	131205421	A	C	0.4126	-0.0199	0.0439	-0.453303	0.6508	4735	Neurofibrillary_Tangles
rs78833645	11	131313602	C	T	0.1408	0.0035	0.0663	0.05279034690799397	0.9576	4735	Neurofibrillary_Tangles
rs9633970	11	132502212	C	T	0.778	-0.0464	0.0542	-0.8560885608856088	0.3921	4735	Neurofibrillary_Tangles
rs12273435	11	133825855	G	A	0.1397	0.0074	0.0692	0.1069364161849711	0.9144	4735	Neurofibrillary_Tangles
rs7311746	12	947363	C	T	0.521	0.0189	0.0441	0.42857142857142855	0.6687	4735	Neurofibrillary_Tangles
rs4766424	NA	NA	NA	NA	NA	NA	NA	NA	NA	NA	NA
rs2239016	12	2283392	A	G	0.3247	0.0088	0.0471	0.186837	0.8513	4735	Neurofibrillary_Tangles
rs11053635	12	10300753	A	G	0.4868	-0.0779	0.0907	-0.858875	0.3903	4735	Neurofibrillary_Tangles
rs10772644	NA	NA	NA	NA	NA	NA	NA	NA	NA	NA	NA
rs7974852	12	14511679	A	C	0.4751	-0.0048	0.0442	-0.108597	0.9143	4735	Neurofibrillary_Tangles
rs58368403	12	15359047	C	A	0.3281	-0.0309	0.0474	-0.6518987341772152	0.515	4735	Neurofibrillary_Tangles
rs17607432	12	16766485	T	C	0.2439	-0.0287	0.0513	-0.559454	0.5751	4735	Neurofibrillary_Tangles
rs61920325	12	26721619	C	T	0.2354	-0.0114	0.0514	-0.22178988326848248	0.8244	4735	Neurofibrillary_Tangles
rs7972246	12	27209328	C	T	0.3416	-0.0133	0.0456	-0.29166666666666663	0.7704	4735	Neurofibrillary_Tangles
rs3844104	12	31797108	G	A	0.7721	0.0276	0.0537	0.5139664804469274	0.6076	4735	Neurofibrillary_Tangles
rs10844179	12	32469601	A	G	0.7877	-0.0523	0.0533	-0.981238	0.3267	4735	Neurofibrillary_Tangles
rs80257979	12	49402562	T	G	0.0367	-0.0058	0.1225	-0.0473469	0.9625	4735	Neurofibrillary_Tangles
rs11168862	12	49505958	A	G	0.3482	0.0765	0.047	1.62766	0.1037	4735	Neurofibrillary_Tangles
rs17110109	12	54668908	T	C	0.3746	-0.0096	0.0458	-0.209607	0.8333	4735	Neurofibrillary_Tangles
rs1689510	NA	NA	NA	NA	NA	NA	NA	NA	NA	NA	NA
rs3751331	12	58290278	G	A	0.3609	-0.0267	0.046	-0.5804347826086957	0.5617	4735	Neurofibrillary_Tangles
rs11173452	12	60819044	T	G	0.1715	0.0096	0.057999999999999996	0.165517	0.8687	4735	Neurofibrillary_Tangles
rs2951531	12	62474357	A	G	0.2559	0.0013	0.0503	0.0258449	0.9791	4735	Neurofibrillary_Tangles
rs1161092	12	67722012	G	A	0.6765	0.068	0.0462	1.471861471861472	0.1414	4735	Neurofibrillary_Tangles
rs7954407	12	74127780	C	A	0.3674	-0.0036	0.0456	-0.07894736842105263	0.9369	4735	Neurofibrillary_Tangles
rs4600256	12	78612680	G	A	0.8561	0.0758	0.0614	1.234527687296417	0.2172	4735	Neurofibrillary_Tangles
rs11115053	12	82243872	C	T	0.1607	-0.0535	0.0587	-0.9114139693356047	0.3616	4735	Neurofibrillary_Tangles
rs717996	12	84133820	C	T	0.6048	-0.0388	0.0456	-0.8508771929824561	0.3943	4735	Neurofibrillary_Tangles
rs2216144	12	97666478	T	C	0.4932	0.0204	0.0429	0.475524	0.6337	4735	Neurofibrillary_Tangles
rs10507090	12	97945212	G	T	0.1171	-0.0882	0.069	-1.2782608695652173	0.2011	4735	Neurofibrillary_Tangles
rs2131167	12	99633189	G	A	0.4623	0.03	0.0445	0.6741573033707865	0.4998	4735	Neurofibrillary_Tangles
rs2098432	12	107677693	G	A	0.3578	-0.0161	0.0442	-0.36425339366515835	0.715	4735	Neurofibrillary_Tangles
rs7977614	12	110115286	A	G	0.2881	-0.0292	0.0533	-0.547842	0.5835	4735	Neurofibrillary_Tangles
rs145480052	12	111140401	C	T	0.1031	0.0506	0.0734	0.6893732970027248	0.4908	4735	Neurofibrillary_Tangles
rs12310837	12	120880572	A	G	0.192	-0.1196	0.0553	-2.16275	0.0306	4735	Neurofibrillary_Tangles
rs697854	12	121184931	A	G	0.4476	-0.0654	0.0491	-1.33198	0.183	4735	Neurofibrillary_Tangles
rs12830351	12	122475739	C	T	0.556	0.0404	0.0459	0.8801742919389978	0.3792	4735	Neurofibrillary_Tangles
rs10773208	12	122970156	T	C	0.7469	-0.0244	0.0503	-0.485089	0.6273	4735	Neurofibrillary_Tangles
rs10773002	NA	NA	NA	NA	NA	NA	NA	NA	NA	NA	NA
rs10794424	NA	NA	NA	NA	NA	NA	NA	NA	NA	NA	NA
rs6490618	13	21338343	C	T	0.323	0.0154	0.0468	0.32905982905982906	0.7428	4735	Neurofibrillary_Tangles
rs1571188	13	31641831	C	T	0.5558	-0.0108	0.0443	-0.24379232505643342	0.8076	4735	Neurofibrillary_Tangles
rs9529146	13	31785404	T	C	0.7707	0.044	0.0533	0.825516	0.4093	4735	Neurofibrillary_Tangles
rs12873895	13	36299419	A	G	0.1469	0.0472	0.062	0.76129	0.446	4735	Neurofibrillary_Tangles
rs9594624	13	42313317	C	T	0.3309	-0.0103	0.0469	-0.21961620469083157	0.8256	4735	Neurofibrillary_Tangles
rs770381	13	51140911	G	A	0.5432	0.092	0.044000000000000004	2.090909090909091	0.03656	4735	Neurofibrillary_Tangles
rs12552	13	53625781	A	G	0.5617	0.0117	0.0439	0.266515	0.7898	4735	Neurofibrillary_Tangles
rs12875339	13	55722033	A	C	0.3479	-0.0187	0.0454	-0.411894	0.6804	4735	Neurofibrillary_Tangles
rs1334297	13	58335375	G	A	0.7334	0.0161	0.0492	0.32723577235772355	0.7428	4735	Neurofibrillary_Tangles
rs9645948	13	62269878	T	C	0.3454	-0.021	0.0457	-0.459519	0.6457	4735	Neurofibrillary_Tangles
rs12864905	13	66933167	C	T	0.4837	0.0434	0.0437	0.9931350114416475	0.3207	4735	Neurofibrillary_Tangles
rs7321274	13	69146186	A	G	0.2029	0.0415	0.0545	0.761468	0.4463	4735	Neurofibrillary_Tangles
rs9542674	13	71955743	G	T	0.257	0.0519	0.0507	1.0236686390532543	0.30620000000000003	4735	Neurofibrillary_Tangles
rs9530292	13	74831966	A	G	0.2447	-0.0235	0.0505	-0.465347	0.6421	4735	Neurofibrillary_Tangles
rs2478208	NA	NA	NA	NA	NA	NA	NA	NA	NA	NA	NA
rs1927719	NA	NA	NA	NA	NA	NA	NA	NA	NA	NA	NA
rs7326331	13	91615838	G	A	0.2745	-0.0047	0.049	-0.09591836734693877	0.9229999999999999	4735	Neurofibrillary_Tangles
rs11620355	13	92044587	G	A	0.0952	0.0074	0.075	0.09866666666666668	0.9211	4735	Neurofibrillary_Tangles
rs9516119	13	93331053	G	T	0.2037	0.0305	0.0547	0.5575868372943327	0.5771	4735	Neurofibrillary_Tangles
rs9556958	13	99100046	C	T	0.5194	-0.1003	0.0445	-2.253932584269663	0.02433	4735	Neurofibrillary_Tangles
rs7984311	13	100741752	G	A	0.3742	-0.0565	0.0464	-1.2176724137931036	0.2235	4735	Neurofibrillary_Tangles
rs4772462	NA	NA	NA	NA	NA	NA	NA	NA	NA	NA	NA
rs332649	13	108595347	G	A	0.5953	-0.0201	0.0451	-0.44567627494456763	0.6549	4735	Neurofibrillary_Tangles
rs8004294	14	21824283	G	A	0.9063	-0.0357	0.0753	-0.47410358565737054	0.6358	4735	Neurofibrillary_Tangles
rs11157931	14	23403193	A	C	0.6097	0.0797	0.0442	1.80317	0.07157999999999999	4735	Neurofibrillary_Tangles
rs178183	14	26979412	T	C	0.7457	0.008	0.0502	0.159363	0.8734	4735	Neurofibrillary_Tangles
rs176218	14	29600506	G	T	0.1888	0.0243	0.0563	0.43161634103019536	0.6662	4735	Neurofibrillary_Tangles
rs3783297	14	30064026	T	C	0.3557	-0.0213	0.0458	-0.465066	0.6415	4735	Neurofibrillary_Tangles
rs1475067	14	34016771	G	A	0.4192	0.0679	0.0442	1.5361990950226243	0.1242	4735	Neurofibrillary_Tangles
rs61994920	14	37125263	C	T	0.2823	-0.0141	0.0484	-0.2913223140495868	0.77	4735	Neurofibrillary_Tangles
rs72679494	14	40202513	C	T	0.0519	-0.0672	0.1139	-0.5899912203687445	0.5555	4735	Neurofibrillary_Tangles
rs72672601	14	42671683	A	G	0.4251	-0.057	0.0439	-1.29841	0.1948	4735	Neurofibrillary_Tangles
rs79099042	NA	NA	NA	NA	NA	NA	NA	NA	NA	NA	NA
rs28432035	14	45307328	C	T	0.0575	0.0223	0.0971	0.22966014418125644	0.8183	4735	Neurofibrillary_Tangles
rs12885303	14	56467692	T	C	0.0928	-0.0311	0.0744	-0.418011	0.6756	4735	Neurofibrillary_Tangles
rs61997667	14	57280046	C	T	0.1534	-0.0639	0.0618	-1.0339805825242718	0.301	4735	Neurofibrillary_Tangles
rs2180870	14	58782779	T	C	0.1428	-0.0755	0.063	-1.19841	0.2306	4735	Neurofibrillary_Tangles
rs4899012	NA	NA	NA	NA	NA	NA	NA	NA	NA	NA	NA
rs1256059	14	64710417	A	G	0.5589	-0.0367	0.0432	-0.849537	0.3958	4735	Neurofibrillary_Tangles
rs1147444	14	66466707	C	T	0.3213	-0.0524	0.0471	-1.1125265392781316	0.2654	4735	Neurofibrillary_Tangles
rs12888615	14	72435705	C	T	0.2038	-0.0795	0.055999999999999994	-1.4196428571428572	0.1554	4735	Neurofibrillary_Tangles
rs2332752	NA	NA	NA	NA	NA	NA	NA	NA	NA	NA	NA
rs8015382	14	73879279	A	G	0.7187	0.0375	0.0499	0.751503	0.4529	4735	Neurofibrillary_Tangles
rs730384	14	74889870	G	A	0.4528	0.1112	0.044000000000000004	2.527272727272727	0.01142	4735	Neurofibrillary_Tangles
rs2998299	14	84997363	T	G	0.7867	-0.0036	0.0547	-0.0658135	0.9476	4735	Neurofibrillary_Tangles
rs6575022	14	89279099	A	G	0.5767	0.0357	0.044000000000000004	0.811364	0.4172	4735	Neurofibrillary_Tangles
rs4904523	14	89723630	G	A	0.5157	-0.0377	0.0436	-0.8646788990825688	0.387	4735	Neurofibrillary_Tangles
rs12880900	14	89847011	C	T	0.49370000000000003	-0.0153	0.0442	-0.3461538461538461	0.7291	4735	Neurofibrillary_Tangles
rs2496482	14	99750164	C	T	0.4043	0.0034	0.0482	0.07053941908713693	0.9432	4735	Neurofibrillary_Tangles
rs2277463	14	101539762	A	G	0.445	0.0179	0.0456	0.392544	0.6944	4735	Neurofibrillary_Tangles
rs2401044	NA	NA	NA	NA	NA	NA	NA	NA	NA	NA	NA
rs8008382	14	104054425	T	C	0.6924	0.0253	0.0475	0.532632	0.5946	4735	Neurofibrillary_Tangles
rs7167688	15	26813137	C	T	0.494	0.0894	0.0436	2.05045871559633	0.04052	4735	Neurofibrillary_Tangles
rs891793	NA	NA	NA	NA	NA	NA	NA	NA	NA	NA	NA
rs4068854	15	27988078	C	T	0.5398	-0.1392	0.1094	-1.2723948811700183	0.2032	4735	Neurofibrillary_Tangles
rs2176783	15	37413999	A	G	0.2619	0.0597	0.0491	1.21589	0.2236	4735	Neurofibrillary_Tangles
rs4924258	NA	NA	NA	NA	NA	NA	NA	NA	NA	NA	NA
rs12909095	15	43558142	A	G	0.2235	0.0325	0.0515	0.631068	0.5283	4735	Neurofibrillary_Tangles
rs6493265	15	47513253	C	T	0.3799	-0.0367	0.0454	-0.8083700440528635	0.4186	4735	Neurofibrillary_Tangles
rs35514320	15	51404934	G	A	0.3939	0.0559	0.0452	1.2367256637168142	0.2164	4735	Neurofibrillary_Tangles
rs12438177	15	55951432	A	G	0.6283	0.0349	0.0451	0.773836	0.44	4735	Neurofibrillary_Tangles
rs7171405	15	61466893	G	A	0.253	-0.0096	0.0499	-0.19238476953907813	0.8468	4735	Neurofibrillary_Tangles
rs72745220	15	63388937	G	A	0.7363	0.053900000000000003	0.0534	1.0093632958801497	0.3132	4735	Neurofibrillary_Tangles
rs4984295	15	63792023	T	C	0.1405	-0.0826	0.0633	-1.3049	0.1919	4735	Neurofibrillary_Tangles
rs12591647	15	65959729	T	C	0.1788	-0.0464	0.0577	-0.804159	0.4213	4735	Neurofibrillary_Tangles
rs936228	15	75132164	T	C	0.7262	0.0889	0.0481	1.84823	0.06475	4735	Neurofibrillary_Tangles
rs2469226	NA	NA	NA	NA	NA	NA	NA	NA	NA	NA	NA
rs56391344	15	78006899	G	A	0.2597	-0.0265	0.0522	-0.5076628352490421	0.6119	4735	Neurofibrillary_Tangles
rs28883606	15	82509054	A	G	0.3608	0.0502	0.0459	1.09368	0.2735	4735	Neurofibrillary_Tangles
rs62009354	NA	NA	NA	NA	NA	NA	NA	NA	NA	NA	NA
rs4778058	15	93456069	T	C	0.4959	0.03	0.0458	0.655022	0.5126	4735	Neurofibrillary_Tangles
rs2575425	15	96397777	T	C	0.1241	0.0014	0.0679	0.0206186	0.9836	4735	Neurofibrillary_Tangles
rs4984541	15	96911139	A	G	0.2452	-0.0676	0.0569	-1.18805	0.2349	4735	Neurofibrillary_Tangles
rs8030487	15	97119595	A	G	0.3072	0.014	0.0481	0.29106	0.7711	4735	Neurofibrillary_Tangles
rs4984913	16	740466	A	G	0.2585	0.0473	0.0507	0.932939	0.3504	4735	Neurofibrillary_Tangles
rs9933256	16	1246748	A	G	0.3068	0.0639	0.0569	1.12302	0.2616	4735	Neurofibrillary_Tangles
rs1859249	NA	NA	NA	NA	NA	NA	NA	NA	NA	NA	NA
rs34098770	16	12237812	G	A	0.1486	0.09	0.0622	1.4469453376205788	0.1482	4735	Neurofibrillary_Tangles
rs9924758	NA	NA	NA	NA	NA	NA	NA	NA	NA	NA	NA
rs9927842	16	15153717	T	C	0.8525	0.0415	0.0628	0.660828	0.5084	4735	Neurofibrillary_Tangles
rs6497339	NA	NA	NA	NA	NA	NA	NA	NA	NA	NA	NA
rs8049014	16	24698903	G	A	0.7401	-0.0239	0.0498	-0.47991967871485947	0.6306	4735	Neurofibrillary_Tangles
rs4787457	16	28555400	A	G	0.3537	0.0599	0.0455	1.31648	0.1875	4735	Neurofibrillary_Tangles
rs67693285	16	30623979	T	G	0.4516	-0.0145	0.0478	-0.303347	0.7612	4735	Neurofibrillary_Tangles
rs28612075	NA	NA	NA	NA	NA	NA	NA	NA	NA	NA	NA
rs2292156	16	49765133	G	T	0.1538	0.1494	0.0624	2.3942307692307696	0.01665	4735	Neurofibrillary_Tangles
rs2052285	16	51188432	G	A	0.5974	-0.0728	0.0475	-1.5326315789473686	0.1258	4735	Neurofibrillary_Tangles
rs3809634	16	53538157	A	G	0.3222	-0.0167	0.0474	-0.352321	0.7245	4735	Neurofibrillary_Tangles
rs17248751	16	61579618	A	G	0.2121	-0.0277	0.054000000000000006	-0.512963	0.6077	4735	Neurofibrillary_Tangles
rs9929556	16	62193640	T	G	0.4343	0.0361	0.0441	0.818594	0.4136	4735	Neurofibrillary_Tangles
rs818391	16	65439486	A	G	0.1945	-0.0225	0.0555	-0.405405	0.6849	4735	Neurofibrillary_Tangles
rs7193537	16	67755808	A	G	0.1551	0.0222	0.0627	0.354067	0.7237	4735	Neurofibrillary_Tangles
rs17604349	16	72210865	G	A	0.1822	0.0288	0.0569	0.5061511423550088	0.61240000000000006	4735	Neurofibrillary_Tangles
rs4888010	16	73895046	G	A	0.4615	0.0063	0.0459	0.1372549019607843	0.8908	4735	Neurofibrillary_Tangles
rs12149425	16	76247076	T	C	0.2961	0.0309	0.0482	0.641079	0.522	4735	Neurofibrillary_Tangles
rs9929762	16	78169675	A	G	0.4466	-0.0235	0.0439	-0.535308	0.5931	4735	Neurofibrillary_Tangles
rs11645901	16	82641731	T	C	0.4752	0.0704	0.0461	1.52711	0.127	4735	Neurofibrillary_Tangles
rs61527214	16	83608599	G	A	0.4017	-0.0473	0.0469	-1.0085287846481876	0.3131	4735	Neurofibrillary_Tangles
rs74415461	16	89990843	C	T	0.0519	-0.172	0.1644	-1.0462287104622872	0.2955	4735	Neurofibrillary_Tangles
rs8068017	17	1321116	T	C	0.6784	0.0178	0.0469	0.379531	0.7049	4735	Neurofibrillary_Tangles
rs2447097	17	2278064	T	G	0.5292	1e-4	0.0447	0.00223714	0.9989	4735	Neurofibrillary_Tangles
rs34400969	17	3864442	G	A	0.1616	-0.0675	0.0615	-1.0975609756097562	0.2728	4735	Neurofibrillary_Tangles
rs17732878	17	7362359	T	C	0.214	0.0067	0.0533	0.125704	0.9	4735	Neurofibrillary_Tangles
rs62063062	17	8023025	A	G	0.0982	-0.0604	0.0792	-0.762626	0.4459	4735	Neurofibrillary_Tangles
rs4924813	17	17616619	A	G	0.8668	0.0566	0.0653	0.866769	0.3859	4735	Neurofibrillary_Tangles
rs12602286	17	19236954	G	T	0.8772	-0.0432	0.068	-0.6352941176470588	0.5249	4735	Neurofibrillary_Tangles
rs11653144	17	27675226	C	T	0.3452	-0.012	0.0466	-0.2575107296137339	0.7963	4735	Neurofibrillary_Tangles
rs1842713	17	33200385	A	G	0.2056	0.0303	0.0547	0.553931	0.5795	4735	Neurofibrillary_Tangles
rs17619821	17	34944593	G	A	0.4074	-0.0749	0.045	-1.6644444444444444	0.09595	4735	Neurofibrillary_Tangles
rs45530735	17	42334012	C	T	0.6672	-0.0087	0.0499	-0.17434869739478956	0.8611	4735	Neurofibrillary_Tangles
rs11871429	17	42920929	A	G	0.2274	0.0021	0.0516	0.0406977	0.9682	4735	Neurofibrillary_Tangles
rs56319902	17	43871982	C	T	0.2157	0.0485	0.0533	0.9099437148217636	0.3625	4735	Neurofibrillary_Tangles
rs1008834	NA	NA	NA	NA	NA	NA	NA	NA	NA	NA	NA
rs1359928	17	50386095	G	T	0.3338	0.0038	0.0462	0.08225108225108226	0.9337	4735	Neurofibrillary_Tangles
rs2320083	17	50746474	A	G	0.2324	0.0744	0.0528	1.40909	0.1582	4735	Neurofibrillary_Tangles
rs8071798	NA	NA	NA	NA	NA	NA	NA	NA	NA	NA	NA
rs56794817	17	60001978	G	A	0.1589	0.0283	0.0619	0.45718901453958	0.6477	4735	Neurofibrillary_Tangles
rs72845875	17	61639269	T	C	0.253	-0.0014	0.0512	-0.0273438	0.9774	4735	Neurofibrillary_Tangles
rs2159911	17	65706501	C	T	0.7746	-0.0759	0.0543	-1.3977900552486187	0.162	4735	Neurofibrillary_Tangles
rs68145588	17	75864805	G	T	0.1486	-0.0179	0.0643	-0.27838258164852253	0.7802	4735	Neurofibrillary_Tangles
rs7406130	17	78943074	C	T	0.7259	0.0368	0.05	0.736	0.4618	4735	Neurofibrillary_Tangles
rs11657342	17	79355294	G	A	0.3697	-0.0384	0.0507	-0.7573964497041419	0.4483	4735	Neurofibrillary_Tangles
rs9797233	NA	NA	NA	NA	NA	NA	NA	NA	NA	NA	NA
rs11869798	17	80557091	A	C	0.317	0.0339	0.0507	0.668639	0.5033	4735	Neurofibrillary_Tangles
rs3936100	18	5872442	G	T	0.3686	0.0231	0.0452	0.5110619469026548	0.6091	4735	Neurofibrillary_Tangles
rs12967010	18	9645035	T	C	0.2192	-0.0303	0.0555	-0.545946	0.5851	4735	Neurofibrillary_Tangles
rs8097125	18	13005473	T	C	0.6163	0.0232	0.0451	0.514412	0.6066	4735	Neurofibrillary_Tangles
rs303752	18	21074255	G	A	0.4037	0.023	0.0469	0.49040511727078895	0.6232	4735	Neurofibrillary_Tangles
rs10460095	18	22624708	G	A	0.5044	0.0374	0.0475	0.7873684210526316	0.4311	4735	Neurofibrillary_Tangles
rs111852224	18	25596884	C	T	0.1194	-0.1571	0.0766	-2.0509138381201044	0.04024	4735	Neurofibrillary_Tangles
rs7226824	18	27676827	C	T	0.5201	-0.0162	0.0439	-0.36902050113895213	0.7131	4735	Neurofibrillary_Tangles
rs11082011	18	35145122	C	T	0.6756	-0.0038	0.0473	-0.080338266384778	0.9357	4735	Neurofibrillary_Tangles
rs74782457	18	36904982	C	T	0.0364	0.2404	0.1781	1.3498034811903425	0.1771	4735	Neurofibrillary_Tangles
rs12957463	18	37412228	A	G	0.2147	-0.0773	0.0529	-1.46125	0.1436	4735	Neurofibrillary_Tangles
rs4890239	NA	NA	NA	NA	NA	NA	NA	NA	NA	NA	NA
rs2247784	18	44746997	G	A	0.4726	-0.002	0.0441	-0.045351473922902494	0.9640000000000001	4735	Neurofibrillary_Tangles
rs10469016	18	50326885	G	A	0.171	-0.0379	0.0562	-0.6743772241992884	0.5003	4735	Neurofibrillary_Tangles
rs17411339	18	50807359	A	G	0.4305	-0.0381	0.044000000000000004	-0.865909	0.3863	4735	Neurofibrillary_Tangles
rs35691742	18	53303546	T	G	0.5188	0.0427	0.0438	0.974886	0.3289	4735	Neurofibrillary_Tangles
rs8095129	18	62492835	A	G	0.5732	-0.0169	0.044000000000000004	-0.384091	0.7016	4735	Neurofibrillary_Tangles
rs72944064	18	63516255	T	C	0.239	-0.1019	0.0522	-1.95211	0.051	4735	Neurofibrillary_Tangles
rs7227792	18	64330079	C	A	0.3909	0.0611	0.0441	1.3854875283446713	0.166	4735	Neurofibrillary_Tangles
rs2554835	18	74141190	G	A	0.4012	0.0245	0.05	0.49	0.6238	4735	Neurofibrillary_Tangles
rs11081529	18	75902735	T	C	0.3151	-0.0486	0.0468	-1.03846	0.2983	4735	Neurofibrillary_Tangles
rs2447435	18	76744831	T	C	0.7878	0.1204	0.0538	2.23792	0.02531	4735	Neurofibrillary_Tangles
rs75631874	NA	NA	NA	NA	NA	NA	NA	NA	NA	NA	NA
rs11663602	18	77578191	C	A	0.3145	-0.0481	0.0455	-1.0571428571428572	0.2905	4735	Neurofibrillary_Tangles
rs4807189	19	1976640	A	C	0.3975	-0.0708	0.0452	-1.56637	0.1171	4735	Neurofibrillary_Tangles
rs56291613	19	2323197	G	A	0.3446	0.0102	0.0493	0.20689655172413796	0.8357	4735	Neurofibrillary_Tangles
rs75177132	NA	NA	NA	NA	NA	NA	NA	NA	NA	NA	NA
rs2602735	19	4947426	G	A	0.195	-0.0513	0.055999999999999994	-0.9160714285714286	0.3599	4735	Neurofibrillary_Tangles
rs2287838	19	9959014	G	A	0.5424	-0.0294	0.0435	-0.6758620689655173	0.4992	4735	Neurofibrillary_Tangles
rs12151248	19	13212025	C	T	0.1165	0.083	0.0803	1.0336239103362392	0.3016	4735	Neurofibrillary_Tangles
rs62120394	19	18338709	G	A	0.2817	-0.0608	0.0496	-1.2258064516129032	0.2197	4735	Neurofibrillary_Tangles
rs12981405	19	19651577	C	T	0.1605	-0.0768	0.0603	-1.2736318407960199	0.2029	4735	Neurofibrillary_Tangles
rs7254263	19	30741257	C	T	0.2869	-0.0238	0.0501	-0.47504990019960086	0.635	4735	Neurofibrillary_Tangles
rs3859523	19	32972296	C	T	0.8249	-0.0953	0.0584	-1.631849315068493	0.1025	4735	Neurofibrillary_Tangles
rs173003	19	36240960	A	C	0.5081	0.056	0.044000000000000004	1.27273	0.2034	4735	Neurofibrillary_Tangles
rs2278433	19	38713502	A	G	0.1784	0.1133	0.07200000000000001	1.57361	0.1156	4735	Neurofibrillary_Tangles
rs76246107	19	50121274	G	A	0.061	-0.1505	0.1937	-0.7769747031491997	0.4372	4735	Neurofibrillary_Tangles
rs17516383	19	54926182	G	A	0.3635	0.0434	0.086	0.5046511627906978	0.6143	4735	Neurofibrillary_Tangles
rs192436652	NA	NA	NA	NA	NA	NA	NA	NA	NA	NA	NA
rs73075037	20	3141098	G	A	0.2399	-0.0284	0.0698	-0.4068767908309456	0.6839	4735	Neurofibrillary_Tangles
rs1108641	20	14702391	C	T	0.6948	-0.0043	0.0476	-0.09033613445378151	0.9279	4735	Neurofibrillary_Tangles
rs6135558	20	15797818	A	G	0.4552	0.0147	0.044000000000000004	0.334091	0.7383	4735	Neurofibrillary_Tangles
rs175325	NA	NA	NA	NA	NA	NA	NA	NA	NA	NA	NA
rs57485242	NA	NA	NA	NA	NA	NA	NA	NA	NA	NA	NA
rs4369924	20	41954383	G	A	0.1563	-0.0067	0.0629	-0.10651828298887123	0.915	4735	Neurofibrillary_Tangles
rs6065784	NA	NA	NA	NA	NA	NA	NA	NA	NA	NA	NA
rs3092073	20	44595649	G	A	0.4658	-0.0196	0.0438	-0.4474885844748858	0.6547	4735	Neurofibrillary_Tangles
rs4810894	20	47532999	A	G	0.6323	-0.1409	0.0457	-3.08315	0.00202	4735	Neurofibrillary_Tangles
rs4811076	20	49109845	A	G	0.5915	0.0383	0.0485	0.789691	0.4296	4735	Neurofibrillary_Tangles
rs6123924	20	58219764	A	G	0.1527	0.0185	0.0635	0.291339	0.7703	4735	Neurofibrillary_Tangles
rs6065080	20	59832791	T	C	0.6546	0.0476	0.0465	1.02366	0.3057	4735	Neurofibrillary_Tangles
rs6061580	20	60058986	C	T	0.1535	0.0157	0.0595	0.2638655462184874	0.7921	4735	Neurofibrillary_Tangles
rs6061619	20	60112199	A	G	0.1925	-0.0206	0.0529	-0.389414	0.6968	4735	Neurofibrillary_Tangles
rs13050131	21	20018118	C	A	0.6477	0.0089	0.0455	0.1956043956043956	0.8449	4735	Neurofibrillary_Tangles
rs232496	21	22734409	T	C	0.6293	0.0513	0.0459	1.11765	0.2634	4735	Neurofibrillary_Tangles
rs1544	21	33085585	G	A	0.2719	-0.0246	0.0501	-0.49101796407185633	0.6231	4735	Neurofibrillary_Tangles
rs2834247	21	35056729	G	A	0.2214	-0.0575	0.055	-1.0454545454545454	0.2962	4735	Neurofibrillary_Tangles
rs743316	21	35252696	T	C	0.21	0.0037	0.0534	0.0692884	0.9449	4735	Neurofibrillary_Tangles
rs2838006	21	42653567	T	C	0.6285	-0.0298	0.0451	-0.660754	0.5079	4735	Neurofibrillary_Tangles
rs8130074	NA	NA	NA	NA	NA	NA	NA	NA	NA	NA	NA
rs2297293	NA	NA	NA	NA	NA	NA	NA	NA	NA	NA	NA
rs638956	22	20143626	C	T	0.4738	-0.0562	0.0472	-1.1906779661016949	0.233	4735	Neurofibrillary_Tangles
rs737945	NA	NA	NA	NA	NA	NA	NA	NA	NA	NA	NA
rs7288964	22	31419209	A	G	0.7118	-0.0694	0.0493	-1.40771	0.1593	4735	Neurofibrillary_Tangles
rs5754753	NA	NA	NA	NA	NA	NA	NA	NA	NA	NA	NA
rs66792787	22	38817857	A	G	0.0902	-0.0334	0.0843	-0.396204	0.6921	4735	Neurofibrillary_Tangles
rs143743568	22	39289014	G	A	0.1356	-0.0391	0.0791	-0.4943109987357775	0.6213	4735	Neurofibrillary_Tangles
rs11912357	22	42865010	G	A	0.0406	-0.2061	0.1559	-1.322001282873637	0.1863	4735	Neurofibrillary_Tangles
rs137079	22	42977907	C	T	0.1336	-0.0528	0.0678	-0.7787610619469026	0.4364	4735	Neurofibrillary_Tangles
rs1894544	NA	NA	NA	NA	NA	NA	NA	NA	NA	NA	NA
rs9616947	22	51151631	C	T	0.4189	-0.106	0.0466	-2.2746781115879826	0.02307	4735	Neurofibrillary_Tangles
