$`Main MR results`
       Exposure       MR Analysis Causal Estimate        Sd   T-stat   P-value
1 beta.exposure               Raw       0.2756096 0.1552621 1.775125 0.0790140
2 beta.exposure Outlier-corrected       0.2333750 0.1485965 1.570529 0.1195824

$`MR-PRESSO results`
$`MR-PRESSO results`$`Global Test`
$`MR-PRESSO results`$`Global Test`$RSSobs
[1] 135.739

$`MR-PRESSO results`$`Global Test`$Pvalue
[1] 0.0093


$`MR-PRESSO results`$`Outlier Test`
         RSSobs Pvalue
1  6.934347e-04      1
2  1.803582e-05      1
3  7.851549e-05      1
4  8.641366e-04      1
5  6.608115e-04      1
6  8.737233e-04      1
7  2.672034e-05      1
8  3.838907e-02      1
9  7.860459e-04      1
10 4.644682e-04      1
11 3.501219e-03      1
12 5.985430e-03      1
13 3.313640e-06      1
14 1.268441e-04      1
15 3.625741e-04      1
16 3.669418e-05      1
17 1.210383e-04      1
18 1.296371e-03      1
19 4.749369e-06      1
20 1.649697e-02      1
21 1.019948e-05      1
22 6.657400e-03      1
23 8.488394e-05      1
24 7.036616e-05      1
25 1.982379e-03      1
26 2.507305e-05      1
27 7.031597e-05      1
28 3.092897e-05      1
29 1.435644e-03      1
30 1.953023e-05      1
31 4.469594e-04      1
32 7.306848e-05      1
33 1.308477e-05      1
34 7.109368e-05      1
35 4.791325e-06      1
36 2.344707e-04      1
37 5.668237e-05      1
38 2.150426e-05      1
39 1.749037e-04      1
40 1.275900e-04      1
41 9.124979e-06      1
42 1.752956e-03      1
43 3.095117e-04      1
44 1.162366e-03      1
45 1.687028e-03      1
46 7.242997e-09      1
47 6.940847e-05      1
48 4.939015e-05      1
49 3.541468e-04      1
50 2.900967e-04      1
51 4.274050e-05      1
52 6.660884e-05      1
53 8.519939e-05      1
54 2.723503e-05      1
55 9.994794e-05      1
56 3.387809e-04      1
57 1.945534e-04      1
58 3.086467e-04      1
59 3.833628e-04      1
60 1.602459e-05      1
61 2.445742e-06      1
62 1.723444e-04      1
63 9.315355e-04      1
64 1.096738e-03      1
65 6.589189e-02 0.0392
66 1.053278e-03      1
67 5.580954e-05      1
68 3.821073e-06      1
69 5.509023e-03      1
70 5.198909e-04      1
71 1.873772e-04      1
72 2.683704e-04      1
73 1.072611e-06      1
74 3.860296e-04      1
75 1.284631e-03      1
76 2.844298e-05      1
77 3.385275e-04      1
78 3.947926e-03      1
79 2.508711e-04      1
80 9.932079e-05      1
81 2.558206e-04      1
82 3.155186e-06      1
83 2.416717e-05      1
84 4.009336e-04      1
85 8.619135e-04      1
86 4.481888e-05      1
87 1.484485e-02      1
88 2.745673e-04      1
89 3.721581e-04      1
90 1.831454e-05      1
91 5.024922e-05      1
92 1.532935e-03 0.7056
93 1.187775e-06      1
94 3.815860e-04      1
95 4.399879e-04      1
96 5.878404e-04      1
97 1.124491e-03      1
98 1.397406e-03      1

$`MR-PRESSO results`$`Distortion Test`
$`MR-PRESSO results`$`Distortion Test`$`Outliers Indices`
[1] 65

$`MR-PRESSO results`$`Distortion Test`$`Distortion Coefficient`
beta.exposure 
     18.09729 

$`MR-PRESSO results`$`Distortion Test`$Pvalue
[1] 0.733



