SNP	CHROM	POS	REF	ALT	AF	BETA	SE	Z	P	N	TRAIT
rs10907186	NA	NA	NA	NA	NA	NA	NA	NA	NA	NA	NA
rs61790634	1	45440095	G	A	0.1431	0.0547	0.1023	0.5347018572825024	0.5929	2764	Vascular_Brain_Injury
rs74944957	1	66976369	G	A	0.039	-0.0011	0.1745	-0.006303724928366763	0.9949	2764	Vascular_Brain_Injury
rs2815753	1	72812324	G	A	0.6191	0.0485	0.0591	0.8206429780033841	0.4122	2764	Vascular_Brain_Injury
rs12140043	1	97792868	C	T	0.2358	0.0201	0.0707	0.2842998585572843	0.7761	2764	Vascular_Brain_Injury
rs35297534	1	104153865	A	G	0.0296	0.1587	0.2017	0.786812	0.4315	2764	Vascular_Brain_Injury
rs644853	1	155706217	T	G	0.3688	0.1252	0.0629	1.99046	0.04663	2764	Vascular_Brain_Injury
rs506589	1	177894287	T	C	0.191	-0.0508	0.0733	-0.693042	0.4883	2764	Vascular_Brain_Injury
rs36016753	NA	NA	NA	NA	NA	NA	NA	NA	NA	NA	NA
rs1487482	1	188178475	G	T	0.3387	0.0616	0.0615	1.0016260162601627	0.3168	2764	Vascular_Brain_Injury
rs35088688	1	190743168	C	A	0.1298	-0.1892	0.0874	-2.1647597254004576	0.030410000000000003	2764	Vascular_Brain_Injury
rs10900457	1	205146726	G	A	0.6182	0.0667	0.0603	1.1061359867330016	0.2692	2764	Vascular_Brain_Injury
rs62106258	2	417167	T	C	0.0548	0.1838	0.1711	1.07423	0.2827	2764	Vascular_Brain_Injury
rs116586859	2	17350557	T	C	0.0194	0.4058	0.2506	1.61931	0.1054	2764	Vascular_Brain_Injury
rs17745484	2	25551130	C	T	0.3375	0.1124	0.0612	1.8366013071895426	0.06606000000000001	2764	Vascular_Brain_Injury
rs2717067	NA	NA	NA	NA	NA	NA	NA	NA	NA	NA	NA
rs62140569	2	59069710	G	T	0.0785	0.1037	0.1096	0.9461678832116788	0.344	2764	Vascular_Brain_Injury
rs6727013	2	65558375	C	A	0.2941	-0.0819	0.0642	-1.2757009345794394	0.2021	2764	Vascular_Brain_Injury
rs116627468	NA	NA	NA	NA	NA	NA	NA	NA	NA	NA	NA
rs429343	2	147903382	A	G	0.5674	-0.0458	0.0588	-0.778912	0.4358	2764	Vascular_Brain_Injury
rs10200577	2	182099816	T	C	0.6567	0.0114	0.061	0.186885	0.8518	2764	Vascular_Brain_Injury
rs13007461	2	217323058	G	A	0.3228	-0.0517	0.0624	-0.8285256410256411	0.4072	2764	Vascular_Brain_Injury
rs76489948	2	236032249	G	T	0.0656	-0.1383	0.1285	-1.0762645914396887	0.2816	2764	Vascular_Brain_Injury
rs9862984	NA	NA	NA	NA	NA	NA	NA	NA	NA	NA	NA
rs7625172	3	25245752	G	A	0.5286	0.0192	0.0599	0.3205342237061769	0.7486	2764	Vascular_Brain_Injury
rs2049760	3	62482552	A	G	0.6123	0.0864	0.0602	1.43522	0.151	2764	Vascular_Brain_Injury
rs147032165	3	63958762	G	A	0.0233	-0.006999999999999999	0.2426	-0.028854080791426213	0.977	2764	Vascular_Brain_Injury
rs7644667	3	69040601	T	C	0.5306	-0.0639	0.0711	-0.898734	0.3685	2764	Vascular_Brain_Injury
rs13340130	NA	NA	NA	NA	NA	NA	NA	NA	NA	NA	NA
rs10934419	3	117543342	A	C	0.6489	-0.0456	0.0606	-0.752475	0.4517	2764	Vascular_Brain_Injury
rs62265663	3	124774432	T	G	0.1124	0.2447	0.10800000000000001	2.26574	0.02352	2764	Vascular_Brain_Injury
rs192996379	NA	NA	NA	NA	NA	NA	NA	NA	NA	NA	NA
rs77534875	NA	NA	NA	NA	NA	NA	NA	NA	NA	NA	NA
rs2535526	4	58176703	C	T	0.5152	-0.0888	0.0586	-1.5153583617747441	0.1296	2764	Vascular_Brain_Injury
rs7683088	4	103114064	T	G	0.26	0.0605	0.0676	0.89497	0.3707	2764	Vascular_Brain_Injury
rs701760	NA	NA	NA	NA	NA	NA	NA	NA	NA	NA	NA
rs7690778	4	149006909	A	G	0.5778	0.0485	0.057999999999999996	0.836207	0.4024	2764	Vascular_Brain_Injury
rs524424	4	149738493	G	A	0.5493	0.0178	0.0608	0.29276315789473684	0.7699	2764	Vascular_Brain_Injury
rs189423908	NA	NA	NA	NA	NA	NA	NA	NA	NA	NA	NA
rs185033461	NA	NA	NA	NA	NA	NA	NA	NA	NA	NA	NA
rs300046	5	37081705	A	G	0.4664	-0.0821	0.0597	-1.37521	0.1689	2764	Vascular_Brain_Injury
rs151207360	NA	NA	NA	NA	NA	NA	NA	NA	NA	NA	NA
rs10064431	5	92950673	T	C	0.5201	-0.0259	0.059000000000000004	-0.438983	0.6608	2764	Vascular_Brain_Injury
rs10045708	5	151763278	T	G	0.0798	0.0986	0.1145	0.861135	0.3892	2764	Vascular_Brain_Injury
rs187201256	NA	NA	NA	NA	NA	NA	NA	NA	NA	NA	NA
rs7710470	5	164495078	C	T	0.6345	0.0027	0.0611	0.044189852700491	0.9648	2764	Vascular_Brain_Injury
rs10055701	5	174474145	A	G	0.2587	-0.05	0.0669	-0.747384	0.4553	2764	Vascular_Brain_Injury
rs806794	6	26200677	A	G	0.3115	0.0756	0.0625	1.2096	0.2262	2764	Vascular_Brain_Injury
rs779493	NA	NA	NA	NA	NA	NA	NA	NA	NA	NA	NA
rs13197257	6	128333682	G	T	0.2718	-0.0415	0.0674	-0.615727002967359	0.5384	2764	Vascular_Brain_Injury
rs11760614	7	1742691	T	C	0.221	0.1939	0.0679	2.85567	0.0043100000000000005	2764	Vascular_Brain_Injury
rs35797675	7	72878044	T	G	0.1933	-0.0478	0.0748	-0.639037	0.523	2764	Vascular_Brain_Injury
rs362726	7	103207234	T	C	0.3793	-0.1219	0.0585	-2.08376	0.037239999999999995	2764	Vascular_Brain_Injury
rs11772832	7	135073047	T	C	0.406	0.1089	0.0583	1.86792	0.061810000000000004	2764	Vascular_Brain_Injury
rs4272399	8	4836291	C	A	0.3284	-0.0171	0.0622	-0.27491961414791	0.7833	2764	Vascular_Brain_Injury
rs2952176	8	10143553	G	A	0.7253	-0.0766	0.0632	-1.212025316455696	0.2253	2764	Vascular_Brain_Injury
rs6987853	8	42457450	T	C	0.6394	-0.0098	0.0637	-0.153846	0.878	2764	Vascular_Brain_Injury
rs16931146	8	65303456	C	A	0.021	-0.0234	0.2381	-0.09827803443931121	0.9217	2764	Vascular_Brain_Injury
rs140559772	NA	NA	NA	NA	NA	NA	NA	NA	NA	NA	NA
rs7834318	8	144637257	C	A	0.2794	-0.053	0.0658	-0.8054711246200608	0.4205	2764	Vascular_Brain_Injury
rs4741805	9	3076234	T	C	0.9087	-0.189	0.1016	-1.86024	0.06293	2764	Vascular_Brain_Injury
rs10809421	NA	NA	NA	NA	NA	NA	NA	NA	NA	NA	NA
rs10125463	NA	NA	NA	NA	NA	NA	NA	NA	NA	NA	NA
rs943395	9	22332998	G	A	0.4943	0.0342	0.0589	0.5806451612903226	0.561	2764	Vascular_Brain_Injury
rs10972033	9	34269732	G	T	0.4694	0.0238	0.0563	0.4227353463587922	0.6722	2764	Vascular_Brain_Injury
rs6478868	9	131927092	T	C	0.31	-0.0025	0.0626	-0.0399361	0.9687	2764	Vascular_Brain_Injury
rs1912286	10	87318888	G	A	0.6543	0.0356	0.0612	0.5816993464052288	0.5605	2764	Vascular_Brain_Injury
rs2078243	10	112535077	T	C	0.4602	0.0151	0.0577	0.261698	0.7932	2764	Vascular_Brain_Injury
rs61418433	10	126313310	G	A	0.1091	0.0022	0.0977	0.02251791197543501	0.982	2764	Vascular_Brain_Injury
rs35976355	11	8428657	T	C	0.2416	0.1568	0.0675	2.32296	0.02012	2764	Vascular_Brain_Injury
rs7944588	11	28528440	T	C	0.4658	-0.0723	0.061	-1.18525	0.2356	2764	Vascular_Brain_Injury
rs11034813	NA	NA	NA	NA	NA	NA	NA	NA	NA	NA	NA
rs685149	11	57657413	A	G	0.6209	-0.0481	0.0599	-0.803005	0.4224	2764	Vascular_Brain_Injury
rs7945323	11	63598419	G	A	0.9012	-0.0953	0.1112	-0.8570143884892086	0.3913	2764	Vascular_Brain_Injury
rs12805914	NA	NA	NA	NA	NA	NA	NA	NA	NA	NA	NA
rs3909727	NA	NA	NA	NA	NA	NA	NA	NA	NA	NA	NA
rs10842393	NA	NA	NA	NA	NA	NA	NA	NA	NA	NA	NA
rs4759074	12	54664097	C	T	0.3903	0.0658	0.0594	1.1077441077441077	0.2681	2764	Vascular_Brain_Injury
rs12231943	12	60677979	T	G	0.4209	-0.0119	0.0583	-0.204117	0.8377	2764	Vascular_Brain_Injury
rs7966446	12	121341762	C	T	0.429	-0.071	0.0631	-1.1251980982567351	0.2603	2764	Vascular_Brain_Injury
rs11571592	13	32894865	T	C	0.0433	-0.3607	0.2098	-1.71926	0.08552	2764	Vascular_Brain_Injury
rs7334927	13	89188226	C	T	0.5888	-0.0135	0.0584	-0.23116438356164384	0.8174	2764	Vascular_Brain_Injury
rs1022875	13	107934375	A	G	0.5374	0.0327	0.0585	0.558974	0.5767	2764	Vascular_Brain_Injury
rs12435659	NA	NA	NA	NA	NA	NA	NA	NA	NA	NA	NA
rs72698768	14	101304875	A	G	0.1661	-0.009	0.091	-0.0989011	0.9216	2764	Vascular_Brain_Injury
rs3759584	14	103990799	T	C	0.3606	-0.0404	0.0597	-0.676717	0.4986	2764	Vascular_Brain_Injury
rs562855542	NA	NA	NA	NA	NA	NA	NA	NA	NA	NA	NA
rs7178495	15	93380293	T	C	0.4392	-0.0931	0.0729	-1.27709	0.2017	2764	Vascular_Brain_Injury
rs72799815	16	71644807	T	G	0.1911	-0.0408	0.0743	-0.549125	0.5829	2764	Vascular_Brain_Injury
rs12103229	16	74167594	C	A	0.5517	-0.0617	0.0572	-1.0786713286713285	0.2811	2764	Vascular_Brain_Injury
rs9908256	17	43051345	T	C	0.5506	0.0313	0.0581	0.538726	0.59	2764	Vascular_Brain_Injury
rs9910942	17	60804670	A	G	0.3818	0.0835	0.0616	1.35552	0.1753	2764	Vascular_Brain_Injury
rs55859016	17	79046358	C	T	0.1434	0.0017	0.0921	0.01845819761129207	0.9854	2764	Vascular_Brain_Injury
rs12960540	18	22948580	T	G	0.6567	-0.0624	0.067	-0.931343	0.3514	2764	Vascular_Brain_Injury
rs2590230	18	49799959	G	A	0.1485	-0.11900000000000001	0.0841	-1.4149821640903688	0.1572	2764	Vascular_Brain_Injury
rs12967878	18	57826570	T	C	0.2336	-0.0549	0.0677	-0.810931	0.4175	2764	Vascular_Brain_Injury
rs12974304	19	17716794	C	T	0.078	0.0237	0.1241	0.1909750201450443	0.8484	2764	Vascular_Brain_Injury
rs12232804	19	42677807	C	T	0.1111	-0.0607	0.0923	-0.6576381365113759	0.511	2764	Vascular_Brain_Injury
rs429358	19	45411941	T	C	0.2774	-0.2012	0.0834	-2.41247	0.01583	2764	Vascular_Brain_Injury
rs12052128	19	49270738	A	G	0.6381	-0.0362	0.0801	-0.451935	0.6512	2764	Vascular_Brain_Injury
rs6079587	20	14847907	A	C	0.2112	0.0557	0.0714	0.780112	0.435	2764	Vascular_Brain_Injury
rs79564737	20	43408372	G	A	0.3124	-0.0658	0.0626	-1.0511182108626198	0.2935	2764	Vascular_Brain_Injury
rs4809319	20	62277922	A	G	0.7877	0.0566	0.0728	0.777473	0.4371	2764	Vascular_Brain_Injury
rs136528	NA	NA	NA	NA	NA	NA	NA	NA	NA	NA	NA
rs139911	22	40704052	C	T	0.5714	-0.0499	0.0595	-0.838655462184874	0.4012	2764	Vascular_Brain_Injury
rs202667	NA	NA	NA	NA	NA	NA	NA	NA	NA	NA	NA
