SNP	CHROM	POS	REF	ALT	AF	BETA	SE	Z	P	N	TRAIT
rs2815753	1	72812324	G	A	0.6191	0.0485	0.0591	0.8206429780033841	0.4122	2764	Vascular_Brain_Injury
rs506589	1	177894287	T	C	0.191	-0.0508	0.0733	-0.693042	0.4883	2764	Vascular_Brain_Injury
rs36016753	NA	NA	NA	NA	NA	NA	NA	NA	NA	NA	NA
rs10900457	1	205146726	G	A	0.6182	0.0667	0.0603	1.1061359867330016	0.2692	2764	Vascular_Brain_Injury
rs62106258	2	417167	T	C	0.0548	0.1838	0.1711	1.07423	0.2827	2764	Vascular_Brain_Injury
rs7644667	3	69040601	T	C	0.5306	-0.0639	0.0711	-0.898734	0.3685	2764	Vascular_Brain_Injury
rs13340130	NA	NA	NA	NA	NA	NA	NA	NA	NA	NA	NA
rs701760	NA	NA	NA	NA	NA	NA	NA	NA	NA	NA	NA
rs300046	5	37081705	A	G	0.4664	-0.0821	0.0597	-1.37521	0.1689	2764	Vascular_Brain_Injury
rs10064431	5	92950673	T	C	0.5201	-0.0259	0.059000000000000004	-0.438983	0.6608	2764	Vascular_Brain_Injury
rs806794	6	26200677	A	G	0.3115	0.0756	0.0625	1.2096	0.2262	2764	Vascular_Brain_Injury
rs35797675	7	72878044	T	G	0.1933	-0.0478	0.0748	-0.639037	0.523	2764	Vascular_Brain_Injury
rs11772832	7	135073047	T	C	0.406	0.1089	0.0583	1.86792	0.061810000000000004	2764	Vascular_Brain_Injury
rs10125463	NA	NA	NA	NA	NA	NA	NA	NA	NA	NA	NA
rs6478868	9	131927092	T	C	0.31	-0.0025	0.0626	-0.0399361	0.9687	2764	Vascular_Brain_Injury
rs1912286	10	87318888	G	A	0.6543	0.0356	0.0612	0.5816993464052288	0.5605	2764	Vascular_Brain_Injury
rs3909727	NA	NA	NA	NA	NA	NA	NA	NA	NA	NA	NA
rs4759074	12	54664097	C	T	0.3903	0.0658	0.0594	1.1077441077441077	0.2681	2764	Vascular_Brain_Injury
rs12103229	16	74167594	C	A	0.5517	-0.0617	0.0572	-1.0786713286713285	0.2811	2764	Vascular_Brain_Injury
rs12232804	19	42677807	C	T	0.1111	-0.0607	0.0923	-0.6576381365113759	0.511	2764	Vascular_Brain_Injury
rs429358	19	45411941	T	C	0.2774	-0.2012	0.0834	-2.41247	0.01583	2764	Vascular_Brain_Injury
rs79564737	20	43408372	G	A	0.3124	-0.0658	0.0626	-1.0511182108626198	0.2935	2764	Vascular_Brain_Injury
rs136528	NA	NA	NA	NA	NA	NA	NA	NA	NA	NA	NA
rs139911	22	40704052	C	T	0.5714	-0.0499	0.0595	-0.838655462184874	0.4012	2764	Vascular_Brain_Injury
