SNP	CHROM	POS	REF	ALT	AF	BETA	SE	Z	P	N	TRAIT
rs10796918	1	35624192	A	G	0.9013	-0.1853	0.1013	-1.82922	0.06729	2764	VBI_any
rs4357572	NA	NA	NA	NA	NA	NA	NA	NA	NA	NA	NA
rs2133204	1	77974484	G	A	0.4272	0.006999999999999999	0.0585	0.11965811965811964	0.9046	2764	VBI_any
rs12068365	1	151015868	G	A	0.0788	-0.099	0.1071	-0.9243697478991597	0.3553	2764	VBI_any
rs2072659	NA	NA	NA	NA	NA	NA	NA	NA	NA	NA	NA
rs12757660	NA	NA	NA	NA	NA	NA	NA	NA	NA	NA	NA
rs2901785	1	174104743	G	A	0.6341	0.1667	0.0611	2.7283142389525366	0.006358	2764	VBI_any
rs34973462	1	175993820	C	T	0.3314	-0.0049	0.0616	-0.07954545454545454	0.9369	2764	VBI_any
rs75383625	1	202983237	G	T	0.0144	0.5605	0.7978	0.7025570318375534	0.4824	2764	VBI_any
rs1544850	2	60167206	C	T	0.4662	0.006999999999999999	0.0569	0.12302284710017573	0.9028	2764	VBI_any
rs7599488	2	60718347	C	T	0.428	0.0279	0.0584	0.4777397260273973	0.6332	2764	VBI_any
rs78408772	2	62710608	C	T	0.1169	-0.0483	0.0966	-0.5	0.6168	2764	VBI_any
rs62151707	2	110416825	G	A	0.0255	0.0107	0.4004	0.026723276723276724	0.9788	2764	VBI_any
rs140066800	2	134724506	G	A	0.0134	-0.2064	1.2207	-0.16908331285328093	0.8657	2764	VBI_any
rs10204824	2	148372720	A	G	0.6783	-0.0438	0.0647	-0.676971	0.4989	2764	VBI_any
rs1075143	NA	NA	NA	NA	NA	NA	NA	NA	NA	NA	NA
rs2084533	3	16872929	C	T	0.3158	-0.0689	0.0611	-1.127659574468085	0.2593	2764	VBI_any
rs4621280	3	23890310	A	G	0.5683	0.0151	0.0605	0.249587	0.8024	2764	VBI_any
rs3749278	3	32209230	T	C	0.3712	0.0908	0.0595	1.52605	0.1273	2764	VBI_any
rs7431710	3	48935583	G	A	0.6641	-0.0231	0.0607	-0.3805601317957166	0.703	2764	VBI_any
rs11711814	3	50044813	T	G	0.0923	0.1687	0.1033	1.63311	0.1027	2764	VBI_any
rs2885264	3	68034430	T	C	0.832	-0.0228	0.1191	-0.191436	0.8483	2764	VBI_any
rs571513	3	136095035	A	G	0.7614	0.0013	0.0674	0.0192878	0.9843	2764	VBI_any
rs28813180	3	158083918	G	A	0.5035	0.0089	0.0578	0.15397923875432526	0.8771	2764	VBI_any
rs2032463	4	2941988	T	C	0.4187	0.0875	0.0583	1.50086	0.1333	2764	VBI_any
rs2421267	4	14123179	C	T	0.1741	-0.0655	0.0805	-0.8136645962732919	0.4158	2764	VBI_any
rs4505859	4	44753322	T	C	0.6316	0.0072	0.0605	0.119008	0.9047	2764	VBI_any
rs11725618	4	67053769	T	C	0.2995	-0.0771	0.0676	-1.14053	0.2539	2764	VBI_any
rs787362	NA	NA	NA	NA	NA	NA	NA	NA	NA	NA	NA
rs72652604	4	82766339	T	C	0.0144	0.165	1.2829	0.128615	0.8977	2764	VBI_any
rs2289043	4	96106322	A	G	0.696	-0.0403	0.063	-0.639683	0.5222	2764	VBI_any
rs4699353	4	99509133	G	A	0.5651	-0.0108	0.0577	-0.18717504332755633	0.8508	2764	VBI_any
rs2060220	NA	NA	NA	NA	NA	NA	NA	NA	NA	NA	NA
rs1997690	6	19792254	T	C	0.2528	-0.0314	0.0662	-0.47432	0.6356	2764	VBI_any
rs138914325	NA	NA	NA	NA	NA	NA	NA	NA	NA	NA	NA
rs806798	6	26214473	T	C	0.5184	0.102	0.0587	1.73765	0.08244	2764	VBI_any
rs12664932	NA	NA	NA	NA	NA	NA	NA	NA	NA	NA	NA
rs62411292	6	79981676	C	T	0.0962	0.027999999999999997	0.1145	0.24454148471615716	0.8071	2764	VBI_any
rs9387232	6	97751531	A	G	0.1774	0.0499	0.0795	0.627673	0.5303	2764	VBI_any
rs4478441	6	120579080	G	A	0.6108	-0.0613	0.0591	-1.0372250423011844	0.3	2764	VBI_any
rs7769343	6	170517906	G	T	0.1775	0.0301	0.0682	0.4413489736070381	0.6594	2764	VBI_any
rs2159045	7	2207401	T	C	0.3692	-0.003	0.0605	-0.0495868	0.961	2764	VBI_any
rs215600	7	32333642	G	A	0.6529	0.0572	0.0599	0.9549248747913188	0.33899999999999997	2764	VBI_any
rs2529287	NA	NA	NA	NA	NA	NA	NA	NA	NA	NA	NA
rs56323539	NA	NA	NA	NA	NA	NA	NA	NA	NA	NA	NA
rs12538820	7	99340049	G	A	0.0688	-0.0113	0.1589	-0.07111390811831339	0.9435	2764	VBI_any
rs58132560	7	125704516	T	C	0.4953	-0.0889	0.0581	-1.53012	0.1259	2764	VBI_any
rs73229090	8	27442127	C	A	0.1437	-0.0813	0.0869	-0.9355581127733026	0.3496	2764	VBI_any
rs58379124	8	42579203	T	C	0.7559	0.044	0.0707	0.622348	0.5336	2764	VBI_any
rs148168945	NA	NA	NA	NA	NA	NA	NA	NA	NA	NA	NA
rs790564	8	64604218	A	C	0.7285	-0.0509	0.0648	-0.785494	0.43200000000000005	2764	VBI_any
rs1999066	NA	NA	NA	NA	NA	NA	NA	NA	NA	NA	NA
rs7874404	NA	NA	NA	NA	NA	NA	NA	NA	NA	NA	NA
rs3025383	9	136502369	T	C	0.1735	0.0026	0.0788	0.0329949	0.9741	2764	VBI_any
rs11186903	10	94055996	T	C	0.4719	0.0705	0.0586	1.20307	0.2295	2764	VBI_any
rs189991035	NA	NA	NA	NA	NA	NA	NA	NA	NA	NA	NA
rs7951365	11	16377044	T	C	0.2121	-0.077	0.0768	-1.0026	0.316	2764	VBI_any
rs147604281	NA	NA	NA	NA	NA	NA	NA	NA	NA	NA	NA
rs7944241	11	43695374	A	G	0.4098	0.0916	0.0603	1.51907	0.1286	2764	VBI_any
rs75494138	11	46465361	C	T	0.0727	-0.1676	0.11699999999999999	-1.4324786324786325	0.1522	2764	VBI_any
rs11605503	NA	NA	NA	NA	NA	NA	NA	NA	NA	NA	NA
rs7928017	11	113448762	C	A	0.4334	-0.0756	0.059000000000000004	-1.2813559322033898	0.2003	2764	VBI_any
rs12271392	11	133080113	C	T	0.2564	0.0614	0.0598	1.0267558528428093	0.3043	2764	VBI_any
rs4463860	NA	NA	NA	NA	NA	NA	NA	NA	NA	NA	NA
rs10785134	12	74974309	A	G	0.2379	-0.0206	0.0665	-0.309774	0.7567	2764	VBI_any
rs79250609	12	109988858	C	T	0.1934	-0.1077	0.0873	-1.2336769759450172	0.217	2764	VBI_any
rs1458269	13	54434565	T	C	0.6319	0.0811	0.0599	1.35392	0.1758	2764	VBI_any
rs9569733	13	58316612	T	C	0.1477	-0.0547	0.0835	-0.65509	0.5126	2764	VBI_any
rs9571688	13	67478566	A	G	0.3376	0.0253	0.0609	0.415435	0.6784	2764	VBI_any
rs1106649	13	111168488	C	T	0.0743	-0.068	0.1174	-0.5792163543441227	0.5626	2764	VBI_any
rs914027	13	112185071	C	T	0.4979	0.0513	0.0617	0.8314424635332253	0.4057	2764	VBI_any
rs35011804	14	104151400	C	T	0.3262	0.0771	0.0614	1.255700325732899	0.2092	2764	VBI_any
rs1657936	15	57113013	C	T	0.7845	0.1095	0.0713	1.5357643758765778	0.1248	2764	VBI_any
rs632811	NA	NA	NA	NA	NA	NA	NA	NA	NA	NA	NA
rs8034191	15	78806023	T	C	0.3311	-0.0723	0.0612	-1.18137	0.2381	2764	VBI_any
rs141147481	NA	NA	NA	NA	NA	NA	NA	NA	NA	NA	NA
rs182317	15	89943601	G	T	0.323	-0.0206	0.0783	-0.26309067688378035	0.7928	2764	VBI_any
rs12933462	NA	NA	NA	NA	NA	NA	NA	NA	NA	NA	NA
rs12443627	NA	NA	NA	NA	NA	NA	NA	NA	NA	NA	NA
rs2386571	16	52074123	A	C	0.5613	-0.0069	0.0588	-0.117347	0.9064	2764	VBI_any
rs11647656	16	64960717	C	T	0.332	0.0551	0.0614	0.8973941368078175	0.3692	2764	VBI_any
rs12924872	16	69552215	C	T	0.4797	0.0083	0.0586	0.1416382252559727	0.8879	2764	VBI_any
rs310333	16	71579667	A	C	0.7476	-0.0817	0.068	-1.20147	0.2298	2764	VBI_any
rs11861635	NA	NA	NA	NA	NA	NA	NA	NA	NA	NA	NA
rs4785587	16	89772619	G	A	0.5079	-0.0133	0.0614	-0.21661237785016285	0.8289	2764	VBI_any
rs8614	17	27588806	C	A	0.1835	0.0432	0.0755	0.5721854304635762	0.5672	2764	VBI_any
rs62083758	18	24527875	G	A	0.0133	1.5276	0.8586	1.7791754018169113	0.07522999999999999	2764	VBI_any
rs11872159	18	51275090	T	C	0.1619	0.0532	0.0808	0.658416	0.5102	2764	VBI_any
rs35178579	18	53268923	G	A	0.188	-0.0902	0.0748	-1.2058823529411764	0.228	2764	VBI_any
rs4485470	18	62125063	G	A	0.5671	0.0925	0.0601	1.5391014975041597	0.1236	2764	VBI_any
rs895330	NA	NA	NA	NA	NA	NA	NA	NA	NA	NA	NA
rs2542277	19	31885287	G	A	0.6223	-0.1233	0.0593	-2.079258010118044	0.03762	2764	VBI_any
rs34406232	19	41305530	C	A	0.0219	0.3179	0.1986	1.6007049345417927	0.1096	2764	VBI_any
rs56113850	19	41353107	T	C	0.5829	0.0427	0.065	0.656923	0.5109	2764	VBI_any
rs117875279	19	41498715	G	A	0.023	0.0994	0.2397	0.41468502294534837	0.6783	2764	VBI_any
rs34677607	NA	NA	NA	NA	NA	NA	NA	NA	NA	NA	NA
rs1962635	19	47802113	C	T	0.2697	0.10400000000000001	0.066	1.575757575757576	0.1148	2764	VBI_any
rs6078373	20	11863500	G	A	0.4043	-0.0284	0.06	-0.4733333333333334	0.6364	2764	VBI_any
rs2424627	20	24707912	C	T	0.6955	-0.0421	0.0623	-0.6757624398073836	0.4999	2764	VBI_any
rs2424888	20	31047533	G	A	0.3752	0.0011	0.0603	0.01824212271973466	0.9854	2764	VBI_any
rs2273500	20	61986949	T	C	0.2392	-0.0508	0.0673	-0.754829	0.4502	2764	VBI_any
rs145104523	21	40644110	C	T	0.1262	0.0262	0.0925	0.28324324324324324	0.7767	2764	VBI_any
