$`Main MR results`
       Exposure       MR Analysis Causal Estimate       Sd     T-stat   P-value
1 beta.exposure               Raw        74.87717 1273.411 0.05880048 0.9532414
2 beta.exposure Outlier-corrected              NA       NA         NA        NA

$`MR-PRESSO results`
$`MR-PRESSO results`$`Global Test`
$`MR-PRESSO results`$`Global Test`$RSSobs
[1] 136.7982

$`MR-PRESSO results`$`Global Test`$Pvalue
[1] 0.0017


$`MR-PRESSO results`$`Outlier Test`
         RSSobs Pvalue
1  8.913696e+04      1
2  1.550024e+05 0.2366
3  4.412303e+03      1
4  7.269472e+02      1
5  1.024434e+05      1
6  3.092422e+02      1
7  4.218655e+02      1
8  6.283868e+03      1
9  2.246050e+05      1
10 9.960953e+03      1
11 9.689486e+04      1
12 1.329618e+04      1
13 9.811926e+02      1
14 2.508103e+03      1
15 1.443729e+05      1
16 7.986926e+03      1
17 5.175833e+03      1
18 5.073948e+03      1
19 1.058892e+05      1
20 3.775800e+04      1
21 1.157265e+02      1
22 7.188430e+05      1
23 1.873113e+04      1
24 3.953344e+03      1
25 7.758408e+04      1
26 6.665679e+03      1
27 1.396233e+05 0.1365
28 5.920385e+04      1
29 4.103061e+03      1
30 6.862198e+04      1
31 1.057338e+05 0.2548
32 3.310311e+04      1
33 2.903428e+02      1
34 9.269424e+02      1
35 1.652664e+04      1
36 2.273099e+02      1
37 5.562511e+04      1
38 4.853967e+03      1
39 3.970213e+04      1
40 3.132533e+04      1
41 1.753350e+04      1
42 1.717357e+04      1
43 1.120743e+03      1
44 1.433319e+04      1
45 4.874305e+04      1
46 3.013481e+03      1
47 1.981968e+04      1
48 1.896822e+04      1
49 6.724474e+04      1
50 8.020083e+03      1
51 2.861098e+04      1
52 8.981068e+01      1
53 4.365663e+04      1
54 5.855842e+04      1
55 7.430456e+04      1
56 2.370490e+02      1
57 1.538919e+05 0.2912
58 4.001143e+02      1
59 6.010332e+03      1
60 5.375715e+03      1
61 2.022584e+04      1
62 5.006371e+04      1
63 3.696950e+04      1
64 3.647806e+03      1
65 1.498549e+04      1
66 2.709086e+04      1
67 4.349249e+04      1
68 1.000231e+03      1
69 2.952984e+04      1
70 4.212599e+02      1
71 8.368926e+02      1
72 1.757576e+04      1
73 2.989878e+04      1
74 4.564719e+03      1
75 2.624347e+00      1
76 1.261013e+04      1
77 1.412047e+03      1
78 7.069928e+02      1
79 5.286631e+03      1
80 8.767705e+01      1
81 1.406583e+05      1
82 1.797686e+06      1
83 2.495095e+05      1
84 9.976966e+02      1
85 2.313960e+01      1
86 5.722150e+03      1
87 1.445726e+02      1
88 9.361741e+03      1
89 2.998421e+04      1
90 6.019927e-02      1
91 1.048029e+04      1

$`MR-PRESSO results`$`Distortion Test`
$`MR-PRESSO results`$`Distortion Test`$`Outliers Indices`
[1] "No significant outliers"

$`MR-PRESSO results`$`Distortion Test`$`Distortion Coefficient`
[1] NA

$`MR-PRESSO results`$`Distortion Test`$Pvalue
[1] NA



