SNP	CHR	POS	Effect_allele	Non_Effect_allele	EAF	Beta	SE	P	N	r2
rs10227687	7	38741626	A	G	0.586973	0.0051176	0.0011184	4.74897627573064e-6	120640	1.2698699278548773e-5
rs1042725	12	66358347	T	C	0.512304	-0.0050498	0.0010948	3.98107170553497e-6	121604	1.2742519065439012e-5
rs10923030	1	88617883	T	C	0.228734	-0.0061911	0.0012976	1.83231442237121e-6	121061	1.3523856219325665e-5
rs114658808	2	119423996	A	G	0.0317986	0.017448	0.0035847	1.13344382297103e-6	120734	1.8745412719825436e-5
rs116258323	1	214449747	T	C	0.0583154	0.011269	0.0023677	1.94177989440975e-6	119452	1.3947278741342501e-5
rs116497462	5	80853370	C	T	0.0597167	-0.01011	0.0022141	4.97393379106775e-6	120008	1.1478544702383817e-5
rs11677810	2	68066201	A	C	0.230859	0.0061515	0.0012927	1.94984459975805e-6	116771	1.3438315250931995e-5
rs11718871	3	71607159	C	G	0.403342	0.0055334	0.0011066	5.72927937331753e-7	121139	1.473713434620456e-5
rs11733695	4	100122916	A	G	0.00902371	-0.058409	0.0061451	2.03704207770572e-21	121253	6.101518478672725e-5
rs11940694	4	39414993	G	A	0.594841	0.0094562	0.0011271	4.90907876152602e-17	117878	4.310123152030634e-5
rs12473732	2	44118428	T	C	0.525593	-0.0052043	0.0010961	2.05541726417666e-6	120895	1.3506888148252634e-5
rs1260326	2	27730940	C	T	0.59518	0.0065226	0.0011183	5.46512374519873e-9	121604	2.0501317783054678e-5
rs13056472	22	43104401	A	T	0.260687	0.0061861	0.001238	5.838482731072e-7	119773	1.4750664498104713e-5
rs13080764	3	58272597	A	G	0.620278	-0.0058284	0.0011814	8.08909619409831e-7	100131	1.6002241938657964e-5
rs13107325	4	103188709	T	C	0.065445	-0.013248	0.0021033	3.01717152260177e-10	121604	2.146900770960814e-5
rs144198753	4	99713350	T	C	0.0152756	-0.050862	0.0052213	2.05116217882557e-22	120486	7.782691928149679e-5
rs148382129	4	100885120	T	C	0.00983985	-0.036437	0.0065478	2.6320855443441e-8	121485	2.5870757353911675e-5
rs16872457	8	106149928	A	G	0.164444	0.0069464	0.0014453	1.54134550416803e-6	121604	1.325998906852092e-5
rs1691471	3	85011013	T	C	0.350385	0.0056436	0.0011327	6.28347656984477e-7	120067	1.4499198495843761e-5
rs1852686	2	145809250	T	C	0.680428	-0.0054126	0.0011754	4.13142620642759e-6	121441	1.2740684446211316e-5
rs186211825	15	52484951	G	A	0.00971666	-0.028939	0.0063275	4.79954424931944e-6	121181	1.6116603236417557e-5
rs187725101	4	74954017	C	T	0.00494302	-0.047981	0.01028	3.05140602914104e-6	120871	2.264690738498553e-5
rs199832508	5	130859486	C	A	0.128231	0.0096038	0.0019706	1.09698325929919e-6	67197	2.0621044562740892e-5
rs2101975	4	106216667	G	A	0.441223	-0.0052306	0.0011088	2.39441817286338e-6	119866	1.3490550731826193e-5
rs2119292	18	53082974	T	C	0.875947	-0.008102	0.0016459	8.56051711720095e-7	118271	1.4265913102720616e-5
rs2371011	2	211514492	G	A	0.296597	-0.0065436	0.0012175	7.69661920318087e-8	116906	1.7866293055566567e-5
rs3138496	9	92219801	T	C	0.0506958	0.0099789	0.002151	3.49945167028357e-6	121604	9.584571903521895e-6
rs34174593	5	7657967	A	G	0.0462427	-0.011613	0.0024398	1.94133283453752e-6	120490	1.1895971261614943e-5
rs35040843	8	93341497	T	C	0.279212	0.0059183	0.0012193	1.2122717925365e-6	118841	1.4098261916877807e-5
rs35069260	16	30502558	C	T	0.112273	-0.007333	0.0016061	4.9842520940426e-6	120968	1.0718848239466458e-5
rs4131382	2	173209097	C	T	0.405528	-0.0054736	0.0011064	7.52835343844754e-7	119680	1.4445359648951203e-5
rs4739209	8	20991587	T	G	0.207391	-0.0065508	0.0013358	9.40372672686481e-7	120529	1.4108069208118733e-5
rs4832509	2	18059381	G	A	0.868232	0.0075828	0.0015974	2.06633151756448e-6	121526	1.3156335534546061e-5
rs492602	19	49206417	G	A	0.465599	0.0056216	0.001093	2.70333582636177e-7	121604	1.5726394931129122e-5
rs4953148	2	45152522	T	A	0.329858	0.0059054	0.0011993	8.49180475036314e-7	119522	1.541780306294455e-5
rs531322888	9	79379157	C	T	0.0208748	-0.025173	0.0050519	6.27624661280024e-7	118051	2.5903622285561238e-5
rs535041692	1	26623408	C	A	0.00795229	-0.068187	0.01435	2.0179016711532e-6	120829	7.335976486135343e-5
rs5546	2	40341388	C	T	0.185694	0.0068648	0.0014422	1.93865263595221e-6	119394	1.4251851213749289e-5
rs554894200	11	47806657	T	A	0.321074	0.0076262	0.0012518	1.1173777007617e-9	80928	2.535560375147385e-5
rs55726529	3	135458327	G	A	0.105266	-0.0095349	0.0018573	2.8457713318638e-7	112614	1.7125542674085772e-5
rs55938136	17	43798360	G	A	0.205805	-0.0071895	0.0013132	4.39238095690463e-8	121582	1.6897032600421844e-5
rs576446781	18	66995436	G	T	0.00537419	-0.027632	0.0059882	3.94729877659786e-6	120869	8.16257862043331e-6
rs578102530	17	44364335	A	G	0.170974	-0.0090055	0.0014969	1.7939073117342e-9	102419	2.2990259864354575e-5
rs6764067	3	160394152	C	T	0.399045	0.0051665	0.0011146	3.56861749283481e-6	119891	1.2802261371240481e-5
rs701455	15	46816049	A	G	0.530474	-0.0052638	0.0011047	1.89190794058548e-6	121604	1.3802333099002593e-5
rs72771074	16	20002523	C	A	0.259039	0.0069253	0.00127	4.95678406594118e-8	120439	1.8410589020184032e-5
rs74354286	15	76617721	G	A	0.26640200000000003	0.0071982	0.0015585	3.86544946598284e-6	92995	2.0252257178223787e-5
rs803809	13	71596437	T	C	0.0510779	0.011871	0.002472	1.57036280433355e-6	120757	1.3660550478598829e-5
rs9372625	6	98344031	A	G	0.366739	0.005399	0.0011267	1.65424564505773e-6	120110	1.3539308670819307e-5
rs9607805	22	41854446	T	C	0.693517	0.0066022	0.0012328	8.54673030766978e-8	120262	1.8529805021832546e-5
rs9937062	16	17487725	C	T	0.335694	0.0055895	0.0011516	1.21310948952092e-6	119450	1.3934380666247077e-5
