SNP	CHROM	POS	REF	ALT	AF	BETA	SE	Z	P	N	TRAIT
rs10158032	1	46332701	T	C	0.279078	0.0034119999999999997	0.004408	0.7740471869328494	0.439	3146	CSF_ab42
rs7525101	NA	NA	NA	NA	NA	NA	NA	NA	NA	NA	NA
rs2941580	2	54862003	G	A	0.564791	-0.005675	0.0040479999999999995	-1.401926877470356	0.161	3146	CSF_ab42
rs741475	2	208087139	C	T	0.557398	-0.00231	0.0041329999999999995	-0.558916	0.5763	3146	CSF_ab42
rs3915060	3	121712980	C	T	0.7085	-0.001299	0.0047420000000000006	-0.273935	0.7841	3146	CSF_ab42
rs6443802	3	182137631	C	A	0.362213	0.004978	0.004263	1.1677222613183202	0.2431	3146	CSF_ab42
rs13147559	4	17524570	C	G	0.139956	-0.0043630000000000006	0.005968	-0.7310656836461127	0.4647	3146	CSF_ab42
rs7712395	5	2559538	C	T	0.111233	-0.001962	0.006492	-0.3022181146025878	0.7626	3146	CSF_ab42
rs6871548	5	73076024	C	T	0.446805	-0.007778	0.004029	-1.930503847108464	0.053610000000000005	3146	CSF_ab42
rs1363103	5	103917837	T	C	0.393745	-7.509999999999999e-4	0.0041530000000000004	-0.18083313267517453	0.8565	3146	CSF_ab42
rs1050556	NA	NA	NA	NA	NA	NA	NA	NA	NA	NA	NA
rs35186928	NA	NA	NA	NA	NA	NA	NA	NA	NA	NA	NA
rs62646255	NA	NA	NA	NA	NA	NA	NA	NA	NA	NA	NA
rs9493627	6	133789728	G	A	0.295926	0.005591	0.00427	1.3093676814988289	0.1905	3146	CSF_ab42
rs2296506	6	158507981	G	A	0.516105	0.0044470000000000004	0.004083	1.08915	0.2762	3146	CSF_ab42
rs11238325	7	50853151	C	T	0.693718	0.002516	0.004598	0.547194	0.5843	3146	CSF_ab42
rs2354376	7	138487145	C	A	0.59589	0.001343	0.00439	0.305923	0.7598	3146	CSF_ab42
rs12156228	NA	NA	NA	NA	NA	NA	NA	NA	NA	NA	NA
rs4948502	10	63839417	T	C	0.410247	-0.005826	0.004103	-1.4199366317328783	0.1557	3146	CSF_ab42
rs10901863	NA	NA	NA	NA	NA	NA	NA	NA	NA	NA	NA
rs55635402	11	8056913	A	G	0.218944	-0.006648	0.0052899999999999996	-1.256710775047259	0.209	3146	CSF_ab42
rs11018564	11	89035134	T	C	0.372638	-0.00112	0.0042380000000000004	-0.2642756016989145	0.7916	3146	CSF_ab42
rs67307131	NA	NA	NA	NA	NA	NA	NA	NA	NA	NA	NA
rs7313797	12	109896165	T	C	0.502217	0.006547	0.004089	1.6011249694301786	0.1094	3146	CSF_ab42
rs1566129	14	52514912	T	C	0.642468	0.00496	0.004065	1.22017	0.2224	3146	CSF_ab42
rs62015199	NA	NA	NA	NA	NA	NA	NA	NA	NA	NA	NA
rs78417468	16	55492795	G	A	0.217613	7.523e-4	0.004927	0.15268926324335297	0.8786	3146	CSF_ab42
rs11881070	NA	NA	NA	NA	NA	NA	NA	NA	NA	NA	NA
rs5756795	22	38122122	T	C	0.471503	-0.005753	0.004068	-1.4142084562438546	0.1574	3146	CSF_ab42
rs36062310	NA	NA	NA	NA	NA	NA	NA	NA	NA	NA	NA
