$`Main MR results`
       Exposure       MR Analysis Causal Estimate         Sd      T-stat
1 beta.exposure               Raw     0.027855185 0.09511813  0.29284831
2 beta.exposure Outlier-corrected    -0.003653186 0.09060831 -0.04031844
    P-value
1 0.7704059
2 0.9679423

$`MR-PRESSO results`
$`MR-PRESSO results`$`Global Test`
$`MR-PRESSO results`$`Global Test`$RSSobs
[1] 112.2282

$`MR-PRESSO results`$`Global Test`$Pvalue
[1] 0.0137


$`MR-PRESSO results`$`Outlier Test`
         RSSobs Pvalue
1  1.324853e-05      1
2  1.045279e-07      1
3  4.471530e-06      1
4  2.279854e-05      1
5  1.828925e-07      1
6  7.880604e-07      1
7  7.509834e-06      1
8  4.521738e-07      1
9  1.734160e-04  0.976
10 1.207173e-04      1
11 1.179630e-04      1
12 1.494962e-09      1
13 1.368928e-05      1
14 3.764655e-05      1
15 2.066754e-06      1
16 2.443540e-05      1
17 1.740800e-05      1
18 3.293599e-05      1
19 2.562468e-09      1
20 8.573844e-07      1
21 4.169380e-05      1
22 2.121440e-04      1
23 1.172335e-07      1
24 2.361955e-05      1
25 6.386678e-05      1
26 2.593108e-04      1
27 6.981418e-05      1
28 5.669505e-05      1
29 2.689316e-07      1
30 3.767382e-05      1
31 9.970367e-05      1
32 1.135517e-04      1
33 2.240128e-05      1
34 2.360254e-06      1
35 2.137523e-04  0.024
36 4.090322e-05      1
37 3.511856e-05      1
38 9.193263e-08      1
39 6.322466e-06      1
40 1.048382e-04      1
41 9.346296e-06      1
42 1.428180e-06      1
43 2.247540e-06      1
44 3.696800e-05      1
45 7.852138e-06      1
46 4.879008e-05      1
47 3.212294e-05      1
48 2.225595e-04      1
49 5.215598e-05      1
50 1.671344e-06      1
51 2.061107e-06      1
52 1.309007e-08      1
53 6.075317e-06      1
54 8.674392e-05      1
55 2.871590e-05      1
56 2.369639e-05      1
57 1.971074e-05      1
58 6.068897e-05      1
59 3.003170e-05      1
60 3.887233e-07      1
61 5.222562e-05      1
62 4.231623e-05      1
63 6.722869e-05      1
64 4.639200e-05      1
65 6.425679e-06      1
66 6.829082e-05      1
67 5.968109e-05      1
68 5.660534e-05      1
69 9.942480e-05      1
70 3.006480e-06      1
71 3.245584e-07      1
72 1.825927e-06      1
73 2.092544e-05      1
74 4.227105e-07      1
75 1.254834e-05      1
76 6.251730e-06      1
77 2.727692e-06      1
78 5.184562e-06      1
79 3.528474e-05      1
80 6.996016e-05      1

$`MR-PRESSO results`$`Distortion Test`
$`MR-PRESSO results`$`Distortion Test`$`Outliers Indices`
[1] 35

$`MR-PRESSO results`$`Distortion Test`$`Distortion Coefficient`
beta.exposure 
     862.4902 

$`MR-PRESSO results`$`Distortion Test`$Pvalue
[1] 0.0256



