SNP	CHROM	POS	REF	ALT	AF	BETA	SE	Z	P	N	TRAIT
rs10158032	1	46332701	T	C	0.279078	0.0034119999999999997	0.004408	0.7740471869328494	0.439	3146	CSF_ab42
rs138863615	1	47477558	G	A	0.0648148	0.006776000000000001	0.01261	0.5373513084853292	0.5912	3146	CSF_ab42
rs183649071	NA	NA	NA	NA	NA	NA	NA	NA	NA	NA	NA
rs76568195	NA	NA	NA	NA	NA	NA	NA	NA	NA	NA	NA
rs7525101	NA	NA	NA	NA	NA	NA	NA	NA	NA	NA	NA
rs72749035	1	199458732	C	T	0.210824	-0.007319	0.004782	-1.5305311585110832	0.126	3146	CSF_ab42
rs62136185	NA	NA	NA	NA	NA	NA	NA	NA	NA	NA	NA
rs11682778	NA	NA	NA	NA	NA	NA	NA	NA	NA	NA	NA
rs2941580	2	54862003	G	A	0.564791	-0.005675	0.0040479999999999995	-1.401926877470356	0.161	3146	CSF_ab42
rs7593962	2	142299923	T	G	0.369477	0.00972	0.004246	2.289213377296279	0.02215	3146	CSF_ab42
rs741475	2	208087139	C	T	0.557398	-0.00231	0.0041329999999999995	-0.558916	0.5763	3146	CSF_ab42
rs78332440	NA	NA	NA	NA	NA	NA	NA	NA	NA	NA	NA
rs76396839	NA	NA	NA	NA	NA	NA	NA	NA	NA	NA	NA
rs78500097	3	71395329	G	A	0.238657	-0.004691	0.004824	-0.97242951907131	0.3309	3146	CSF_ab42
rs115995810	NA	NA	NA	NA	NA	NA	NA	NA	NA	NA	NA
rs1123898	3	120157082	C	T	0.821972	8.367e-4	0.005005	0.167173	0.8673	3146	CSF_ab42
rs3915060	3	121712980	C	T	0.7085	-0.001299	0.0047420000000000006	-0.273935	0.7841	3146	CSF_ab42
rs9856073	3	156258387	G	T	0.784068	0.008086	0.005032	1.60692	0.1082	3146	CSF_ab42
rs6443802	3	182137631	C	A	0.362213	0.004978	0.004263	1.1677222613183202	0.2431	3146	CSF_ab42
rs3121418	4	3251575	G	A	0.389153	0.002641	0.004397	0.6006367978166932	0.5481	3146	CSF_ab42
rs13147559	4	17524570	C	G	0.139956	-0.0043630000000000006	0.005968	-0.7310656836461127	0.4647	3146	CSF_ab42
rs17089955	NA	NA	NA	NA	NA	NA	NA	NA	NA	NA	NA
rs7712395	5	2559538	C	T	0.111233	-0.001962	0.006492	-0.3022181146025878	0.7626	3146	CSF_ab42
rs116839986	5	16021426	T	C	0.0233611	-0.01126	0.012819999999999998	-0.8783151326053042	0.3798	3146	CSF_ab42
rs641221	5	32439324	A	G	0.448508	0.005448	0.004116	1.3236151603498543	0.1858	3146	CSF_ab42
rs113147371	NA	NA	NA	NA	NA	NA	NA	NA	NA	NA	NA
rs343103	5	72849775	C	T	0.729989	-0.009977	0.004331000000000001	-2.30363	0.02129	3146	CSF_ab42
rs6871548	5	73076024	C	T	0.446805	-0.007778	0.004029	-1.930503847108464	0.053610000000000005	3146	CSF_ab42
rs655939	5	89840934	A	G	0.71934	0.004549	0.004594	0.990205	0.3222	3146	CSF_ab42
rs13154000	5	93027669	A	G	0.085388	-0.005482	0.006287	-0.8719580085891522	0.3834	3146	CSF_ab42
rs1363103	5	103917837	T	C	0.393745	-7.509999999999999e-4	0.0041530000000000004	-0.18083313267517453	0.8565	3146	CSF_ab42
rs35418468	NA	NA	NA	NA	NA	NA	NA	NA	NA	NA	NA
rs13171669	5	148601243	A	G	0.387659	-1.0669999999999999e-4	0.004326	-0.02466481738326398	0.9803	3146	CSF_ab42
rs142215586	5	160789091	G	A	0.0139493	0.013969999999999998	0.013890000000000001	1.0057595392368608	0.3147	3146	CSF_ab42
rs184239308	5	169049181	C	G	0.0651698	0.007893	0.009804	0.8050795593635252	0.4208	3146	CSF_ab42
rs72839531	NA	NA	NA	NA	NA	NA	NA	NA	NA	NA	NA
rs12660376	6	16771451	T	C	0.0223393	0.006658	0.01195	0.5571548117154811	0.5776	3146	CSF_ab42
rs3094081	NA	NA	NA	NA	NA	NA	NA	NA	NA	NA	NA
rs1050556	NA	NA	NA	NA	NA	NA	NA	NA	NA	NA	NA
rs35186928	NA	NA	NA	NA	NA	NA	NA	NA	NA	NA	NA
rs62646255	NA	NA	NA	NA	NA	NA	NA	NA	NA	NA	NA
rs9451298	6	90660319	T	C	0.287669	-0.0021030000000000003	0.004527000000000001	-0.464546056991385	0.6423	3146	CSF_ab42
rs9493627	6	133789728	G	A	0.295926	0.005591	0.00427	1.3093676814988289	0.1905	3146	CSF_ab42
rs6934436	6	136257057	G	A	0.405229	0.005295	0.004013	1.3194617493147272	0.1871	3146	CSF_ab42
rs724162	6	151108413	G	A	0.0243548	0.0010140000000000001	0.01323	0.07664399092970522	0.9389	3146	CSF_ab42
rs2296506	6	158507981	G	A	0.516105	0.0044470000000000004	0.004083	1.08915	0.2762	3146	CSF_ab42
rs11772463	7	2078132	A	C	0.22549	2.283e-4	0.0054789999999999995	0.0416681876254791	0.9668	3146	CSF_ab42
rs10951245	7	3610364	C	T	0.537205	5.621e-4	0.004069	0.138142	0.8901	3146	CSF_ab42
rs113330725	NA	NA	NA	NA	NA	NA	NA	NA	NA	NA	NA
rs74792704	NA	NA	NA	NA	NA	NA	NA	NA	NA	NA	NA
rs202166322	NA	NA	NA	NA	NA	NA	NA	NA	NA	NA	NA
rs11238325	7	50853151	C	T	0.693718	0.002516	0.004598	0.547194	0.5843	3146	CSF_ab42
rs35624969	7	72991592	T	C	0.194222	0.001021	0.004777	0.21373246807619845	0.8307	3146	CSF_ab42
rs2354376	7	138487145	C	A	0.59589	0.001343	0.00439	0.305923	0.7598	3146	CSF_ab42
rs28595558	8	21540875	C	T	0.373816	-0.006479	0.004307	-1.5042953331785467	0.1326	3146	CSF_ab42
rs35311875	NA	NA	NA	NA	NA	NA	NA	NA	NA	NA	NA
rs117303537	NA	NA	NA	NA	NA	NA	NA	NA	NA	NA	NA
rs74544416	8	82657745	A	G	0.0628396	-0.008467	0.008348999999999999	-1.0141334291531923	0.3106	3146	CSF_ab42
rs200089766	NA	NA	NA	NA	NA	NA	NA	NA	NA	NA	NA
rs12156228	NA	NA	NA	NA	NA	NA	NA	NA	NA	NA	NA
rs10815523	NA	NA	NA	NA	NA	NA	NA	NA	NA	NA	NA
rs516609	9	78069679	C	T	0.130585	-0.0025670000000000003	0.005932	-0.4327376938637897	0.6653	3146	CSF_ab42
rs10868564	9	89967771	T	C	0.321545	0.001935	0.004311	0.4488517745302715	0.6535	3146	CSF_ab42
rs12156559	NA	NA	NA	NA	NA	NA	NA	NA	NA	NA	NA
rs784686	9	109906540	A	G	0.5822	-0.001205	0.00406	-0.296798	0.7667	3146	CSF_ab42
rs10759693	9	117162253	C	T	0.493081	-4.598e-4	0.004029	-0.114123	0.9091	3146	CSF_ab42
rs62571785	NA	NA	NA	NA	NA	NA	NA	NA	NA	NA	NA
rs4948502	10	63839417	T	C	0.410247	-0.005826	0.004103	-1.4199366317328783	0.1557	3146	CSF_ab42
rs150193878	NA	NA	NA	NA	NA	NA	NA	NA	NA	NA	NA
rs2270552	10	75863750	C	T	0.703374	0.009732	0.004438	2.19288	0.02837	3146	CSF_ab42
rs11596052	NA	NA	NA	NA	NA	NA	NA	NA	NA	NA	NA
rs835267	10	94790035	A	G	0.451769	-0.002336	0.004258	-0.5486143729450447	0.5833	3146	CSF_ab42
rs10883567	10	102755779	T	C	0.53595	0.004589	0.004135	1.1097944377267233	0.2671	3146	CSF_ab42
rs10901863	NA	NA	NA	NA	NA	NA	NA	NA	NA	NA	NA
rs55635402	11	8056913	A	G	0.218944	-0.006648	0.0052899999999999996	-1.256710775047259	0.209	3146	CSF_ab42
rs7926527	NA	NA	NA	NA	NA	NA	NA	NA	NA	NA	NA
rs61904542	NA	NA	NA	NA	NA	NA	NA	NA	NA	NA	NA
rs61890355	NA	NA	NA	NA	NA	NA	NA	NA	NA	NA	NA
rs7104949	11	51449600	A	T	0.219826	0.003361	0.0051530000000000005	0.6522414127692605	0.5144	3146	CSF_ab42
rs2878346	NA	NA	NA	NA	NA	NA	NA	NA	NA	NA	NA
rs118176061	NA	NA	NA	NA	NA	NA	NA	NA	NA	NA	NA
rs509244	11	56592445	A	G	0.530331	-0.002131	0.0041649999999999994	-0.511645	0.6089	3146	CSF_ab42
rs509244	11	56592445	A	T	0.0989829	-0.002131	0.0041649999999999994	-0.511645	0.6089	3146	CSF_ab42
rs61904001	11	56599676	C	A	0.0485859	9.017000000000001e-4	0.009918000000000001	0.09091550715870135	0.9276	3146	CSF_ab42
rs147893329	NA	NA	NA	NA	NA	NA	NA	NA	NA	NA	NA
rs11018564	11	89035134	T	C	0.372638	-0.00112	0.0042380000000000004	-0.2642756016989145	0.7916	3146	CSF_ab42
rs67307131	NA	NA	NA	NA	NA	NA	NA	NA	NA	NA	NA
rs7112628	NA	NA	NA	NA	NA	NA	NA	NA	NA	NA	NA
rs117971111	NA	NA	NA	NA	NA	NA	NA	NA	NA	NA	NA
rs7313797	12	109896165	T	C	0.502217	0.006547	0.004089	1.6011249694301786	0.1094	3146	CSF_ab42
rs117168902	NA	NA	NA	NA	NA	NA	NA	NA	NA	NA	NA
rs117887149	NA	NA	NA	NA	NA	NA	NA	NA	NA	NA	NA
rs35887622	NA	NA	NA	NA	NA	NA	NA	NA	NA	NA	NA
rs7982293	13	22717681	T	C	0.213767	-4.7880000000000004e-4	0.004704	-0.1017857142857143	0.9189	3146	CSF_ab42
rs2806936	13	53749752	T	G	0.596245	0.0146	0.004103	3.55837	3.8050000000000003e-4	3146	CSF_ab42
rs920701	13	76417101	C	T	0.614073	-0.001471	0.004214	-0.349075	0.727	3146	CSF_ab42
rs2274058	13	99069380	G	A	0.228665	0.01034	0.004765999999999999	2.169534200587495	0.030139999999999997	3146	CSF_ab42
rs1566129	14	52514912	T	C	0.642468	0.00496	0.004065	1.22017	0.2224	3146	CSF_ab42
rs148834318	NA	NA	NA	NA	NA	NA	NA	NA	NA	NA	NA
rs17183201	14	75288697	T	G	0.0749728	-0.01626	0.009361	-1.7369939109069545	0.0826	3146	CSF_ab42
rs62015199	NA	NA	NA	NA	NA	NA	NA	NA	NA	NA	NA
rs68020185	NA	NA	NA	NA	NA	NA	NA	NA	NA	NA	NA
rs12441297	15	89236386	T	G	0.164853	0.0038399999999999997	0.005147	0.7460656693219351	0.4558	3146	CSF_ab42
rs1965024	16	51173559	G	A	0.629313	0.007603	0.004319	1.76036	0.07847	3146	CSF_ab42
rs8063057	16	53812433	T	C	0.435256	0.003646	0.0041660000000000004	0.8751800288046087	0.3816	3146	CSF_ab42
rs78417468	16	55492795	G	A	0.217613	7.523e-4	0.004927	0.15268926324335297	0.8786	3146	CSF_ab42
rs72801922	16	78522497	G	A	0.0901163	0.006186	0.0075120000000000004	0.8234824281150159	0.4103	3146	CSF_ab42
rs222835	17	7134129	A	G	0.578717	0.006221	0.004152	1.49831	0.1341	3146	CSF_ab42
rs12944235	NA	NA	NA	NA	NA	NA	NA	NA	NA	NA	NA
rs16946650	17	61001075	T	A	0.0627266	0.007659999999999999	0.008514	0.8996946206248531	0.3684	3146	CSF_ab42
rs188679563	NA	NA	NA	NA	NA	NA	NA	NA	NA	NA	NA
rs143796236	NA	NA	NA	NA	NA	NA	NA	NA	NA	NA	NA
rs111397166	NA	NA	NA	NA	NA	NA	NA	NA	NA	NA	NA
rs72930982	18	52629054	A	G	0.235764	-0.008288	0.004963	-1.6699576868829336	0.095	3146	CSF_ab42
rs11881070	NA	NA	NA	NA	NA	NA	NA	NA	NA	NA	NA
rs12977487	NA	NA	NA	NA	NA	NA	NA	NA	NA	NA	NA
rs756997	19	19467085	G	C	0.853219	-0.007634	0.005452	-1.40022	0.1615	3146	CSF_ab42
rs62186862	20	1371335	C	T	0.0854809	-0.002671	0.006792	-0.3932567726737338	0.6941	3146	CSF_ab42
rs58087807	20	44089033	T	C	0.0221095	0.01525	0.01351	1.1287934863064397	0.2591	3146	CSF_ab42
rs61734651	NA	NA	NA	NA	NA	NA	NA	NA	NA	NA	NA
rs144394105	NA	NA	NA	NA	NA	NA	NA	NA	NA	NA	NA
rs5756795	22	38122122	T	C	0.471503	-0.005753	0.004068	-1.4142084562438546	0.1574	3146	CSF_ab42
rs7284708	NA	NA	NA	NA	NA	NA	NA	NA	NA	NA	NA
rs36062310	NA	NA	NA	NA	NA	NA	NA	NA	NA	NA	NA
