$`Main MR results`
       Exposure       MR Analysis Causal Estimate         Sd     T-stat
1 beta.exposure               Raw     -0.01780762 0.02646334 -0.6729165
2 beta.exposure Outlier-corrected     -0.02757994 0.02446131 -1.1274926
    P-value
1 0.5028046
2 0.2627070

$`MR-PRESSO results`
$`MR-PRESSO results`$`Global Test`
$`MR-PRESSO results`$`Global Test`$RSSobs
[1] 124.5374

$`MR-PRESSO results`$`Global Test`$Pvalue
[1] 0.0082


$`MR-PRESSO results`$`Outlier Test`
         RSSobs  Pvalue
1  1.011404e-05       1
2  1.914373e-05       1
3  1.681342e-04       1
4  1.233531e-04       1
5  3.397748e-05       1
6  1.909248e-07       1
7  1.787789e-04       1
8  5.456524e-05       1
9  2.469410e-04       1
10 4.646338e-04       1
11 1.323565e-04       1
12 7.638053e-05       1
13 6.775245e-05       1
14 1.122703e-05       1
15 8.563640e-08       1
16 8.411429e-05       1
17 5.250855e-06       1
18 7.897025e-04       1
19 2.347451e-04       1
20 3.245479e-05       1
21 1.572716e-04       1
22 2.808332e-05       1
23 7.520685e-06       1
24 6.029846e-04  0.5481
25 9.725691e-05       1
26 4.171002e-07       1
27 1.291106e-04       1
28 3.122893e-05       1
29 1.055724e-03  0.2175
30 9.026837e-05       1
31 1.126179e-04       1
32 3.099231e-06       1
33 2.387145e-03       1
34 8.667939e-05       1
35 3.116591e-05       1
36 6.062491e-05       1
37 3.181753e-03 <0.0087
38 1.108489e-05       1
39 1.247824e-04       1
40 1.772251e-04       1
41 1.065219e-04       1
42 1.134026e-04       1
43 3.735716e-04       1
44 7.951993e-06       1
45 1.242024e-06       1
46 1.344094e-05       1
47 2.704498e-04       1
48 3.185942e-04       1
49 4.017174e-06       1
50 5.936816e-06       1
51 1.880776e-05       1
52 5.018575e-05       1
53 1.622343e-08       1
54 2.659656e-04       1
55 8.825199e-05       1
56 1.073239e-04       1
57 8.802188e-06       1
58 4.803310e-05       1
59 5.334368e-04       1
60 1.439987e-04       1
61 5.878821e-05       1
62 1.767779e-04       1
63 5.474765e-06       1
64 1.968324e-04       1
65 2.746265e-04       1
66 4.426117e-06       1
67 1.175850e-05       1
68 1.513259e-04       1
69 3.319911e-05       1
70 5.842070e-04       1
71 2.505031e-05       1
72 8.812158e-06       1
73 1.223122e-04       1
74 1.328284e-04       1
75 1.595230e-07       1
76 1.420497e-04       1
77 2.995304e-05       1
78 3.141266e-05       1
79 5.968020e-05       1
80 1.786518e-04       1
81 5.665585e-05       1
82 3.622744e-05       1
83 1.486737e-04       1
84 2.893497e-06       1
85 2.155324e-05       1
86 2.003308e-04       1
87 2.583061e-05       1

$`MR-PRESSO results`$`Distortion Test`
$`MR-PRESSO results`$`Distortion Test`$`Outliers Indices`
[1] 37

$`MR-PRESSO results`$`Distortion Test`$`Distortion Coefficient`
beta.exposure 
     35.43271 

$`MR-PRESSO results`$`Distortion Test`$Pvalue
[1] 0.7196



