$`Main MR results`
       Exposure       MR Analysis Causal Estimate         Sd   T-stat
1 beta.exposure               Raw      0.03167626 0.01576299 2.009534
2 beta.exposure Outlier-corrected              NA         NA       NA
     P-value
1 0.04688497
2         NA

$`MR-PRESSO results`
$`MR-PRESSO results`$`Global Test`
$`MR-PRESSO results`$`Global Test`$RSSobs
[1] 146.4237

$`MR-PRESSO results`$`Global Test`$Pvalue
[1] 0.0228


$`MR-PRESSO results`$`Outlier Test`
          RSSobs Pvalue
1   9.630830e-05      1
2   5.786381e-05      1
3   3.163566e-05      1
4   1.636309e-05      1
5   1.082831e-04      1
6   5.490631e-06      1
7   4.702646e-04 0.4294
8   5.123067e-05      1
9   7.915922e-06      1
10  4.963634e-07      1
11  1.253161e-05      1
12  4.221727e-05      1
13  1.630170e-04      1
14  1.148914e-04      1
15  5.572911e-05      1
16  4.265719e-06      1
17  9.130241e-07      1
18  3.586825e-06      1
19  9.169835e-06      1
20  1.556255e-05      1
21  4.066095e-04      1
22  2.087884e-04      1
23  8.377727e-05      1
24  1.177817e-05      1
25  3.804443e-06      1
26  7.313726e-05      1
27  1.771924e-04      1
28  1.021438e-04      1
29  1.084427e-04      1
30  4.824361e-05      1
31  9.160218e-07      1
32  1.221766e-04      1
33  9.253069e-05      1
34  4.546652e-04      1
35  1.165986e-04      1
36  8.585843e-05      1
37  7.614239e-08      1
38  1.597504e-05      1
39  2.047007e-05      1
40  2.134012e-04      1
41  5.435242e-06      1
42  3.094805e-05      1
43  1.088452e-04      1
44  1.945944e-05      1
45  9.919079e-06      1
46  4.069443e-04 0.1243
47  2.098560e-06      1
48  2.171533e-06      1
49  1.412780e-05      1
50  1.185245e-05      1
51  2.520871e-07      1
52  1.437027e-04      1
53  5.598709e-05      1
54  1.122990e-07      1
55  1.663105e-09      1
56  3.863633e-06      1
57  1.052528e-05      1
58  1.577548e-05      1
59  2.036508e-06      1
60  2.882168e-04      1
61  2.972996e-06      1
62  2.806974e-05      1
63  7.439324e-06      1
64  2.559087e-05      1
65  5.919604e-06      1
66  3.102034e-06      1
67  2.439386e-05      1
68  3.795657e-05      1
69  1.425862e-04      1
70  2.711512e-05      1
71  1.398074e-04      1
72  2.023860e-05      1
73  8.281269e-05      1
74  7.495641e-05      1
75  2.716608e-05      1
76  2.540975e-05      1
77  1.430437e-05      1
78  2.311886e-05      1
79  3.378952e-05      1
80  7.009893e-05      1
81  3.481258e-05      1
82  2.474548e-05      1
83  9.856727e-06      1
84  1.817295e-05      1
85  7.221242e-06      1
86  3.688532e-06      1
87  2.011748e-04      1
88  2.858035e-06      1
89  9.015228e-04      1
90  1.006448e-04      1
91  1.035817e-04      1
92  2.491513e-05      1
93  2.831641e-05      1
94  6.408100e-07      1
95  2.006632e-06      1
96  3.344797e-03 0.2825
97  2.276092e-06      1
98  1.112291e-04      1
99  5.868814e-06      1
100 8.559707e-05      1
101 3.030861e-03 0.0678
102 1.165929e-04      1
103 6.114465e-06      1
104 4.350770e-07      1
105 1.525817e-05      1
106 8.295230e-05      1
107 3.207317e-07      1
108 1.125510e-06      1
109 5.865784e-06      1
110 1.160795e-04      1
111 1.974649e-05      1
112 6.812085e-06      1
113 1.715213e-06      1

$`MR-PRESSO results`$`Distortion Test`
$`MR-PRESSO results`$`Distortion Test`$`Outliers Indices`
[1] "No significant outliers"

$`MR-PRESSO results`$`Distortion Test`$`Distortion Coefficient`
[1] NA

$`MR-PRESSO results`$`Distortion Test`$Pvalue
[1] NA



