SNP	CHROM	POS	REF	ALT	AF	BETA	SE	Z	P	N	TRAIT
rs4751	1	1686040	G	T	0.4319	-0.0395	0.0475	-0.8315789473684211	0.405	4735	NFT_Braak_Four
rs4908696	1	6074434	A	G	0.185	0.0042	0.0574	0.0731707	0.9422	4735	NFT_Braak_Four
rs4500342	1	7055578	T	G	0.1934	-0.0365	0.0551	-0.662432	0.507	4735	NFT_Braak_Four
rs35966408	1	19026488	T	C	0.0701	-0.0803	0.1373	-0.584851	0.5588	4735	NFT_Braak_Four
rs10889038	1	57826766	T	C	0.5447	0.0549	0.0438	1.25342	0.2095	4735	NFT_Braak_Four
rs4950796	1	201835409	G	A	0.3471	-0.0629	0.0467	-1.3468950749464668	0.1781	4735	NFT_Braak_Four
rs12047993	1	232816206	G	A	0.2556	-0.084	0.0513	-1.6374269005847955	0.1016	4735	NFT_Braak_Four
rs17327201	2	35448384	T	C	0.1841	-0.0572	0.0582	-0.982818	0.3254	4735	NFT_Braak_Four
rs2944778	2	47885601	T	G	0.7542	-0.0778	0.0523	-1.48757	0.13699999999999998	4735	NFT_Braak_Four
rs1377949	2	52981688	A	G	0.4144	-0.0273	0.0455	-0.6	0.5481	4735	NFT_Braak_Four
rs77217059	2	58989880	G	A	0.1513	0.0492	0.0633	0.7772511848341233	0.4369	4735	NFT_Braak_Four
rs11693221	2	66799986	C	T	0.0479	0.1181	0.1396	0.8459885386819483	0.3975	4735	NFT_Braak_Four
rs4308128	2	116491246	A	C	0.4974	-0.049	0.0436	-1.12385	0.2616	4735	NFT_Braak_Four
rs55683518	2	147484316	T	G	0.387	0.0647	0.0454	1.42511	0.1539	4735	NFT_Braak_Four
rs10198545	2	207895283	G	T	0.2726	-0.0389	0.0503	-0.7733598409542743	0.4395	4735	NFT_Braak_Four
rs1032911	3	20583898	G	A	0.2988	0.0173	0.0476	0.3634453781512605	0.7163	4735	NFT_Braak_Four
rs146420746	NA	NA	NA	NA	NA	NA	NA	NA	NA	NA	NA
rs141767265	3	38899144	G	A	0.0155	-0.0702	0.24	-0.2925	0.7698	4735	NFT_Braak_Four
rs7625896	3	44062561	A	G	0.3734	-0.0101	0.0452	-0.223451	0.8226	4735	NFT_Braak_Four
rs10865954	3	49211989	T	C	0.6626	0.0669	0.0463	1.44492	0.1483	4735	NFT_Braak_Four
rs76735900	3	103364658	C	A	0.0161	-0.6344	0.3753	-1.6903810285105247	0.09093	4735	NFT_Braak_Four
rs4682165	3	114622323	C	T	0.4063	0.0451	0.0442	1.0203619909502262	0.308	4735	NFT_Braak_Four
rs1456193	3	117637697	T	C	0.8185	-0.0833	0.0575	-1.4487	0.1471	4735	NFT_Braak_Four
rs9846998	3	158552362	G	A	0.5735	0.0285	0.0439	0.6492027334851936	0.5156	4735	NFT_Braak_Four
rs73177390	3	182697463	A	G	0.0391	-0.2278	0.1315	-1.73232	0.08316	4735	NFT_Braak_Four
rs71597563	NA	NA	NA	NA	NA	NA	NA	NA	NA	NA	NA
rs12499078	4	53275866	A	G	0.5168	0.0819	0.0453	1.80795	0.0708	4735	NFT_Braak_Four
rs6824784	NA	NA	NA	NA	NA	NA	NA	NA	NA	NA	NA
rs17363806	4	85163040	T	C	0.0543	-0.1231	0.1018	-1.20923	0.2269	4735	NFT_Braak_Four
rs3733421	4	149002841	T	C	0.5812	-0.0034	0.0439	-0.0774487	0.9392	4735	NFT_Braak_Four
rs7710039	5	80492967	T	C	0.2909	-0.0859	0.0485	-1.77113	0.0768	4735	NFT_Braak_Four
rs1430205	5	87678585	C	T	0.4662	-0.1105	0.0444	-2.4887387387387387	0.01286	4735	NFT_Braak_Four
rs26434	5	102363402	C	T	0.6901	0.0401	0.0477	0.8406708595387841	0.4008	4735	NFT_Braak_Four
rs77960	5	103964585	G	A	0.333	0.0755	0.0475	1.5894736842105261	0.1122	4735	NFT_Braak_Four
rs153886	5	123153270	A	G	0.219	0.0132	0.0529	0.249527	0.8033	4735	NFT_Braak_Four
rs7724677	5	124543327	T	C	0.7104	-5e-4	0.0478	-0.0104603	0.9922	4735	NFT_Braak_Four
rs13153029	5	135543031	C	T	0.2343	-0.0302	0.0523	-0.5774378585086042	0.5635	4735	NFT_Braak_Four
rs115512500	5	148664190	G	A	0.0609	-0.1955	0.0969	-2.017543859649123	0.04359	4735	NFT_Braak_Four
rs11134442	5	166478475	A	G	0.6345	0.012	0.0471	0.254777	0.7979999999999999	4735	NFT_Braak_Four
rs60707509	6	24693940	A	G	0.0115	0.275	0.2735	1.00548	0.3147	4735	NFT_Braak_Four
rs1547668	6	33775446	A	G	0.7952	0.0228	0.0547	0.416819	0.6761	4735	NFT_Braak_Four
rs7738649	6	37657827	A	G	0.2407	-0.0076	0.0522	-0.145594	0.8846	4735	NFT_Braak_Four
rs80268004	6	38379895	C	T	0.2262	0.055	0.0541	1.0166358595194085	0.3094	4735	NFT_Braak_Four
rs6938026	6	43185733	A	G	0.1952	0.0023	0.055	0.0418182	0.9663	4735	NFT_Braak_Four
rs145629243	NA	NA	NA	NA	NA	NA	NA	NA	NA	NA	NA
rs17466209	NA	NA	NA	NA	NA	NA	NA	NA	NA	NA	NA
rs608475	6	96424790	C	T	0.2637	-0.0153	0.0495	-0.3090909090909091	0.7578	4735	NFT_Braak_Four
rs9404054	6	101256597	A	G	0.507	-0.031	0.045	-0.688889	0.4907	4735	NFT_Braak_Four
rs370771	6	105398086	G	T	0.4535	0.0514	0.0502	1.0239043824701195	0.306	4735	NFT_Braak_Four
rs9389842	6	141312802	G	A	0.3449	0.0859	0.0487	1.7638603696098563	0.07762000000000001	4735	NFT_Braak_Four
rs73043678	7	3307861	T	C	0.1702	-0.1148	0.0603	-1.90381	0.057139999999999996	4735	NFT_Braak_Four
rs10253198	NA	NA	NA	NA	NA	NA	NA	NA	NA	NA	NA
rs1348244	7	52658125	C	T	0.8347	0.0751	0.0583	1.2881646655231562	0.1975	4735	NFT_Braak_Four
rs1476535	7	114071035	C	G	0.5882	0.3743	0.7859	0.4762692454510752	0.6339	4735	NFT_Braak_Four
rs4142405	NA	NA	NA	NA	NA	NA	NA	NA	NA	NA	NA
rs6984111	8	10211788	C	T	0.8397	-0.0354	0.0629	-0.562798092209857	0.5731	4735	NFT_Braak_Four
rs13253410	8	36502130	A	G	0.3399	-0.0182	0.0461	-0.394794	0.6923	4735	NFT_Braak_Four
rs13252375	NA	NA	NA	NA	NA	NA	NA	NA	NA	NA	NA
rs189286754	NA	NA	NA	NA	NA	NA	NA	NA	NA	NA	NA
rs716009	8	74502909	T	C	0.2975	0.0418	0.0478	0.874477	0.3814	4735	NFT_Braak_Four
rs2956210	8	95952477	A	G	0.7001	0.0194	0.0471	0.41189	0.6801	4735	NFT_Braak_Four
rs183970751	NA	NA	NA	NA	NA	NA	NA	NA	NA	NA	NA
rs12343000	9	131012256	T	C	0.2298	0.0078	0.0567	0.137566	0.8901	4735	NFT_Braak_Four
rs10995307	10	64552242	T	C	0.4968	-0.0126	0.0438	-0.287671	0.7735	4735	NFT_Braak_Four
rs11202681	10	89978800	T	C	0.169	0.0626	0.0618	1.01294	0.3111	4735	NFT_Braak_Four
rs11591681	10	104313377	C	T	0.346	0.0028	0.0484	0.05785123966942149	0.9541	4735	NFT_Braak_Four
rs7915847	NA	NA	NA	NA	NA	NA	NA	NA	NA	NA	NA
rs76761925	11	28062082	C	T	0.1191	0.0188	0.0694	0.27089337175792505	0.7859	4735	NFT_Braak_Four
rs10838708	11	47441513	G	A	0.4571	-0.0375	0.0452	-0.8296460176991151	0.4059	4735	NFT_Braak_Four
rs4073582	11	66050712	G	A	0.3516	0.0665	0.0457	1.4551422319474838	0.1455	4735	NFT_Braak_Four
rs148769295	11	72238072	T	G	0.0286	-0.3003	0.19399999999999998	-1.54794	0.1216	4735	NFT_Braak_Four
rs184586260	NA	NA	NA	NA	NA	NA	NA	NA	NA	NA	NA
rs78607331	NA	NA	NA	NA	NA	NA	NA	NA	NA	NA	NA
rs35414477	12	84338091	G	T	0.2135	-0.0649	0.0534	-1.2153558052434457	0.2246	4735	NFT_Braak_Four
rs9576155	13	37600284	G	A	0.3214	0.079	0.0493	1.6024340770791077	0.109	4735	NFT_Braak_Four
rs6561715	NA	NA	NA	NA	NA	NA	NA	NA	NA	NA	NA
rs4884332	13	59900365	G	A	0.651	0.0542	0.0466	1.1630901287553648	0.245	4735	NFT_Braak_Four
rs61703547	13	70395175	A	G	0.1396	0.0497	0.0637	0.78022	0.4348	4735	NFT_Braak_Four
rs10132715	14	42182103	A	G	0.4671	0.0102	0.0427	0.238876	0.8114	4735	NFT_Braak_Four
rs8024233	15	51808573	A	G	0.7477	0.0321	0.0502	0.639442	0.5231	4735	NFT_Braak_Four
rs56399421	NA	NA	NA	NA	NA	NA	NA	NA	NA	NA	NA
rs138057142	NA	NA	NA	NA	NA	NA	NA	NA	NA	NA	NA
rs57272144	15	89904368	G	A	0.4029	0.0816	0.0465	1.7548387096774194	0.07937000000000001	4735	NFT_Braak_Four
rs35198836	16	1244631	C	T	0.288	0.0685	0.0602	1.137873754152824	0.2546	4735	NFT_Braak_Four
rs116874152	NA	NA	NA	NA	NA	NA	NA	NA	NA	NA	NA
rs12924275	16	9191790	C	T	0.2744	-0.0834	0.0504	-1.6547619047619049	0.09823	4735	NFT_Braak_Four
rs1886715	16	20058816	A	C	0.2273	0.0798	0.0533	1.49719	0.1346	4735	NFT_Braak_Four
rs11643079	16	49619863	C	T	0.1506	0.0523	0.0617	0.8476499189627229	0.3959	4735	NFT_Braak_Four
rs7203524	16	56260279	T	G	0.4494	0.0111	0.0436	0.254587	0.7987	4735	NFT_Braak_Four
rs4986172	17	43216281	C	T	0.3462	0.0406	0.0458	0.8864628820960698	0.3761	4735	NFT_Braak_Four
rs12603818	17	49567749	T	C	0.2471	0.0059	0.051	0.115686	0.9082	4735	NFT_Braak_Four
rs72852768	NA	NA	NA	NA	NA	NA	NA	NA	NA	NA	NA
rs7228159	NA	NA	NA	NA	NA	NA	NA	NA	NA	NA	NA
rs7238157	18	62340980	C	T	0.4243	0.0154	0.0443	0.3476297968397291	0.7289	4735	NFT_Braak_Four
rs12609484	19	4970593	G	T	0.3022	0.0856	0.05	1.7119999999999997	0.08696	4735	NFT_Braak_Four
rs143888887	NA	NA	NA	NA	NA	NA	NA	NA	NA	NA	NA
rs62106983	19	40960013	T	G	0.1301	-0.0145	0.0848	-0.170991	0.8646	4735	NFT_Braak_Four
rs35628789	19	56214261	T	C	0.1337	-0.004	0.0694	-0.0576369	0.9542	4735	NFT_Braak_Four
rs241646	20	3932746	G	T	0.2593	0.0268	0.0497	0.5392354124748491	0.5903	4735	NFT_Braak_Four
rs78633569	20	13756089	T	C	0.0229	-0.1896	0.2646	-0.716553	0.4736	4735	NFT_Braak_Four
rs6067024	NA	NA	NA	NA	NA	NA	NA	NA	NA	NA	NA
rs2748219	22	26231951	T	C	0.3361	-0.0159	0.0476	-0.334034	0.7381	4735	NFT_Braak_Four
rs12233366	22	29862948	C	T	0.1202	0.132	0.0697	1.8938307030129127	0.058320000000000004	4735	NFT_Braak_Four
