$`Main MR results`
       Exposure       MR Analysis Causal Estimate         Sd   T-stat   P-value
1 beta.exposure               Raw      0.07084007 0.05157198 1.373615 0.1727940
2 beta.exposure Outlier-corrected      0.06277064 0.04934433 1.272094 0.2064777

$`MR-PRESSO results`
$`MR-PRESSO results`$`Global Test`
$`MR-PRESSO results`$`Global Test`$RSSobs
[1] 134.7049

$`MR-PRESSO results`$`Global Test`$Pvalue
[1] 0.0091


$`MR-PRESSO results`$`Outlier Test`
         RSSobs Pvalue
1  8.166012e-04      1
2  9.443147e-04      1
3  2.651982e-04      1
4  1.149512e-03      1
5  3.555905e-04      1
6  3.015681e-06      1
7  2.601442e-03      1
8  1.846780e-04      1
9  6.962236e-05      1
10 9.374433e-05      1
11 1.036072e-03      1
12 9.884555e-04      1
13 1.708787e-03      1
14 1.275136e-04      1
15 1.439639e-06      1
16 1.446244e-05      1
17 3.119239e-04      1
18 6.702359e-06      1
19 6.913968e-05      1
20 1.592903e-03      1
21 1.973582e-10      1
22 8.149205e-04      1
23 1.427671e-04      1
24 5.562843e-05      1
25 1.443297e-04      1
26 3.289198e-05      1
27 3.287999e-04      1
28 6.816855e-04      1
29 4.962049e-05      1
30 8.424845e-04      1
31 3.349653e-04      1
32 1.129887e-04      1
33 8.136856e-04      1
34 2.703050e-04      1
35 2.626193e-04      1
36 4.707751e-04      1
37 1.528172e-05      1
38 7.388615e-03      1
39 3.045607e-04      1
40 1.317579e-04      1
41 2.367639e-05      1
42 2.948432e-04      1
43 2.182205e-03 0.3168
44 2.037290e-03 0.2208
45 1.453739e-04      1
46 5.504658e-04      1
47 3.917402e-05      1
48 9.289441e-06      1
49 1.160780e-04      1
50 1.381239e-04      1
51 9.709555e-04      1
52 9.818760e-04      1
53 3.772585e-04      1
54 1.898423e-06      1
55 1.083253e-04      1
56 6.689266e-05      1
57 9.642956e-07      1
58 1.119805e-04      1
59 6.440855e-05      1
60 2.104141e-06      1
61 2.625453e-03  0.048
62 6.081108e-05      1
63 3.900438e-05      1
64 7.689166e-05      1
65 3.267084e-05      1
66 1.384703e-05      1
67 8.091928e-04      1
68 1.501684e-05      1
69 1.249477e-07      1
70 4.444464e-04      1
71 5.978634e-07      1
72 8.364977e-05      1
73 1.636647e-04      1
74 2.508565e-04      1
75 3.946065e-06      1
76 1.390296e-03      1
77 1.024140e-03      1
78 1.809085e-05      1
79 3.889688e-04      1
80 3.992134e-05      1
81 2.078910e-03      1
82 1.693963e-04      1
83 8.025390e-04      1
84 3.681775e-04      1
85 1.526228e-04      1
86 1.014521e-04      1
87 1.172409e-04      1
88 8.558968e-05      1
89 4.964967e-04      1
90 8.519529e-05      1
91 2.980026e-04      1
92 7.670611e-04      1
93 2.808414e-04      1
94 4.356422e-05      1
95 1.509466e-06      1
96 3.767287e-04      1

$`MR-PRESSO results`$`Distortion Test`
$`MR-PRESSO results`$`Distortion Test`$`Outliers Indices`
[1] 61

$`MR-PRESSO results`$`Distortion Test`$`Distortion Coefficient`
beta.exposure 
     12.85542 

$`MR-PRESSO results`$`Distortion Test`$Pvalue
[1] 0.8322



