SNP	CHROM	POS	REF	ALT	AF	BETA	SE	Z	P	N	TRAIT
rs2815753	1	72812324	G	A	0.6192	0.0842	0.07200000000000001	1.1694444444444443	0.2419	4046	Neuritic_Plaques
rs506589	1	177894287	T	C	0.1878	-0.0027	0.0894	-0.0302013	0.9762	4046	Neuritic_Plaques
rs36016753	NA	NA	NA	NA	NA	NA	NA	NA	NA	NA	NA
rs10900457	1	205146726	G	A	0.6175	0.0715	0.0725	0.9862068965517241	0.3241	4046	Neuritic_Plaques
rs62106258	2	417167	T	C	0.0544	-0.6182	0.2187	-2.8267	0.0047020000000000005	4046	Neuritic_Plaques
rs7644667	3	69040601	T	C	0.5304	0.0515	0.0757	0.680317	0.4961	4046	Neuritic_Plaques
rs13340130	NA	NA	NA	NA	NA	NA	NA	NA	NA	NA	NA
rs701760	NA	NA	NA	NA	NA	NA	NA	NA	NA	NA	NA
rs300046	5	37081705	A	G	0.4806	-0.0438	0.0721	-0.60749	0.5438	4046	Neuritic_Plaques
rs10064431	5	92950673	T	C	0.512	0.0635	0.0747	0.850067	0.3959	4046	Neuritic_Plaques
rs806794	6	26200677	A	G	0.3025	-0.0014	0.0782	-0.0179028	0.986	4046	Neuritic_Plaques
rs35797675	7	72878044	T	G	0.2004	0.1186	0.0941	1.26036	0.2076	4046	Neuritic_Plaques
rs11772832	7	135073047	T	C	0.3905	-0.0352	0.073	-0.482192	0.6291	4046	Neuritic_Plaques
rs10125463	NA	NA	NA	NA	NA	NA	NA	NA	NA	NA	NA
rs6478868	9	131927092	T	C	0.314	0.0669	0.0811	0.824908	0.4096	4046	Neuritic_Plaques
rs1912286	10	87318888	G	A	0.6618	0.0145	0.075	0.19333333333333336	0.8469	4046	Neuritic_Plaques
rs3909727	NA	NA	NA	NA	NA	NA	NA	NA	NA	NA	NA
rs4759074	12	54664097	C	T	0.3938	-0.0431	0.0728	-0.592032967032967	0.5541	4046	Neuritic_Plaques
rs12103229	16	74167594	C	A	0.5422	-0.13699999999999998	0.073	-1.8767123287671232	0.060660000000000006	4046	Neuritic_Plaques
rs12232804	19	42677807	C	T	0.111	0.0408	0.1128	0.3617021276595745	0.7173	4046	Neuritic_Plaques
rs429358	19	45411941	T	C	0.2238	1.4442	0.1378	10.4804	1.034e-25	4046	Neuritic_Plaques
rs79564737	20	43408372	G	A	0.3086	0.024	0.0773	0.3104786545924968	0.7559	4046	Neuritic_Plaques
rs136528	NA	NA	NA	NA	NA	NA	NA	NA	NA	NA	NA
rs139911	22	40704052	C	T	0.57	-0.0083	0.0722	-0.1149584487534626	0.909	4046	Neuritic_Plaques
