$`Main MR results`
       Exposure       MR Analysis Causal Estimate       Sd     T-stat   P-value
1 beta.exposure               Raw        65.00881 669.1884 0.09714575 0.9228448
2 beta.exposure Outlier-corrected              NA       NA         NA        NA

$`MR-PRESSO results`
$`MR-PRESSO results`$`Global Test`
$`MR-PRESSO results`$`Global Test`$RSSobs
[1] 139.1145

$`MR-PRESSO results`$`Global Test`$Pvalue
[1] 2e-04


$`MR-PRESSO results`$`Outlier Test`
         RSSobs Pvalue
1  4.822080e+03      1
2  3.288644e+03      1
3  6.349269e+04      1
4  6.686462e+02      1
5  5.721888e+04      1
6  2.486517e+05  0.168
7  2.387593e+04      1
8  3.671761e+03      1
9  3.801394e+04      1
10 1.338986e+02      1
11 1.623190e+04      1
12 3.640809e+04      1
13 8.444389e+03      1
14 2.591304e+04      1
15 2.959581e+04      1
16 2.667074e+04      1
17 6.708901e+04      1
18 1.198338e+04      1
19 1.235448e+05      1
20 3.155512e+02      1
21 1.613921e+04      1
22 8.787248e-02      1
23 1.602270e+05  0.126
24 3.356617e+02      1
25 3.317796e+04      1
26 3.610963e+04      1
27 1.228536e+02      1
28 3.328335e+04      1
29 4.325212e+04      1
30 7.199875e+04      1
31 1.705690e+04      1
32 1.749282e+04      1
33 1.124120e+04      1
34 6.929258e+04      1
35 1.821423e-01      1
36 4.960204e+03      1
37 1.077399e+02      1
38 6.818291e+03      1
39 1.135891e+03      1
40 8.313426e+03      1
41 2.244342e+04      1
42 2.325582e+04      1
43 3.533993e+04      1
44 6.232311e+02      1
45 4.915052e+04      1
46 4.591461e+03      1
47 5.187655e+03      1
48 3.522937e+03      1
49 1.962603e+02      1
50 6.765099e+04      1
51 6.553451e+03      1
52 2.398558e+05      1
53 8.967826e+03      1
54 7.351422e+03      1
55 1.815315e+04      1
56 8.726912e+03      1
57 5.027765e+03      1
58 1.242211e+04      1
59 1.453079e+02      1
60 3.249608e+04      1
61 1.087692e+04      1
62 2.578135e+04      1
63 2.321428e+04      1
64 1.361304e+04      1
65 6.880236e+03      1
66 3.362774e+03      1
67 1.651030e+04      1
68 1.940860e+04      1
69 8.041558e+03      1
70 8.149258e+03      1
71 7.610853e+03      1
72 2.311043e+05 0.4032
73 9.496914e+03      1
74 6.331090e+02      1
75 1.104761e+05 0.1932
76 9.808159e+01      1
77 3.641579e+04      1
78 1.160018e+02      1
79 6.448787e+04      1
80 2.033776e+04      1
81 1.526648e+04      1
82 3.287432e+04      1
83 3.094191e+04      1
84 3.103786e+03      1

$`MR-PRESSO results`$`Distortion Test`
$`MR-PRESSO results`$`Distortion Test`$`Outliers Indices`
[1] "No significant outliers"

$`MR-PRESSO results`$`Distortion Test`$`Distortion Coefficient`
[1] NA

$`MR-PRESSO results`$`Distortion Test`$Pvalue
[1] NA



