$`Main MR results`
       Exposure       MR Analysis Causal Estimate         Sd   T-stat
1 beta.exposure               Raw      0.06440812 0.02262801 2.846389
2 beta.exposure Outlier-corrected              NA         NA       NA
     P-value
1 0.00523035
2         NA

$`MR-PRESSO results`
$`MR-PRESSO results`$`Global Test`
$`MR-PRESSO results`$`Global Test`$RSSobs
[1] 165.1738

$`MR-PRESSO results`$`Global Test`$Pvalue
[1] 0.003


$`MR-PRESSO results`$`Outlier Test`
          RSSobs Pvalue
1   2.535936e-04      1
2   3.109438e-04      1
3   1.057796e-03 0.9711
4   1.272691e-04      1
5   8.909613e-06      1
6   6.574164e-05      1
7   3.771528e-04      1
8   2.023942e-03      1
9   5.780360e-04      1
10  9.127729e-03 0.2574
11  6.931618e-04      1
12  7.383510e-04      1
13  1.325501e-04      1
14  2.911554e-04      1
15  1.469737e-06      1
16  3.578104e-04      1
17  8.399592e-05      1
18  8.095969e-05      1
19  1.712906e-04      1
20  4.637613e-03      1
21  2.388165e-03      1
22  6.330377e-05      1
23  2.804778e-03      1
24  1.477324e-04      1
25  5.204836e-05      1
26  2.884741e-04      1
27  7.308548e-04      1
28  4.308236e-04      1
29  5.969159e-06      1
30  8.282397e-06      1
31  3.121749e-04      1
32  2.376475e-04      1
33  3.484449e-05      1
34  5.413466e-04      1
35  4.034337e-04      1
36  1.897169e-04      1
37  6.852441e-04      1
38  7.148565e-04      1
39  2.415613e-03      1
40  8.674481e-05      1
41  2.000589e-05      1
42  8.596918e-05      1
43  1.292224e-06      1
44  4.118906e-05      1
45  7.495204e-06      1
46  2.268118e-04      1
47  4.415260e-05      1
48  9.701046e-04      1
49  1.575546e-06      1
50  2.784753e-05      1
51  4.309140e-07      1
52  1.033375e-03      1
53  9.202408e-05      1
54  1.136749e-05      1
55  2.181981e-04      1
56  5.814859e-06      1
57  5.958734e-04      1
58  1.723556e-05      1
59  1.989787e-04      1
60  2.609620e-08      1
61  2.086704e-05      1
62  1.262982e-04      1
63  3.944921e-03      1
64  4.326721e-05      1
65  3.862605e-04      1
66  7.849408e-07      1
67  1.130414e-05      1
68  1.496785e-04      1
69  1.455428e-04      1
70  8.677259e-04      1
71  9.623749e-05      1
72  5.798729e-05      1
73  3.093594e-04      1
74  3.075577e-05      1
75  7.881073e-04      1
76  4.455058e-06      1
77  6.032428e-04      1
78  1.565979e-04      1
79  4.694610e-04      1
80  5.185518e-04      1
81  1.315167e-05      1
82  3.416475e-04      1
83  9.681462e-04      1
84  2.044414e-05      1
85  5.033960e-05      1
86  2.185606e-04      1
87  1.045699e-03      1
88  1.053207e-05      1
89  1.408345e-06      1
90  5.388388e-05      1
91  9.216021e-06      1
92  5.706844e-05      1
93  1.471650e-04      1
94  1.577193e-04      1
95  1.006328e-04      1
96  2.751433e-06      1
97  2.395748e-04      1
98  2.392417e-04      1
99  1.033896e-03      1
100 2.138012e-07      1
101 1.014882e-03 0.8775
102 1.662311e-04      1
103 1.167031e-05      1
104 6.412303e-05      1
105 1.171813e-03      1
106 5.073534e-04      1
107 2.734530e-04      1
108 6.313140e-05      1
109 2.343723e-04      1
110 2.308036e-05      1
111 7.370089e-04      1
112 1.034042e-06      1
113 3.229169e-04      1
114 3.543026e-03      1
115 4.371307e-04      1
116 7.896497e-05      1
117 2.375446e-04      1

$`MR-PRESSO results`$`Distortion Test`
$`MR-PRESSO results`$`Distortion Test`$`Outliers Indices`
[1] "No significant outliers"

$`MR-PRESSO results`$`Distortion Test`$`Distortion Coefficient`
[1] NA

$`MR-PRESSO results`$`Distortion Test`$Pvalue
[1] NA



