$`Main MR results`
       Exposure       MR Analysis Causal Estimate          Sd     T-stat
1 beta.exposure               Raw    0.0002791736 0.002598889  0.1074204
2 beta.exposure Outlier-corrected   -0.0014285476 0.002235238 -0.6391031
    P-value
1 0.9147117
2 0.5245371

$`MR-PRESSO results`
$`MR-PRESSO results`$`Global Test`
$`MR-PRESSO results`$`Global Test`$RSSobs
[1] 151.3149

$`MR-PRESSO results`$`Global Test`$Pvalue
[1] "<1e-04"


$`MR-PRESSO results`$`Outlier Test`
         RSSobs  Pvalue
1  1.719210e-06       1
2  4.289376e-08       1
3  1.101811e-05 <0.0085
4  8.359405e-08       1
5  3.823620e-07       1
6  1.724435e-06       1
7  1.015831e-06       1
8  2.260766e-06       1
9  8.688927e-08       1
10 6.537928e-07       1
11 5.166438e-07       1
12 1.497244e-07       1
13 1.993056e-06       1
14 2.455706e-07       1
15 1.995695e-06       1
16 9.483954e-09       1
17 1.696280e-07       1
18 1.190970e-06       1
19 3.761435e-08       1
20 8.007300e-07       1
21 9.661830e-08       1
22 5.844991e-05 <0.0085
23 1.217035e-06       1
24 8.381844e-09       1
25 1.251143e-06       1
26 1.211723e-06       1
27 3.495396e-07       1
28 6.276189e-07       1
29 1.250260e-06       1
30 1.017863e-06       1
31 1.996447e-06       1
32 2.568388e-07       1
33 5.067167e-11       1
34 2.599215e-07       1
35 1.197797e-06       1
36 2.251792e-06       1
37 3.755614e-07       1
38 6.335538e-07       1
39 2.877873e-06       1
40 6.334744e-07       1
41 4.443258e-08       1
42 8.996223e-09       1
43 4.839196e-07       1
44 2.951064e-06       1
45 8.042343e-07       1
46 3.530618e-07       1
47 4.838687e-07       1
48 8.444440e-08       1
49 5.028746e-07       1
50 5.044872e-07       1
51 1.679840e-07       1
52 6.561551e-06       1
53 1.517265e-05       1
54 1.954942e-06       1
55 8.250763e-08       1
56 2.279599e-06       1
57 5.306913e-06  0.8755
58 2.709157e-07       1
59 3.778115e-08       1
60 6.178822e-07       1
61 5.665900e-06       1
62 3.742518e-08       1
63 1.433460e-06       1
64 1.020118e-06       1
65 1.871135e-10       1
66 5.556342e-08       1
67 3.536886e-07       1
68 2.932675e-06       1
69 1.056897e-07       1
70 1.228168e-06       1
71 1.013742e-07       1
72 1.544708e-07       1
73 4.412582e-06  0.9605
74 1.187143e-05       1
75 5.049657e-06  0.4675
76 1.702061e-07       1
77 1.133142e-08       1
78 5.187621e-07       1
79 6.685241e-07       1
80 1.536001e-07       1
81 1.033274e-06       1
82 6.212132e-07       1
83 9.508213e-10       1
84 4.320359e-08       1
85 8.639287e-08       1

$`MR-PRESSO results`$`Distortion Test`
$`MR-PRESSO results`$`Distortion Test`$`Outliers Indices`
[1]  3 22

$`MR-PRESSO results`$`Distortion Test`$`Distortion Coefficient`
beta.exposure 
     119.5425 

$`MR-PRESSO results`$`Distortion Test`$Pvalue
[1] 0.2734



