SNP	CHROM	POS	REF	ALT	AF	BETA	SE	Z	P	N	TRAIT
rs55847536	1	72248052	A	G	0.392246	-8.3617	4.8138	-1.737026881050314	0.08238	13163	Hippocampal_Volume
rs145186401	NA	NA	NA	NA	NA	NA	NA	NA	NA	NA	NA
rs2390440	1	88625312	C	T	0.234438	-1.6931	5.5335	-0.3059727116653113	0.7596	13163	Hippocampal_Volume
rs11809772	1	181625486	A	C	0.110768	-4.6775	6.7921	-0.688667716906406	0.491	13163	Hippocampal_Volume
rs192227553	NA	NA	NA	NA	NA	NA	NA	NA	NA	NA	NA
rs116258323	1	214449747	C	T	0.0427117	-14.843	10.7377	-1.382325823966026	0.1669	12964	Hippocampal_Volume
rs1260326	2	27730940	T	C	0.613661	-3.0961	4.7252	-0.655232	0.5123	12964	Hippocampal_Volume
rs13389504	2	40369688	T	G	0.186367	-3.1358	5.8013	-0.5405340182372916	0.5888	13163	Hippocampal_Volume
rs4953148	NA	NA	NA	NA	NA	NA	NA	NA	NA	NA	NA
rs11677810	2	68066201	C	A	0.251915	-9.6763	5.6259	-1.7199559181642048	0.08544	13163	Hippocampal_Volume
rs114658808	2	119423996	G	A	0.0591222	-15.2107	13.5176	-1.1252515239391607	0.2605	12358	Hippocampal_Volume
rs12474485	2	145810833	A	C	0.254991	2.8589	4.9662	0.5756715396077484	0.5648	13163	Hippocampal_Volume
rs4853716	2	191361744	C	T	0.828318	3.4246	5.4761	0.625372	0.5317	12964	Hippocampal_Volume
rs2302911	2	211455281	A	G	0.45405	3.7457	4.6064	0.8131512678013199	0.4161	12964	Hippocampal_Volume
rs62244890	3	71611630	T	C	0.372777	4.5774	4.773	0.95901948460088	0.3375	13163	Hippocampal_Volume
rs7618124	3	85548686	A	G	0.710076	-1.386	4.8703	-0.284582	0.7759999999999999	13163	Hippocampal_Volume
rs55726529	3	135458327	A	G	0.0993834	-4.8318	9.8664	-0.4897226952079786	0.6243	12623	Hippocampal_Volume
rs1920650	3	160335588	T	C	0.300474	-6.5615	5.0101	-1.309654497914213	0.1903	13163	Hippocampal_Volume
rs11940694	4	39414993	A	G	0.605493	-1.8847	4.6813	-0.402602	0.6872	13163	Hippocampal_Volume
rs144198753	NA	NA	NA	NA	NA	NA	NA	NA	NA	NA	NA
rs11733695	4	100122916	G	A	0.00543085	33.9463	23.4664	1.4465917226332117	0.14800000000000002	10232	Hippocampal_Volume
rs13135092	4	103198082	A	G	0.0543478	-11.3015	9.5511	-1.1832668488446358	0.2367	13163	Hippocampal_Volume
rs6533629	4	113494607	G	A	0.397123	1.3405	4.7533	0.2820146003828919	0.7779	13163	Hippocampal_Volume
rs1457755	5	113637974	T	C	0.554265	-0.804	4.6455	-0.173071	0.8626	13163	Hippocampal_Volume
rs9372625	6	98344031	G	A	0.334676	4.2602	4.8676	0.8752157120552223	0.3815	13163	Hippocampal_Volume
rs11984030	7	6354656	A	G	0.461439	2.4238	5.2708	0.45985429156864227	0.6456	12335	Hippocampal_Volume
rs10227687	7	38741626	G	A	0.615552	0.4478	4.7057	0.0951612	0.9242	13163	Hippocampal_Volume
rs79931145	NA	NA	NA	NA	NA	NA	NA	NA	NA	NA	NA
rs2622237	NA	NA	NA	NA	NA	NA	NA	NA	NA	NA	NA
rs35040843	8	93341497	C	T	0.303591	-4.3896	5.3069	-0.8271495600067836	0.4082	13163	Hippocampal_Volume
rs143011682	8	126831783	A	G	0.115049	1.7716	10.0211	0.17678697947331132	0.8597	8680	Hippocampal_Volume
rs13266268	8	142611971	C	T	0.401488	-0.5266	5.0202	-0.1048962192741325	0.9165	13163	Hippocampal_Volume
rs3138496	9	92219801	C	T	0.0500381	3.0526	11.4207	0.2672865936413705	0.7893	13163	Hippocampal_Volume
rs148575582	9	122062643	T	C	0.0168662	-8.5247	29.5965	-0.288030679303296	0.7733	6776	Hippocampal_Volume
rs147311119	NA	NA	NA	NA	NA	NA	NA	NA	NA	NA	NA
rs7078436	10	30378863	A	G	0.27403	1.073	4.8613	0.22072285191203997	0.8253	13163	Hippocampal_Volume
rs2017064	11	41455386	C	T	0.673737	5.0898	4.9458	1.02912	0.3034	13163	Hippocampal_Volume
rs2293576	11	47434986	G	A	0.329029	-4.4215	4.8648	-0.9088760072356521	0.3634	13163	Hippocampal_Volume
rs12795307	11	72506324	G	A	0.260401	2.9092	4.9837	0.58374300218713	0.5594	13163	Hippocampal_Volume
rs7948028	11	113328681	A	C	0.279007	2.4978	4.7861	0.5218862957313888	0.6018	13163	Hippocampal_Volume
rs1042725	12	66358347	C	T	0.459956	-1.6778	4.637	-0.361829	0.7175	13163	Hippocampal_Volume
rs73519744	13	71536531	A	G	0.0511797	-3.6856	9.9127	-0.3718058652032242	0.71	13163	Hippocampal_Volume
rs117750242	NA	NA	NA	NA	NA	NA	NA	NA	NA	NA	NA
rs1319338	NA	NA	NA	NA	NA	NA	NA	NA	NA	NA	NA
rs701455	15	46816049	G	A	0.574155	-2.1774	4.6461	-0.468651	0.6393	13163	Hippocampal_Volume
rs72771074	16	20002523	A	C	0.295744	-12.6257	5.4159	-2.3312284200225264	0.01974	13163	Hippocampal_Volume
rs11862597	16	30490854	G	A	0.123862	7.6393	6.9134	1.104998987473602	0.2692	13163	Hippocampal_Volume
rs74980679	16	71779310	G	T	0.120508	-0.2661	7.0386	-0.0378058136561248	0.9698	13163	Hippocampal_Volume
rs12936842	NA	NA	NA	NA	NA	NA	NA	NA	NA	NA	NA
rs62062288	NA	NA	NA	NA	NA	NA	NA	NA	NA	NA	NA
rs6507054	18	31248323	T	C	0.5682	-1.0709	4.6982	-0.227938	0.8197	13163	Hippocampal_Volume
rs492602	19	49206417	A	G	0.383569	6.9951	4.7756	1.4647583549711032	0.14300000000000002	13163	Hippocampal_Volume
rs12329964	22	19959033	G	A	0.166303	-5.5372	6.1838	-0.8954364630162684	0.3706	13163	Hippocampal_Volume
rs2412970	22	30486826	A	G	0.521431	-3.5693	4.6004	-0.7758673158855752	0.4378	13163	Hippocampal_Volume
rs9607805	22	41854446	C	T	0.738703	12.5194	5.4382	2.30212	0.021329999999999998	13163	Hippocampal_Volume
