SNP	CHROM	POS	REF	ALT	AF	BETA	SE	Z	P	N	TRAIT
rs6663484	NA	NA	NA	NA	NA	NA	NA	NA	NA	NA	NA
rs11264100	1	35591626	A	G	0.8846	-0.1782	0.0967	-1.84281	0.0652	2764	Vascular_Brain_Injury
rs2072659	NA	NA	NA	NA	NA	NA	NA	NA	NA	NA	NA
rs34973462	1	175993820	C	T	0.3314	-0.0049	0.0616	-0.07954545454545454	0.9369	2764	Vascular_Brain_Injury
rs7599488	2	60718347	C	T	0.428	0.0279	0.0584	0.4777397260273973	0.6332	2764	Vascular_Brain_Injury
rs78408772	2	62710608	C	T	0.1169	-0.0483	0.0966	-0.5	0.6168	2764	Vascular_Brain_Injury
rs10204824	2	148372720	A	G	0.6783	-0.0438	0.0647	-0.676971	0.4989	2764	Vascular_Brain_Injury
rs2084533	3	16872929	C	T	0.3158	-0.0689	0.0611	-1.127659574468085	0.2593	2764	Vascular_Brain_Injury
rs7431710	3	48935583	G	A	0.6641	-0.0231	0.0607	-0.3805601317957166	0.703	2764	Vascular_Brain_Injury
rs58889493	NA	NA	NA	NA	NA	NA	NA	NA	NA	NA	NA
rs699165	3	136224697	A	G	0.7326	0.0045	0.0674	0.0667656	0.9466	2764	Vascular_Brain_Injury
rs28813180	3	158083918	G	A	0.5035	0.0089	0.0578	0.15397923875432526	0.8771	2764	Vascular_Brain_Injury
rs1024323	4	3006043	C	T	0.3845	0.0733	0.0578	1.2681660899653981	0.2046	2764	Vascular_Brain_Injury
rs11940255	4	67086288	G	A	0.7044	0.0615	0.0661	0.9304084720121027	0.3529	2764	Vascular_Brain_Injury
rs10018253	4	67961464	A	C	0.2485	-0.0152	0.0663	-0.229261	0.8187	2764	Vascular_Brain_Injury
rs7766641	6	26184102	G	A	0.2937	0.0628	0.0639	0.9827856025039123	0.326	2764	Vascular_Brain_Injury
rs215600	7	32333642	G	A	0.6529	0.0572	0.0599	0.9549248747913188	0.33899999999999997	2764	Vascular_Brain_Injury
rs62447179	7	50339609	G	A	0.2893	0.0783	0.0637	1.2291993720565146	0.2193	2764	Vascular_Brain_Injury
rs2741351	NA	NA	NA	NA	NA	NA	NA	NA	NA	NA	NA
rs4236926	8	42578059	T	G	0.7626	0.0552	0.0702	0.786325	0.4315	2764	Vascular_Brain_Injury
rs790564	8	64604218	A	C	0.7285	-0.0509	0.0648	-0.785494	0.43200000000000005	2764	Vascular_Brain_Injury
rs112151537	9	136455785	C	T	0.0561	0.12	0.1845	0.6504065040650406	0.5154	2764	Vascular_Brain_Injury
rs3025383	9	136502369	T	C	0.1735	0.0026	0.0788	0.0329949	0.9741	2764	Vascular_Brain_Injury
rs11186852	10	93962124	T	C	0.2666	0.0107	0.0699	0.153076	0.8783	2764	Vascular_Brain_Injury
rs7951365	11	16377044	T	C	0.2121	-0.077	0.0768	-1.0026	0.316	2764	Vascular_Brain_Injury
rs10742683	11	43667625	G	A	0.4107	0.0786	0.0596	1.318791946308725	0.1869	2764	Vascular_Brain_Injury
rs113001570	NA	NA	NA	NA	NA	NA	NA	NA	NA	NA	NA
rs7125588	11	113436072	A	G	0.4389	-0.0658	0.0598	-1.10033	0.271	2764	Vascular_Brain_Injury
rs11846838	14	104184737	G	A	0.3288	0.044000000000000004	0.0629	0.6995230524642291	0.4847	2764	Vascular_Brain_Injury
rs632811	NA	NA	NA	NA	NA	NA	NA	NA	NA	NA	NA
rs10519203	15	78814046	G	A	0.6619	0.0772	0.0622	1.2411575562700965	0.2148	2764	Vascular_Brain_Injury
rs4887093	NA	NA	NA	NA	NA	NA	NA	NA	NA	NA	NA
rs182317	15	89943601	G	T	0.323	-0.0206	0.0783	-0.26309067688378035	0.7928	2764	Vascular_Brain_Injury
rs1592485	16	52093549	C	A	0.6122	-0.0448	0.0599	-0.7479131886477463	0.4545	2764	Vascular_Brain_Injury
rs12924872	16	69552215	C	T	0.4797	0.0083	0.0586	0.1416382252559727	0.8879	2764	Vascular_Brain_Injury
rs258321	16	89756473	A	G	0.4484	-0.013	0.0587	-0.221465	0.8245	2764	Vascular_Brain_Injury
rs4485470	18	62125063	G	A	0.5671	0.0925	0.0601	1.5391014975041597	0.1236	2764	Vascular_Brain_Injury
rs59208569	NA	NA	NA	NA	NA	NA	NA	NA	NA	NA	NA
rs34406232	19	41305530	C	A	0.0219	0.3179	0.1986	1.6007049345417927	0.1096	2764	Vascular_Brain_Injury
rs56113850	19	41353107	T	C	0.5829	0.0427	0.065	0.656923	0.5109	2764	Vascular_Brain_Injury
rs117875279	19	41498715	G	A	0.023	0.0994	0.2397	0.41468502294534837	0.6783	2764	Vascular_Brain_Injury
rs6078373	20	11863500	G	A	0.4043	-0.0284	0.06	-0.4733333333333334	0.6364	2764	Vascular_Brain_Injury
rs1737894	NA	NA	NA	NA	NA	NA	NA	NA	NA	NA	NA
rs2273500	20	61986949	T	C	0.2392	-0.0508	0.0673	-0.754829	0.4502	2764	Vascular_Brain_Injury
rs7281463	21	40520783	A	C	0.4172	0.0415	0.0588	0.705782	0.4809	2764	Vascular_Brain_Injury
