SNP	CHROM	POS	REF	ALT	AF	BETA	SE	Z	P	N	TRAIT
rs1887858	NA	NA	NA	NA	NA	NA	NA	NA	NA	NA	NA
rs1353426	1	62118065	C	T	0.1132	-0.1304	0.1152	-1.1319444444444444	0.2576	2764	VBI_any
rs67474621	NA	NA	NA	NA	NA	NA	NA	NA	NA	NA	NA
rs1497842	NA	NA	NA	NA	NA	NA	NA	NA	NA	NA	NA
rs35638741	1	88195247	A	C	0.5808	-0.0197	0.0611	-0.322422	0.7476	2764	VBI_any
rs321240	1	96477165	A	C	0.5863	-0.011	0.0582	-0.189003	0.8495	2764	VBI_any
rs6667502	1	177111162	T	C	0.4869	-0.0719	0.062	-1.15968	0.2461	2764	VBI_any
rs45501495	1	204596454	C	T	0.2412	-0.0582	0.0689	-0.8447024673439768	0.39799999999999996	2764	VBI_any
rs919655	1	214157972	G	A	0.1311	0.0593	0.0899	0.6596218020022248	0.5095	2764	VBI_any
rs1992284	2	43065555	T	C	0.7458	-0.1131	0.0664	-1.70331	0.08849	2764	VBI_any
rs11692742	2	45112453	G	A	0.2848	0.107	0.0741	1.4439946018893388	0.1485	2764	VBI_any
rs974894	2	49330758	C	T	0.4584	0.0142	0.057	0.24912280701754386	0.8036	2764	VBI_any
rs2352540	2	51131666	C	T	0.9042	-0.2194	0.0966	-2.271221532091097	0.02313	2764	VBI_any
rs62148582	2	59530236	A	G	0.4353	0.0581	0.0592	0.981419	0.3266	2764	VBI_any
rs11680327	2	60303464	A	C	0.3227	-0.0497	0.0628	-0.791401	0.4281	2764	VBI_any
rs35846556	2	66638642	C	T	0.4326	-0.0382	0.0642	-0.5950155763239876	0.5521	2764	VBI_any
rs55985303	2	77224951	G	A	0.2397	0.0571	0.0664	0.8599397590361445	0.3892	2764	VBI_any
rs13023088	2	100576304	C	T	0.1564	0.0562	0.0816	0.6887254901960784	0.4906	2764	VBI_any
rs115680069	2	104679198	C	A	0.0366	-0.2219	0.1765	-1.2572237960339943	0.2088	2764	VBI_any
rs12997823	2	143709091	A	G	0.3531	-0.0621	0.0608	-1.02138	0.3071	2764	VBI_any
rs275160	2	145967878	T	C	0.6905	-0.0582	0.0651	-0.894009	0.371	2764	VBI_any
rs12468486	2	147419619	T	C	0.3942	-0.0105	0.0584	-0.179795	0.8577	2764	VBI_any
rs11896707	NA	NA	NA	NA	NA	NA	NA	NA	NA	NA	NA
rs11693430	2	171106816	G	A	0.5676	-0.0296	0.0602	-0.4916943521594685	0.6227	2764	VBI_any
rs114227716	2	174939137	A	G	0.0225	-0.1291	0.2327	-0.554792	0.579	2764	VBI_any
rs35431480	2	185500279	T	C	0.1454	0.1097	0.0809	1.356	0.175	2764	VBI_any
rs1367236	2	222316957	T	C	0.8263	-0.0194	0.0784	-0.247449	0.8044	2764	VBI_any
rs143723885	NA	NA	NA	NA	NA	NA	NA	NA	NA	NA	NA
rs190819318	NA	NA	NA	NA	NA	NA	NA	NA	NA	NA	NA
rs12497285	3	24830148	T	C	0.367	-0.0243	0.0613	-0.396411	0.6923	2764	VBI_any
rs9851798	3	44577613	C	A	0.7382	0.0514	0.0644	0.7981366459627329	0.425	2764	VBI_any
rs1876245	3	71534763	T	C	0.4269	-0.0255	0.0591	-0.431472	0.6667	2764	VBI_any
rs2324693	3	76890049	T	C	0.1096	0.1513	0.0902	1.67738	0.0934	2764	VBI_any
rs1449404	NA	NA	NA	NA	NA	NA	NA	NA	NA	NA	NA
rs12496999	3	86198010	G	A	0.5447	-0.0333	0.0583	-0.5711835334476845	0.5683	2764	VBI_any
rs71319278	3	107583103	T	C	0.5176	-0.0091	0.061	-0.14918	0.8813	2764	VBI_any
rs114497213	3	115214586	G	T	0.0459	0.0926	0.2289	0.40454346876365227	0.6859	2764	VBI_any
rs7428847	3	117529467	T	C	0.6508	-0.0272	0.0609	-0.446634	0.6556	2764	VBI_any
rs10513136	3	141107612	G	A	0.0556	0.0913	0.1264	0.7223101265822784	0.4698	2764	VBI_any
rs4274714	3	146758405	C	T	0.5893	-0.052000000000000005	0.0574	-0.9059233449477353	0.3648	2764	VBI_any
rs9841174	3	167184878	T	C	0.376	-0.0803	0.0606	-1.32508	0.185	2764	VBI_any
rs17560814	NA	NA	NA	NA	NA	NA	NA	NA	NA	NA	NA
rs2315507	4	14974192	G	A	0.6312	-0.0028	0.0594	-0.04713804713804714	0.9625	2764	VBI_any
rs13102447	4	27795241	G	A	0.2467	0.081	0.0765	1.0588235294117647	0.2898	2764	VBI_any
rs4692105	4	30828781	T	C	0.3884	-0.0463	0.0597	-0.775544	0.4377	2764	VBI_any
rs61794560	NA	NA	NA	NA	NA	NA	NA	NA	NA	NA	NA
rs4694825	4	46504263	G	A	0.1448	-0.1397	0.0847	-1.6493506493506493	0.09906000000000001	2764	VBI_any
rs4693818	4	88421277	T	C	0.7914	-0.044	0.0716	-0.614525	0.5393	2764	VBI_any
rs730925	NA	NA	NA	NA	NA	NA	NA	NA	NA	NA	NA
rs71578743	NA	NA	NA	NA	NA	NA	NA	NA	NA	NA	NA
rs13188114	5	24256465	G	A	0.6924	0.0514	0.0685	0.7503649635036496	0.4527	2764	VBI_any
rs55688158	5	41396930	T	G	0.2484	-0.0599	0.0788	-0.760152	0.4473	2764	VBI_any
rs62373400	5	85578826	C	T	0.3968	0.0893	0.0603	1.4809286898839138	0.1387	2764	VBI_any
rs201527548	NA	NA	NA	NA	NA	NA	NA	NA	NA	NA	NA
rs11747857	5	141426179	C	T	0.3731	0.1374	0.065	2.1138461538461537	0.034589999999999996	2764	VBI_any
rs55874208	NA	NA	NA	NA	NA	NA	NA	NA	NA	NA	NA
rs981609	5	164531025	G	A	0.4742	0.0106	0.0602	0.17607973421926912	0.8608	2764	VBI_any
rs56192497	NA	NA	NA	NA	NA	NA	NA	NA	NA	NA	NA
rs4712936	6	25417423	G	T	0.9384	0.0063	0.13699999999999998	0.04598540145985402	0.9633	2764	VBI_any
rs34555420	NA	NA	NA	NA	NA	NA	NA	NA	NA	NA	NA
rs3734543	NA	NA	NA	NA	NA	NA	NA	NA	NA	NA	NA
rs35202262	6	27799514	C	T	0.0392	-0.0509	0.2486	-0.20474658085277556	0.8377	2764	VBI_any
rs3129682	6	29283672	C	T	0.1118	0.1325	0.395	0.33544303797468356	0.7373	2764	VBI_any
rs3094084	NA	NA	NA	NA	NA	NA	NA	NA	NA	NA	NA
rs3096690	NA	NA	NA	NA	NA	NA	NA	NA	NA	NA	NA
rs9294641	6	66247051	G	A	0.3193	0.0071	0.0615	0.11544715447154473	0.9079999999999999	2764	VBI_any
rs62408263	6	69975399	C	T	0.1866	0.0766	0.0722	1.0609418282548477	0.2884	2764	VBI_any
rs1339229	6	73158346	A	G	0.4774	0.0291	0.057999999999999996	0.501724	0.6159	2764	VBI_any
rs12663865	6	88103149	G	A	0.76	-0.1442	0.0668	-2.158682634730539	0.03081	2764	VBI_any
rs2747734	6	99437566	G	T	0.4333	-0.0143	0.0587	-0.24361158432708688	0.8082	2764	VBI_any
rs7744432	6	119872600	T	C	0.213	0.0274	0.0679	0.403535	0.6864	2764	VBI_any
rs4869859	6	155847549	T	C	0.4907	-0.0165	0.0569	-0.289982	0.7721	2764	VBI_any
rs2614945	NA	NA	NA	NA	NA	NA	NA	NA	NA	NA	NA
rs366909	7	18260415	C	T	0.712	-0.0477	0.0629	-0.7583465818759937	0.4483	2764	VBI_any
rs56166228	7	77790978	G	A	0.1748	0.1239	0.0762	1.6259842519685037	0.1038	2764	VBI_any
rs10267710	7	95740335	G	T	0.3617	-0.016	0.0598	-0.26755852842809363	0.7887	2764	VBI_any
rs11767283	7	121947456	A	G	0.2104	-0.0056	0.0846	-0.0661939	0.9475	2764	VBI_any
rs140082329	7	128019232	C	T	0.0126	-0.6074	2.0377	-0.29808116994650835	0.7656	2764	VBI_any
rs67299936	NA	NA	NA	NA	NA	NA	NA	NA	NA	NA	NA
rs7013471	8	8687325	A	G	0.5386	0.0271	0.0587	0.46167	0.6445	2764	VBI_any
rs11986122	NA	NA	NA	NA	NA	NA	NA	NA	NA	NA	NA
rs12542040	8	11851998	T	C	0.5326	0.1119	0.0587	1.9063	0.05657	2764	VBI_any
rs1492284	NA	NA	NA	NA	NA	NA	NA	NA	NA	NA	NA
rs12542272	8	51522483	T	C	0.7064	0.0236	0.0635	0.371654	0.7099	2764	VBI_any
rs1217101	NA	NA	NA	NA	NA	NA	NA	NA	NA	NA	NA
rs4976990	8	143361267	A	G	0.6084	0.0236	0.0604	0.390728	0.6961	2764	VBI_any
rs139380047	NA	NA	NA	NA	NA	NA	NA	NA	NA	NA	NA
rs1416595	NA	NA	NA	NA	NA	NA	NA	NA	NA	NA	NA
rs1969964	9	34155112	G	A	0.2143	0.0272	0.0711	0.38255977496483823	0.7015	2764	VBI_any
rs4744600	9	73147528	T	C	0.3956	-0.0057	0.0602	-0.0946844	0.9252	2764	VBI_any
rs186708312	NA	NA	NA	NA	NA	NA	NA	NA	NA	NA	NA
rs35625242	NA	NA	NA	NA	NA	NA	NA	NA	NA	NA	NA
rs552234	9	106772283	G	A	0.5031	0.057999999999999996	0.0586	0.9897610921501706	0.3229	2764	VBI_any
rs10283413	NA	NA	NA	NA	NA	NA	NA	NA	NA	NA	NA
rs1291816	10	11131175	T	C	0.4003	-0.0056	0.0589	-0.0950764	0.9245	2764	VBI_any
rs2026092	10	21911657	G	A	0.3105	-0.0427	0.0624	-0.6842948717948718	0.4935	2764	VBI_any
rs2601759	10	33845729	T	C	0.6709	0.0204	0.0613	0.33279	0.7392	2764	VBI_any
rs139086772	NA	NA	NA	NA	NA	NA	NA	NA	NA	NA	NA
rs1413710	10	72346471	A	C	0.34	-0.0184	0.0605	-0.304132	0.7607	2764	VBI_any
rs697240	10	80940804	T	C	0.6187	0.0227	0.0627	0.362041	0.7177	2764	VBI_any
rs11025569	11	3160388	C	T	0.6145	0.0325	0.0594	0.5471380471380471	0.584	2764	VBI_any
rs72484727	11	7938306	G	A	0.3904	0.0811	0.0633	1.2812006319115326	0.2	2764	VBI_any
rs722607	11	27836736	T	C	0.0627	0.1681	0.1208	1.39156	0.1642	2764	VBI_any
rs57424204	11	44634910	C	T	0.1613	-0.1091	0.0814	-1.3402948402948403	0.1802	2764	VBI_any
rs3136469	NA	NA	NA	NA	NA	NA	NA	NA	NA	NA	NA
rs192270467	NA	NA	NA	NA	NA	NA	NA	NA	NA	NA	NA
rs140906567	NA	NA	NA	NA	NA	NA	NA	NA	NA	NA	NA
rs78038991	NA	NA	NA	NA	NA	NA	NA	NA	NA	NA	NA
rs79699995	11	56120498	G	A	0.033	0.2889	0.1756	1.6452164009111616	0.09997	2764	VBI_any
rs10791957	11	67867548	C	A	0.5761	0.0261	0.0579	0.4507772020725389	0.6524	2764	VBI_any
rs1944708	11	79287622	T	C	0.4362	0.0249	0.0585	0.425641	0.6705	2764	VBI_any
rs1603738	NA	NA	NA	NA	NA	NA	NA	NA	NA	NA	NA
rs11233632	11	83190682	C	T	0.5846	-0.0512	0.057999999999999996	-0.8827586206896553	0.3768	2764	VBI_any
rs12787863	11	88543715	C	T	0.3605	0.0516	0.0591	0.8730964467005076	0.3823	2764	VBI_any
rs875257	11	111530453	A	G	0.7132	-0.1094	0.0642	-1.70405	0.08865	2764	VBI_any
rs238913	11	113984489	A	G	0.3848	-0.0824	0.0593	-1.38954	0.1647	2764	VBI_any
rs12576625	11	126596003	T	C	0.8351	0.0635	0.0786	0.807888	0.4194	2764	VBI_any
rs10219331	11	132697663	C	T	0.4783	-0.0463	0.0561	-0.8253119429590018	0.4095	2764	VBI_any
rs7970853	12	23084225	G	A	0.7681	0.0149	0.0827	0.18016928657799275	0.857	2764	VBI_any
rs4963558	12	23705973	T	C	0.0208	0.0149	0.2697	0.0552466	0.9558	2764	VBI_any
rs7311198	NA	NA	NA	NA	NA	NA	NA	NA	NA	NA	NA
rs303817	12	52176235	A	G	0.7514	-0.109	0.0669	-1.6293	0.1033	2764	VBI_any
rs35287743	12	110057250	G	T	0.1126	0.1102	0.0987	1.1165146909827761	0.2641	2764	VBI_any
rs7317926	13	54175512	A	G	0.559	0.1002	0.0574	1.74564	0.08084	2764	VBI_any
rs3124402	13	55975115	A	G	0.725	0.0423	0.0651	0.64977	0.516	2764	VBI_any
rs12430440	13	58476105	G	A	0.2295	0.0031	0.0693	0.04473304473304473	0.9647	2764	VBI_any
rs4523833	NA	NA	NA	NA	NA	NA	NA	NA	NA	NA	NA
rs9538497	NA	NA	NA	NA	NA	NA	NA	NA	NA	NA	NA
rs9783538	13	61200487	C	T	0.1497	-0.0063	0.0841	-0.07491082045184305	0.9407	2764	VBI_any
rs9301837	NA	NA	NA	NA	NA	NA	NA	NA	NA	NA	NA
rs2181482	NA	NA	NA	NA	NA	NA	NA	NA	NA	NA	NA
rs191728525	NA	NA	NA	NA	NA	NA	NA	NA	NA	NA	NA
rs72716182	NA	NA	NA	NA	NA	NA	NA	NA	NA	NA	NA
rs2238281	14	72424912	C	T	0.1739	0.0369	0.0777	0.4749034749034749	0.6347	2764	VBI_any
rs1887197	14	94187832	C	T	0.6669	0.0166	0.0609	0.27257799671592775	0.7854	2764	VBI_any
rs139348162	NA	NA	NA	NA	NA	NA	NA	NA	NA	NA	NA
rs12896749	NA	NA	NA	NA	NA	NA	NA	NA	NA	NA	NA
rs8026348	15	35943377	A	G	0.193	0.0658	0.0885	0.743503	0.4574	2764	VBI_any
rs76842236	15	37356924	T	C	0.0239	0.0622	0.2375	0.261895	0.7932	2764	VBI_any
rs28533540	15	47867762	G	A	0.4002	-0.1218	0.062	-1.9645161290322581	0.049460000000000004	2764	VBI_any
rs2965917	16	9345821	A	G	0.4064	-0.0969	0.0593	-1.63406	0.1025	2764	VBI_any
rs13329911	NA	NA	NA	NA	NA	NA	NA	NA	NA	NA	NA
rs8059021	16	51470633	T	C	0.7054	0.0169	0.0653	0.258806	0.7964	2764	VBI_any
rs56094641	16	53806453	A	G	0.4279	0.0249	0.0578	0.430796	0.6662	2764	VBI_any
rs111784349	16	58684225	G	A	0.2184	-0.048	0.0737	-0.6512890094979648	0.5152	2764	VBI_any
rs1593165	16	61033280	T	C	0.3712	0.0536	0.061	0.878689	0.3796	2764	VBI_any
rs11859365	16	83683945	A	C	0.2579	-0.0189	0.0641	-0.294852	0.7685	2764	VBI_any
rs28623270	NA	NA	NA	NA	NA	NA	NA	NA	NA	NA	NA
rs72821196	17	31796202	C	A	0.0908	0.096	0.1339	0.7169529499626588	0.4736	2764	VBI_any
rs7225002	17	44189067	A	G	0.3965	0.0046	0.0586	0.0784983	0.9368	2764	VBI_any
rs66927276	17	45333364	C	A	0.1985	0.0138	0.0749	0.18424566088117492	0.8539	2764	VBI_any
rs7219086	17	53505248	T	C	0.5639	-0.0093	0.0628	-0.148089	0.8825	2764	VBI_any
rs1371272	18	1837204	G	A	0.1329	-0.0954	0.0875	-1.0902857142857143	0.2758	2764	VBI_any
rs4131293	18	22772069	C	T	0.4717	-0.048	0.0575	-0.8347826086956521	0.4035	2764	VBI_any
rs7243428	18	35156177	A	G	0.2279	-0.1965	0.0714	-2.7521	0.00592	2764	VBI_any
rs11663467	18	38324847	G	T	0.1569	-0.0204	0.0784	-0.2602040816326531	0.7946	2764	VBI_any
rs624244	18	53183396	G	A	0.6684	-0.0225	0.0625	-0.36	0.7192	2764	VBI_any
rs242641	NA	NA	NA	NA	NA	NA	NA	NA	NA	NA	NA
rs8089386	18	75890484	T	C	0.4974	0.0522	0.0647	0.806801	0.4194	2764	VBI_any
rs34247072	19	4609569	C	T	0.2876	0.022000000000000002	0.0644	0.34161490683229817	0.7323	2764	VBI_any
rs17642135	NA	NA	NA	NA	NA	NA	NA	NA	NA	NA	NA
rs113230003	19	18460956	G	A	0.2563	0.0204	0.0697	0.29268292682926833	0.7694	2764	VBI_any
rs7254235	19	22212505	A	G	0.565	0.0406	0.0591	0.686971	0.4925	2764	VBI_any
rs75887709	19	37438329	A	G	0.133	0.0748	0.0899	0.832036	0.4054	2764	VBI_any
rs6857	19	45392254	C	T	0.3449	-0.1667	0.066	-2.5257575757575754	0.01151	2764	VBI_any
rs2287922	19	49232226	G	A	0.5232	0.0432	0.0579	0.7461139896373057	0.4561	2764	VBI_any
rs2092910	20	12150042	C	T	0.5892	0.0797	0.0593	1.3440134907251264	0.1788	2764	VBI_any
rs6033437	20	12495731	C	A	0.2576	0.1308	0.0693	1.8874458874458875	0.059160000000000004	2764	VBI_any
rs2425026	20	33847253	C	T	0.4503	-0.0298	0.0586	-0.5085324232081911	0.6108	2764	VBI_any
rs114798447	NA	NA	NA	NA	NA	NA	NA	NA	NA	NA	NA
rs6030341	20	41207365	C	T	0.4731	-0.0791	0.0578	-1.3685121107266438	0.1712	2764	VBI_any
rs6089752	20	61154393	C	T	0.581	-0.0429	0.0615	-0.6975609756097562	0.4853	2764	VBI_any
rs11088275	21	35581240	G	A	0.0897	0.2067	0.1164	1.7757731958762886	0.07579	2764	VBI_any
rs2413045	22	31665862	A	G	0.7759	-0.155	0.09	-1.72222	0.08496000000000001	2764	VBI_any
rs9607501	22	38318897	G	A	0.4072	-0.0436	0.0597	-0.7303182579564489	0.4648	2764	VBI_any
rs130868	22	47842303	A	G	0.3814	0.0553	0.0618	0.894822	0.3703	2764	VBI_any
