SNP	CHROM	POS	REF	ALT	AF	BETA	SE	Z	P	N	TRAIT
rs67474621	NA	NA	NA	NA	NA	NA	NA	NA	NA	NA	NA
rs6667502	1	177111162	T	C	0.4869	-0.0719	0.062	-1.15968	0.2461	2764	Vascular_Brain_Injury
rs45501495	1	204596454	C	T	0.2412	-0.0582	0.0689	-0.8447024673439768	0.39799999999999996	2764	Vascular_Brain_Injury
rs11692742	2	45112453	G	A	0.2848	0.107	0.0741	1.4439946018893388	0.1485	2764	Vascular_Brain_Injury
rs62148582	2	59530236	A	G	0.4353	0.0581	0.0592	0.981419	0.3266	2764	Vascular_Brain_Injury
rs114227716	2	174939137	A	G	0.0225	-0.1291	0.2327	-0.554792	0.579	2764	Vascular_Brain_Injury
rs1876245	3	71534763	T	C	0.4269	-0.0255	0.0591	-0.431472	0.6667	2764	Vascular_Brain_Injury
rs1449404	NA	NA	NA	NA	NA	NA	NA	NA	NA	NA	NA
rs114497213	3	115214586	G	T	0.0459	0.0926	0.2289	0.40454346876365227	0.6859	2764	Vascular_Brain_Injury
rs9841174	3	167184878	T	C	0.376	-0.0803	0.0606	-1.32508	0.185	2764	Vascular_Brain_Injury
rs2315507	4	14974192	G	A	0.6312	-0.0028	0.0594	-0.04713804713804714	0.9625	2764	Vascular_Brain_Injury
rs34555420	NA	NA	NA	NA	NA	NA	NA	NA	NA	NA	NA
rs3734543	NA	NA	NA	NA	NA	NA	NA	NA	NA	NA	NA
rs4869859	6	155847549	T	C	0.4907	-0.0165	0.0569	-0.289982	0.7721	2764	Vascular_Brain_Injury
rs10267710	7	95740335	G	T	0.3617	-0.016	0.0598	-0.26755852842809363	0.7887	2764	Vascular_Brain_Injury
rs11767283	7	121947456	A	G	0.2104	-0.0056	0.0846	-0.0661939	0.9475	2764	Vascular_Brain_Injury
rs11986122	NA	NA	NA	NA	NA	NA	NA	NA	NA	NA	NA
rs1217101	NA	NA	NA	NA	NA	NA	NA	NA	NA	NA	NA
rs552234	9	106772283	G	A	0.5031	0.057999999999999996	0.0586	0.9897610921501706	0.3229	2764	Vascular_Brain_Injury
rs2026092	10	21911657	G	A	0.3105	-0.0427	0.0624	-0.6842948717948718	0.4935	2764	Vascular_Brain_Injury
rs3136469	NA	NA	NA	NA	NA	NA	NA	NA	NA	NA	NA
rs11233632	11	83190682	C	T	0.5846	-0.0512	0.057999999999999996	-0.8827586206896553	0.3768	2764	Vascular_Brain_Injury
rs12787863	11	88543715	C	T	0.3605	0.0516	0.0591	0.8730964467005076	0.3823	2764	Vascular_Brain_Injury
rs875257	11	111530453	A	G	0.7132	-0.1094	0.0642	-1.70405	0.08865	2764	Vascular_Brain_Injury
rs12576625	11	126596003	T	C	0.8351	0.0635	0.0786	0.807888	0.4194	2764	Vascular_Brain_Injury
rs35287743	12	110057250	G	T	0.1126	0.1102	0.0987	1.1165146909827761	0.2641	2764	Vascular_Brain_Injury
rs3124402	13	55975115	A	G	0.725	0.0423	0.0651	0.64977	0.516	2764	Vascular_Brain_Injury
rs191728525	NA	NA	NA	NA	NA	NA	NA	NA	NA	NA	NA
rs28533540	15	47867762	G	A	0.4002	-0.1218	0.062	-1.9645161290322581	0.049460000000000004	2764	Vascular_Brain_Injury
rs56094641	16	53806453	A	G	0.4279	0.0249	0.0578	0.430796	0.6662	2764	Vascular_Brain_Injury
rs11859365	16	83683945	A	C	0.2579	-0.0189	0.0641	-0.294852	0.7685	2764	Vascular_Brain_Injury
rs7225002	17	44189067	A	G	0.3965	0.0046	0.0586	0.0784983	0.9368	2764	Vascular_Brain_Injury
rs1371272	18	1837204	G	A	0.1329	-0.0954	0.0875	-1.0902857142857143	0.2758	2764	Vascular_Brain_Injury
rs242641	NA	NA	NA	NA	NA	NA	NA	NA	NA	NA	NA
rs75887709	19	37438329	A	G	0.133	0.0748	0.0899	0.832036	0.4054	2764	Vascular_Brain_Injury
rs2287922	19	49232226	G	A	0.5232	0.0432	0.0579	0.7461139896373057	0.4561	2764	Vascular_Brain_Injury
rs6089752	20	61154393	C	T	0.581	-0.0429	0.0615	-0.6975609756097562	0.4853	2764	Vascular_Brain_Injury
rs2413045	22	31665862	A	G	0.7759	-0.155	0.09	-1.72222	0.08496000000000001	2764	Vascular_Brain_Injury
