$`Main MR results`
       Exposure       MR Analysis Causal Estimate         Sd    T-stat
1 beta.exposure               Raw      0.02684842 0.07961634 0.3372225
2 beta.exposure Outlier-corrected              NA         NA        NA
    P-value
1 0.7368667
2        NA

$`MR-PRESSO results`
$`MR-PRESSO results`$`Global Test`
$`MR-PRESSO results`$`Global Test`$RSSobs
[1] 104.6882

$`MR-PRESSO results`$`Global Test`$Pvalue
[1] 0.0314


$`MR-PRESSO results`$`Outlier Test`
         RSSobs Pvalue
1  9.702422e-06      1
2  2.577200e-05      1
3  7.264073e-04 0.1092
4  2.142038e-04      1
5  2.797013e-05      1
6  2.738390e-07      1
7  2.824187e-04      1
8  1.564813e-05      1
9  2.208860e-05      1
10 1.220772e-05      1
11 5.300670e-05      1
12 3.994258e-06      1
13 2.034144e-05      1
14 3.137421e-04      1
15 1.280237e-05      1
16 3.369997e-05      1
17 2.570084e-04      1
18 6.414633e-05      1
19 4.170054e-04      1
20 4.492628e-04      1
21 4.792530e-06      1
22 4.446373e-05      1
23 4.607724e-04      1
24 3.980139e-06      1
25 1.333367e-04      1
26 6.756537e-05      1
27 6.385245e-06      1
28 3.185405e-04      1
29 2.994575e-04      1
30 8.959740e-06      1
31 3.407577e-04      1
32 5.471413e-05      1
33 5.370568e-05      1
34 8.349573e-05      1
35 4.734465e-06      1
36 6.344563e-04 0.9828
37 4.336134e-05      1
38 5.139220e-06      1
39 1.147902e-04      1
40 8.310830e-05      1
41 6.809213e-06      1
42 3.020969e-06      1
43 6.422483e-05      1
44 3.634137e-05      1
45 8.282413e-07      1
46 7.751197e-05      1
47 2.510271e-06      1
48 1.507546e-04      1
49 1.569402e-04      1
50 1.078100e-04      1
51 1.825029e-04      1
52 2.746964e-04      1
53 1.186228e-04      1
54 3.572411e-05      1
55 1.898882e-05      1
56 3.399962e-05      1
57 2.299271e-04      1
58 3.117403e-06      1
59 2.888763e-04      1
60 8.830095e-05      1
61 3.534023e-05      1
62 4.418642e-04      1
63 6.400904e-05      1
64 2.837729e-04      1
65 8.764014e-05      1
66 4.676166e-06      1
67 3.177651e-04      1
68 1.471276e-05      1
69 2.210860e-03      1
70 2.905316e-04      1
71 3.010660e-05      1
72 2.039526e-04      1
73 2.343026e-05      1
74 1.461818e-05      1
75 3.808077e-04      1
76 1.288801e-05      1
77 1.496906e-04      1
78 3.004500e-04      1

$`MR-PRESSO results`$`Distortion Test`
$`MR-PRESSO results`$`Distortion Test`$`Outliers Indices`
[1] "No significant outliers"

$`MR-PRESSO results`$`Distortion Test`$`Distortion Coefficient`
[1] NA

$`MR-PRESSO results`$`Distortion Test`$Pvalue
[1] NA



