SNP	CHR	POS	Effect_allele	Non_Effect_allele	EAF	Beta	SE	P	r2	N
rs10762430	10	72974928	T	G	0.5886	-0.0358	0.027	0.1848	6.206983545312e-4	40255
rs116873719	NA	NA	NA	NA	NA	NA	NA	NA	NA	NA
rs11733695	4	100122916	A	G	0.0162	0.2184	0.1018	0.03192	0.0015203973238272002	40255
rs11929329	3	64677505	T	C	0.0319	0.0305	0.0338	0.3661	5.745668659499999e-5	40255
rs11940694	4	39414993	A	G	0.4189	-0.0149	0.0139	0.2837	1.0808458721579998e-4	40255
rs1260326	2	27730940	T	C	0.4232	-7e-4	0.0123	0.9537	2.3921972479999996e-7	40255
rs13135092	4	103198082	A	G	0.9241	-0.0459	0.0258	0.07558	2.9553989376779994e-4	40255
rs13383034	2	45155276	T	C	0.3145	-0.0078	0.0283	0.7819	2.6232960779999998e-5	40255
rs139457220	NA	NA	NA	NA	NA	NA	NA	NA	NA	NA
rs141398595	18	45978027	A	G	0.0195	0.0696	0.0516	0.1779	1.8523825631999998e-4	40255
rs143459567	16	24600412	T	C	0.0295	-0.0442	0.0919	0.6306	1.1186444958000002e-4	40255
rs144198753	4	99713350	T	C	0.024	0.0545	0.1117	0.6255	1.39150272e-4	40255
rs148382129	4	100885120	T	C	0.0171	0.1131	0.1102	0.3048	4.299922726398001e-4	40255
rs1602272	1	218189278	T	G	0.7339	-0.0171	0.0296	0.5629	1.142099598078e-4	40255
rs17269307	2	108673607	C	G	0.9651	0.1095	0.0805	0.1736	8.077109611950009e-4	40255
rs17301498	1	60877286	C	G	0.0664	-0.0124	0.0526	0.8134	1.90634846208e-5	40255
rs17556217	7	52710331	T	C	0.1565	-0.0193	0.0374	0.6057	9.834313359500002e-5	40255
rs183829622	1	16108236	T	C	0.0421	-0.0258	0.0768	0.7373	5.3687314015199994e-5	40255
rs185734688	NA	NA	NA	NA	NA	NA	NA	NA	NA	NA
rs2163971	3	85428726	T	C	0.4301	-0.0158	0.0269	0.5567	1.2238051292720004e-4	40255
rs2244956	10	57414479	C	G	0.3706	-0.0115	0.0195	0.5568	6.169611677999999e-5	40255
rs2639653	1	172634734	T	C	0.0134	-0.0749	0.0637	0.2392	1.483336012088e-4	40255
rs2678872	NA	NA	NA	NA	NA	NA	NA	NA	NA	NA
rs28415678	2	138297618	C	G	0.9361	0.0296	0.0531	0.5776	1.0481815745279994e-4	40255
rs28860292	7	103541576	A	G	0.3664	0.0049	0.014	0.7261	1.1147892940799998e-5	40255
rs3016206	11	95536724	T	C	0.5674	0.0119	0.0122	0.3303	6.95183995128e-5	40255
rs537715653	NA	NA	NA	NA	NA	NA	NA	NA	NA	NA
rs60189278	NA	NA	NA	NA	NA	NA	NA	NA	NA	NA
rs62446922	7	18035027	T	G	0.0716	-0.0011	0.0642	0.9869	1.608657248e-7	40255
rs62581324	NA	NA	NA	NA	NA	NA	NA	NA	NA	NA
rs667239	17	37442241	A	G	0.8353	0.0194	0.0163	0.2352	1.0355463353519997e-4	40255
rs739320	19	49261368	T	C	0.3582	0.003	0.033	0.9268	4.1380696799999995e-6	40255
rs7551503	1	229038351	T	C	0.2837	0.0166	0.0135	0.2179	1.119954705272e-4	40255
rs7948028	11	113328681	A	C	0.6154	0.0129	0.0124	0.2982	7.87727828088e-5	40255
rs7997190	13	21143707	A	G	0.1972	-0.0118	0.0328	0.7199	4.4086770316799996e-5	40255
rs8069790	17	56158245	A	C	0.8872	-0.0109	0.0189	0.5636	2.3780097139200003e-5	40255
rs9607371	22	37083494	T	C	0.7714	0.0066	0.0144	0.6479	1.53629185248e-5	40255
rs9656405	7	131514984	T	G	0.4038	-0.0087	0.0124	0.4835	3.6444062872799996e-5	40255
