SNP	CHROM	POS	REF	ALT	AF	BETA	SE	Z	P	N	TRAIT
rs12136689	1	8601118	A	C	0.319964	0.004548	0.006055	0.7511147811725847	0.4526	3146	CSF_ab42
rs35619052	NA	NA	NA	NA	NA	NA	NA	NA	NA	NA	NA
rs10917515	NA	NA	NA	NA	NA	NA	NA	NA	NA	NA	NA
rs116362708	1	75930314	G	A	0.0214623	0.013669999999999998	0.01583	0.8635502210991787	0.3881	3146	CSF_ab42
rs6576884	1	87709646	C	G	0.763053	8.085e-4	0.006856999999999999	0.117909	0.9061	3146	CSF_ab42
rs113389356	1	91085397	G	A	0.132807	0.009804	0.01018	0.963064833005894	0.3356	3146	CSF_ab42
rs6697362	1	115236579	A	T	0.727157	0.004547	0.006717	0.676939	0.4985	3146	CSF_ab42
rs145252437	NA	NA	NA	NA	NA	NA	NA	NA	NA	NA	NA
rs10911105	1	182601372	A	T	0.0285143	-0.008025	0.02075	-0.3867469879518072	0.6990000000000001	3146	CSF_ab42
rs71637264	NA	NA	NA	NA	NA	NA	NA	NA	NA	NA	NA
rs12032342	1	243834360	G	A	0.182057	3.729e-5	0.007693000000000001	0.0048472637462628355	0.9961	3146	CSF_ab42
rs1463979	2	22570074	A	G	0.390262	-0.009916	0.005833	-1.6999828561632093	0.08926	3146	CSF_ab42
rs938023	2	36190122	C	A	0.699163	-0.011	0.006278	-1.75215	0.07998999999999999	3146	CSF_ab42
rs10490220	2	50945777	G	C	0.0901342	-0.009096	0.009331	-0.9748151323545171	0.3297	3146	CSF_ab42
rs6430286	2	148834364	G	A	0.401342	-0.0148	0.005598	-2.6438013576277246	0.008248	3146	CSF_ab42
rs4507102	2	152488677	A	T	0.295572	-0.002321	0.006149	-0.37745974955277284	0.7058	3146	CSF_ab42
rs115848509	NA	NA	NA	NA	NA	NA	NA	NA	NA	NA	NA
rs137975658	NA	NA	NA	NA	NA	NA	NA	NA	NA	NA	NA
rs74338595	2	212749786	T	C	0.245917	0.01179	0.006702	1.7591763652641004	0.07855	3146	CSF_ab42
rs4233997	2	215379188	G	A	0.382588	-3.634e-4	0.005921	-0.06137476777571356	0.9511	3146	CSF_ab42
rs6715064	2	220041928	C	T	0.31984	6.55e-4	0.006132	0.1068166992824527	0.9149	3146	CSF_ab42
rs6737187	2	226360417	G	A	0.339441	8.277999999999998e-4	0.006217	0.1331510374778832	0.8941	3146	CSF_ab42
rs77020450	NA	NA	NA	NA	NA	NA	NA	NA	NA	NA	NA
rs895941	3	16846216	A	C	0.301708	-7.015e-4	0.006347	-0.11052465731841814	0.912	3146	CSF_ab42
rs9586	3	49213637	C	T	0.785507	-3.033e-4	0.006843000000000001	-0.0443227	0.9646	3146	CSF_ab42
rs1167248	NA	NA	NA	NA	NA	NA	NA	NA	NA	NA	NA
rs6774035	3	80461975	T	C	0.441188	-0.01126	0.005733	-1.9640676783533924	0.04964	3146	CSF_ab42
rs4465966	3	82009703	A	G	0.553195	0.01179	0.005741	2.05365	0.040139999999999995	3146	CSF_ab42
rs4859144	3	182624759	C	T	0.327953	-0.0103	0.00603	-1.7081260364842454	0.08765	3146	CSF_ab42
rs170035	NA	NA	NA	NA	NA	NA	NA	NA	NA	NA	NA
rs77087420	4	123122856	A	G	0.062568	0.02302	0.01291	1.783113865220759	0.07477	3146	CSF_ab42
rs56392095	5	24234601	G	T	0.454909	0.005864	0.006114	0.9591102387962055	0.3376	3146	CSF_ab42
rs1019762	5	79029594	T	C	0.171756	-0.002172	0.007818	-0.2778204144282425	0.7811	3146	CSF_ab42
rs30266	5	103972357	G	A	0.323315	-0.01144	0.0065	-1.7600000000000002	0.07855	3146	CSF_ab42
rs248453	NA	NA	NA	NA	NA	NA	NA	NA	NA	NA	NA
rs2069117	5	152244551	A	C	0.668122	0.004733	0.005801	0.815894	0.4146	3146	CSF_ab42
rs11134409	5	165514142	T	C	0.730211	-0.00193	0.007272	-0.265402	0.7907	3146	CSF_ab42
rs73352630	5	166065998	A	G	0.0879898	-0.003994	0.01105	-0.361447963800905	0.7179	3146	CSF_ab42
rs1024993	5	167006009	C	T	0.714026	0.00646	0.006002	1.07631	0.2819	3146	CSF_ab42
rs751206	5	167408366	A	G	0.18546	-0.00352	0.007515000000000001	-0.4683965402528276	0.6396	3146	CSF_ab42
rs139070646	NA	NA	NA	NA	NA	NA	NA	NA	NA	NA	NA
rs10456089	NA	NA	NA	NA	NA	NA	NA	NA	NA	NA	NA
rs114146785	6	28797097	A	G	0.03477	-0.023819999999999997	0.013640000000000001	-1.7463343108504397	0.08079	3146	CSF_ab42
rs240113	6	101058886	G	A	0.520705	0.003611	0.005645000000000001	0.639681	0.5224	3146	CSF_ab42
rs7770860	6	131186393	T	C	0.395252	0.004646	0.005794	0.8018639972385226	0.4227	3146	CSF_ab42
rs868708	6	163259260	G	A	0.301308	0.001731	0.005838	0.2965056526207605	0.7668	3146	CSF_ab42
rs3807866	7	12250378	G	A	0.373498	0.001577	0.005799	0.2719434385238834	0.7857	3146	CSF_ab42
rs4722031	7	21481971	A	T	0.713661	-0.004067	0.006152	-0.661086	0.5086	3146	CSF_ab42
rs8180817	7	114047542	G	C	0.471616	-0.0023510000000000002	0.005686999999999999	-0.41339898013012144	0.6793	3146	CSF_ab42
rs929295	NA	NA	NA	NA	NA	NA	NA	NA	NA	NA	NA
rs322349	NA	NA	NA	NA	NA	NA	NA	NA	NA	NA	NA
rs13233916	NA	NA	NA	NA	NA	NA	NA	NA	NA	NA	NA
rs7831711	8	21970230	A	C	0.560066	-0.00574	0.005654	-1.01521	0.3101	3146	CSF_ab42
rs4872006	8	22536502	T	C	0.603134	-0.01325	0.0060869999999999995	-2.17677	0.02961	3146	CSF_ab42
rs7011293	8	33880319	C	T	0.220407	-0.002058	0.006807	-0.3023358307624504	0.7624	3146	CSF_ab42
rs77644617	8	129126451	C	T	0.0413043	0.01786	0.017759999999999998	1.0056306306306309	0.3146	3146	CSF_ab42
rs10966061	9	23740210	C	A	0.292515	-0.00403	0.006306	-0.6390738978750397	0.5229	3146	CSF_ab42
rs7857710	9	36974620	C	T	0.0949436	0.006893000000000001	0.009835	0.7008642602948654	0.4835	3146	CSF_ab42
rs773020	NA	NA	NA	NA	NA	NA	NA	NA	NA	NA	NA
rs112624881	NA	NA	NA	NA	NA	NA	NA	NA	NA	NA	NA
rs10992800	9	96373818	G	A	0.477108	0.007823	0.00586	1.3349829351535838	0.182	3146	CSF_ab42
rs2149351	NA	NA	NA	NA	NA	NA	NA	NA	NA	NA	NA
rs10984766	NA	NA	NA	NA	NA	NA	NA	NA	NA	NA	NA
rs1147321	9	125673051	T	G	0.843727	0.005442	0.007873999999999999	0.691135	0.4895	3146	CSF_ab42
rs28458909	NA	NA	NA	NA	NA	NA	NA	NA	NA	NA	NA
rs11022762	11	13335926	C	T	0.448163	-0.002785	0.005796	-0.48050379572118707	0.6309	3146	CSF_ab42
rs143864773	11	32765866	T	C	0.0539855	-0.01891	0.010740000000000001	-1.7607076350093107	0.07855	3146	CSF_ab42
rs11605348	11	47606483	G	A	0.383205	-0.009614	0.006014	-1.5986032590621881	0.11	3146	CSF_ab42
rs1966836	11	57982229	A	G	0.648874	-0.001342	0.006079	-0.22076	0.8253	3146	CSF_ab42
rs680914	11	99501982	A	G	0.660968	0.001583	0.005966	0.265337	0.7908	3146	CSF_ab42
rs4572147	11	132489333	G	A	0.531525	0.005558	0.005893	0.943153	0.3457	3146	CSF_ab42
rs74757488	12	24200931	G	T	0.198767	-0.009703	0.007047	-1.3768979707677025	0.1686	3146	CSF_ab42
rs73416497	12	112070977	T	A	0.200263	-0.006761	0.007622	-0.8870375229598529	0.3751	3146	CSF_ab42
rs11068917	12	118791120	C	A	0.182843	0.008618	0.0073950000000000005	1.1653820148749154	0.2439	3146	CSF_ab42
rs9596054	13	31607186	A	G	0.505296	-4.327e-4	0.005764	-0.0750694	0.9402	3146	CSF_ab42
rs146715199	NA	NA	NA	NA	NA	NA	NA	NA	NA	NA	NA
rs7997287	NA	NA	NA	NA	NA	NA	NA	NA	NA	NA	NA
rs4899292	14	69704052	A	G	0.730405	-0.004948	0.005984000000000001	-0.826872	0.4084	3146	CSF_ab42
rs8022832	14	75211328	G	A	0.656685	-0.002155	0.006079	-0.354499	0.7229	3146	CSF_ab42
rs61978688	NA	NA	NA	NA	NA	NA	NA	NA	NA	NA	NA
rs962950	15	47685416	A	T	0.280254	-0.010320000000000001	0.006462000000000001	-1.5970287836583101	0.1103	3146	CSF_ab42
rs8035460	15	78064664	T	G	0.441337	0.0024809999999999997	0.006208	0.399645618556701	0.6895	3146	CSF_ab42
rs2018719	16	71432033	T	C	0.730556	0.002814	0.006520999999999999	0.431529	0.6661	3146	CSF_ab42
rs73263511	17	13790097	T	G	0.0391588	0.01005	0.01541	0.6521739130434783	0.5143	3146	CSF_ab42
rs4098686	17	42629737	A	C	0.738545	-0.009204	0.006246	-1.47358	0.1407	3146	CSF_ab42
rs62085660	NA	NA	NA	NA	NA	NA	NA	NA	NA	NA	NA
rs1941699	18	31245871	A	G	0.604182	-6.003e-4	0.005834000000000001	-0.102897	0.9181	3146	CSF_ab42
rs6508210	18	50747191	A	C	0.558524	-0.001886	0.005665	-0.332921	0.7392	3146	CSF_ab42
rs613872	18	53210302	G	T	0.843977	5.534e-4	0.007790999999999999	0.0710307	0.9434	3146	CSF_ab42
rs140217861	NA	NA	NA	NA	NA	NA	NA	NA	NA	NA	NA
rs1025574	19	30421480	G	C	0.896545	0.01018	0.009109	1.11758	0.2638	3146	CSF_ab42
rs79106024	NA	NA	NA	NA	NA	NA	NA	NA	NA	NA	NA
rs4402837	NA	NA	NA	NA	NA	NA	NA	NA	NA	NA	NA
rs2149282	20	30339145	C	G	0.541318	-0.003464	0.0058390000000000004	-0.593252	0.5531	3146	CSF_ab42
rs1022688	20	47648856	G	A	0.32878	-0.0032920000000000002	0.005921	-0.5559871643303497	0.5782	3146	CSF_ab42
rs495146	20	48130328	C	T	0.230084	-0.002231	0.0064459999999999995	-0.34610611231771643	0.7293	3146	CSF_ab42
rs6013429	20	50919177	A	G	0.248184	-0.002593	0.006235	-0.41587810745789894	0.6776	3146	CSF_ab42
rs11702783	NA	NA	NA	NA	NA	NA	NA	NA	NA	NA	NA
