SNP	CHROM	POS	REF	ALT	AF	BETA	SE	Z	P	N	TRAIT
rs2982366	1	11438787	G	A	0.637223	-0.007654	0.005378	-1.42321	0.1548	3146	CSF_ptau
rs58300372	NA	NA	NA	NA	NA	NA	NA	NA	NA	NA	NA
rs34676516	1	27116463	C	T	0.0896226	-0.008235	0.009855	-0.8356164383561644	0.4035	3146	CSF_ptau
rs7517981	1	31555056	T	C	0.63648	0.005028	0.0055119999999999995	0.912192	0.3618	3146	CSF_ptau
rs915416	1	34731984	C	G	0.663881	0.009034	0.005864	1.54059	0.1236	3146	CSF_ptau
rs67752000	1	44597213	G	A	0.234449	0.0017120000000000002	0.005952000000000001	0.28763440860215056	0.7736	3146	CSF_ptau
rs61785580	1	46402849	C	T	0.0630346	0.01547	0.011040000000000001	1.4012681159420288	0.1613	3146	CSF_ptau
rs12760654	1	47669325	G	A	0.182462	9.683999999999999e-4	0.007072	0.13693438914027148	0.8911	3146	CSF_ptau
rs269054	1	57864304	T	A	0.413249	-0.0013160000000000001	0.005888	-0.2235054347826087	0.8231	3146	CSF_ptau
rs61796569	1	66476437	C	T	0.252372	0.001848	0.006076	0.30414746543778803	0.7609999999999999	3146	CSF_ptau
rs12030413	1	71541524	G	C	0.193584	8.910999999999999e-4	0.006697	0.1330595789159325	0.8941	3146	CSF_ptau
rs12567114	1	98527951	G	A	0.294406	-0.004615	0.006138	-0.7518735744542197	0.4522	3146	CSF_ptau
rs1441189	1	163826318	C	T	0.319601	-0.007729000000000001	0.006251	-1.2364421692529197	0.2164	3146	CSF_ptau
rs1289588	1	164013029	G	A	0.626316	-0.008773	0.005436	-1.61387	0.1067	3146	CSF_ptau
rs2279681	1	201861016	C	G	0.340316	-0.005254	0.005504	-0.954578488372093	0.3399	3146	CSF_ptau
rs551894262	NA	NA	NA	NA	NA	NA	NA	NA	NA	NA	NA
rs7527648	1	240011174	C	T	0.555556	0.00409	0.005811	0.703838	0.4816	3146	CSF_ptau
rs62120041	2	9185564	T	C	0.067175	0.0159	0.0107	1.4859813084112152	0.1376	3146	CSF_ptau
rs2056152	2	14542588	T	C	0.573535	-0.008367	0.005346	-1.5651	0.1177	3146	CSF_ptau
rs11689042	2	25057054	G	C	0.289694	8.718e-4	0.006667	0.13076346182690865	0.8959999999999999	3146	CSF_ptau
rs116196449	NA	NA	NA	NA	NA	NA	NA	NA	NA	NA	NA
rs374153	2	40382712	C	T	0.834603	-0.006636	0.0073019999999999995	-0.908792	0.3636	3146	CSF_ptau
rs2717076	2	58061127	C	T	0.588897	-7.311e-4	0.005517	-0.132518	0.8946	3146	CSF_ptau
rs75539574	NA	NA	NA	NA	NA	NA	NA	NA	NA	NA	NA
rs35758221	NA	NA	NA	NA	NA	NA	NA	NA	NA	NA	NA
rs7556815	2	114085785	G	A	0.220407	0.0051270000000000005	0.006416	0.7990960099750625	0.4242	3146	CSF_ptau
rs6712127	2	135762061	A	G	0.283479	2.4270000000000002e-4	0.0067150000000000005	0.03614296351451973	0.9712	3146	CSF_ptau
rs79259656	NA	NA	NA	NA	NA	NA	NA	NA	NA	NA	NA
rs35662245	2	147583187	T	A	0.380131	-6.429e-4	0.005574	-0.11533907427341226	0.9082	3146	CSF_ptau
rs11885663	2	166944004	C	T	0.223626	-0.006298	0.006000999999999999	-1.049491751374771	0.2941	3146	CSF_ptau
rs12470733	2	200968215	C	A	0.166969	0.002807	0.0069310000000000005	0.4049920646371375	0.6855	3146	CSF_ptau
rs2161853	NA	NA	NA	NA	NA	NA	NA	NA	NA	NA	NA
rs10173260	2	210377845	T	C	0.579282	-0.004658	0.005497	-0.847371	0.3969	3146	CSF_ptau
rs4539789	2	225485628	G	A	0.577875	0.008896	0.0053479999999999995	1.66343	0.09632	3146	CSF_ptau
rs6806208	3	35661030	C	T	0.671293	-0.002965	0.006018	-0.492689	0.6223	3146	CSF_ptau
rs13066140	3	50154223	T	C	0.107804	-0.005208	0.008944	-0.5822898032200358	0.5604	3146	CSF_ptau
rs112230981	3	55879269	A	G	0.0224945	0.01987	0.013909999999999999	1.428468727534148	0.15310000000000001	3146	CSF_ptau
rs17065421	3	61793618	C	A	0.0730602	-0.014790000000000001	0.009512	-1.554878048780488	0.12	3146	CSF_ptau
rs17732997	3	70470834	C	G	0.420058	9.592e-4	0.005405	0.17746530989824236	0.8591	3146	CSF_ptau
rs9810474	3	74961196	C	T	0.215013	-0.004640999999999999	0.006516	-0.7122467771639042	0.4763	3146	CSF_ptau
rs1694943	3	84962681	A	G	0.546364	0.001063	0.005301	0.200528	0.8411	3146	CSF_ptau
rs7644809	3	107564459	T	C	0.623547	0.004058	0.005826	0.696533	0.4862	3146	CSF_ptau
rs4688116	3	118195601	G	T	0.604575	-0.01217	0.005441	-2.23672	0.0254	3146	CSF_ptau
rs11928693	3	123275179	G	T	0.208903	0.008898999999999999	0.005903	1.507538539725563	0.1318	3146	CSF_ptau
rs13088093	3	135838598	T	G	0.328369	7.33e-4	0.006089	0.12038101494498277	0.9042	3146	CSF_ptau
rs9842017	NA	NA	NA	NA	NA	NA	NA	NA	NA	NA	NA
rs6783516	3	178539272	G	T	0.596443	-0.003015	0.005915	-0.509721	0.6103	3146	CSF_ptau
rs2192528	4	18327896	A	G	0.490919	-0.001155	0.0052829999999999995	-0.218626	0.8269	3146	CSF_ptau
rs7686205	4	44535866	A	G	0.4081	-0.005096	0.005534000000000001	-0.9208529092880374	0.3572	3146	CSF_ptau
rs2588720	4	66983177	C	A	0.691189	-7.427e-4	0.005584	-0.133005	0.8942	3146	CSF_ptau
rs17427571	4	82254908	A	G	0.380182	5.842000000000001e-4	0.005797	0.10077626358461275	0.9197	3146	CSF_ptau
rs35531607	4	92533225	T	C	0.441134	-6.316e-4	0.005291	-0.11937251937251937	0.905	3146	CSF_ptau
rs13109404	4	102896591	T	G	0.0364394	-0.027939999999999996	0.01181	-2.365791701947502	0.018090000000000002	3146	CSF_ptau
rs72672112	NA	NA	NA	NA	NA	NA	NA	NA	NA	NA	NA
rs7653924	4	170202862	C	T	0.450601	-0.008059	0.005378	-1.498512458162886	0.1341	3146	CSF_ptau
rs11738968	NA	NA	NA	NA	NA	NA	NA	NA	NA	NA	NA
rs365663	5	1428883	A	G	0.51763	-2.1930000000000002e-4	0.005378	-0.04077724060989216	0.9675	3146	CSF_ptau
rs465700	5	3126493	C	G	0.883218	0.01007	0.009023999999999999	1.11591	0.2647	3146	CSF_ptau
rs72739772	5	18772436	A	G	0.17992	0.0032630000000000003	0.007531	0.43327579338733235	0.6648	3146	CSF_ptau
rs9283702	5	50755613	C	G	0.243189	0.0036880000000000003	0.006029	0.6117100680046443	0.5408	3146	CSF_ptau
rs780397	5	87529658	G	C	0.75254	0.00584	0.006207	0.940873	0.3469	3146	CSF_ptau
rs442553	5	89319866	C	T	0.505466	-0.004738	0.005379999999999999	-0.8806691449814128	0.3786	3146	CSF_ptau
rs11135570	5	91785541	A	G	0.716147	-0.002153	0.006178	-0.348495	0.7275	3146	CSF_ptau
rs56372231	5	102321905	C	T	0.330912	0.001368	0.005683	0.24071793067042058	0.8098	3146	CSF_ptau
rs11567976	5	137654218	C	T	0.521564	0.00588	0.005447	1.07949	0.2804	3146	CSF_ptau
rs888957	NA	NA	NA	NA	NA	NA	NA	NA	NA	NA	NA
rs4958318	5	151943054	C	T	0.243209	-9.197000000000001e-4	0.005986	-0.15364183093885736	0.8779	3146	CSF_ptau
rs151014368	NA	NA	NA	NA	NA	NA	NA	NA	NA	NA	NA
rs11249671	NA	NA	NA	NA	NA	NA	NA	NA	NA	NA	NA
rs2206261	6	10039382	C	G	0.129677	-0.003339	0.007476000000000001	-0.446629213483146	0.6551	3146	CSF_ptau
rs7452281	6	18538449	T	C	0.123811	-2.106e-4	0.008302	-0.025367381353890626	0.9798	3146	CSF_ptau
rs34556183	6	28584775	A	G	0.21261	0.0076950000000000005	0.006421	1.198411462389036	0.2309	3146	CSF_ptau
rs1071742	NA	NA	NA	NA	NA	NA	NA	NA	NA	NA	NA
rs9381075	NA	NA	NA	NA	NA	NA	NA	NA	NA	NA	NA
rs113113059	6	43160375	T	C	0.205604	0.002979	0.006934999999999999	0.4295602018745494	0.6675	3146	CSF_ptau
rs1547026	NA	NA	NA	NA	NA	NA	NA	NA	NA	NA	NA
rs9382445	6	54937974	T	C	0.330607	-0.003176	0.005533	-0.5740104825591903	0.5660000000000001	3146	CSF_ptau
rs3909077	6	72578985	T	C	0.176033	0.001323	0.006744	0.19617437722419928	0.8445	3146	CSF_ptau
rs9360616	6	73616236	C	A	0.305889	-0.011040000000000001	0.005790999999999999	-1.9064064928337079	0.05674	3146	CSF_ptau
rs2231265	6	89790201	A	G	0.816104	0.002134	0.00648	0.329321	0.742	3146	CSF_ptau
rs9345234	6	93162639	A	C	0.528878	0.004287	0.005345	0.802058	0.4226	3146	CSF_ptau
rs6932158	6	101246010	T	C	0.508017	-0.008315	0.00526	-1.5808	0.114	3146	CSF_ptau
rs118077449	6	115450372	G	T	0.0724427	-0.003886	0.008862	-0.43850146693748593	0.6609999999999999	3146	CSF_ptau
rs13197257	6	128333682	G	T	0.338354	-0.011000000000000001	0.006084	-1.8080210387902698	0.07074	3146	CSF_ptau
rs9492542	6	130637874	C	T	0.307664	-0.0051919999999999996	0.005737	-0.9050026146069373	0.3655	3146	CSF_ptau
rs34731055	7	2106928	C	T	0.181263	-0.007568000000000001	0.006794	-1.1139240506329116	0.2655	3146	CSF_ptau
rs41845	7	69025267	G	T	0.35591	0.007331999999999999	0.005681	1.2906178489702516	0.19699999999999998	3146	CSF_ptau
rs62462821	7	71596011	C	T	0.330062	0.001048	0.005653	0.18538828940385638	0.8529	3146	CSF_ptau
rs3801290	NA	NA	NA	NA	NA	NA	NA	NA	NA	NA	NA
rs401966	NA	NA	NA	NA	NA	NA	NA	NA	NA	NA	NA
rs10273733	7	107258121	T	C	0.713326	0.007321	0.005881	1.24486	0.2133	3146	CSF_ptau
rs2079070	7	114126432	C	G	0.761162	-0.001027	0.006589	-0.155866	0.8762	3146	CSF_ptau
rs4731139	7	123716880	T	C	0.47467	-0.007718000000000001	0.005432	-1.420839469808542	0.1555	3146	CSF_ptau
rs7806045	7	132610266	T	C	0.231774	-0.002093	0.006282	-0.3331741483603947	0.7390000000000001	3146	CSF_ptau
rs10264127	7	147694691	C	G	0.331285	-0.00128	0.0056229999999999995	-0.22763649297528013	0.8199	3146	CSF_ptau
rs7460584	8	737551	C	G	0.44732	0.01289	0.006033	2.1365821316094813	0.032760000000000004	3146	CSF_ptau
rs73187206	NA	NA	NA	NA	NA	NA	NA	NA	NA	NA	NA
rs4841498	8	10985432	C	T	0.555233	0.002351	0.005345	0.43985	0.66	3146	CSF_ptau
rs73219758	8	14279446	G	A	0.298907	0.003785	0.005966	0.6344284277572914	0.5258	3146	CSF_ptau
rs1809498	8	21836384	C	G	0.462727	-0.00575	0.005375	-1.0697674418604652	0.2848	3146	CSF_ptau
rs10113779	8	22485934	G	C	0.418036	0.007867	0.005386	1.4606386929075381	0.1442	3146	CSF_ptau
rs58153210	8	26271120	C	T	0.637173	0.001709	0.005877	0.290795	0.7712	3146	CSF_ptau
rs1845627	8	34092531	C	T	0.332101	-1.194e-5	0.005503	-0.002169725604215882	0.9983	3146	CSF_ptau
rs76410510	8	52900371	C	G	0.0498188	-0.014880000000000001	0.01185	-1.2556962025316456	0.2094	3146	CSF_ptau
rs28374712	8	64317636	A	T	0.206415	-0.003593	0.006254	-0.574512312120243	0.5656	3146	CSF_ptau
rs4588900	8	73890425	G	A	0.512755	-0.002023	0.005301	-0.381626	0.7028	3146	CSF_ptau
rs9643333	8	94266168	C	T	0.759503	6.621e-4	0.006783	0.0976117	0.9223	3146	CSF_ptau
rs7842473	NA	NA	NA	NA	NA	NA	NA	NA	NA	NA	NA
rs2129547	8	127972571	G	C	0.356545	-0.00252	0.005514	-0.4570184983677911	0.6477	3146	CSF_ptau
rs7464481	8	136750276	G	A	0.599274	0.001073	0.005943	0.180549	0.8567	3146	CSF_ptau
rs10116103	9	1747566	C	T	0.355612	-0.007568999999999999	0.0057009999999999995	-1.3276618137168918	0.1844	3146	CSF_ptau
rs12380607	9	3096934	G	A	0.458348	-0.007626000000000001	0.005340999999999999	-1.427822505148849	0.1534	3146	CSF_ptau
rs12336359	9	4129657	G	C	0.347258	0.006634	0.0054670000000000005	1.2134625937442838	0.2251	3146	CSF_ptau
rs1323341	9	14453010	A	G	0.752719	-0.003438	0.006569	-0.523367	0.6008	3146	CSF_ptau
rs10810258	9	14830989	A	G	0.396326	9.106e-4	0.005446	0.1672052882849798	0.8672	3146	CSF_ptau
rs10973207	NA	NA	NA	NA	NA	NA	NA	NA	NA	NA	NA
rs4364707	NA	NA	NA	NA	NA	NA	NA	NA	NA	NA	NA
rs10820727	9	99257987	G	A	0.110607	-0.006739	0.009356999999999999	-0.7202094688468528	0.4715	3146	CSF_ptau
rs803728	9	125969655	A	T	0.657112	-0.004748	0.005579	-0.85104900000000006	0.3948	3146	CSF_ptau
rs148251429	NA	NA	NA	NA	NA	NA	NA	NA	NA	NA	NA
rs1776776	9	140497072	T	C	0.190641	4.901e-5	0.007631000000000001	0.006422487223168654	0.9949	3146	CSF_ptau
rs138500422	10	19731490	C	G	0.245148	-4.8180000000000006e-4	0.006678	-0.07214734950584008	0.9425	3146	CSF_ptau
rs12246842	10	21830580	A	G	0.531182	-0.007253	0.005864	-1.23687	0.2163	3146	CSF_ptau
rs10761674	10	64618340	C	T	0.560843	-0.006593	0.005362	-1.22958	0.21899999999999997	3146	CSF_ptau
rs1163196	10	70562243	C	G	0.311341	-0.015030000000000002	0.005968	-2.51843163538874	0.01182	3146	CSF_ptau
rs10788612	10	90544705	T	C	0.32339	-0.005082	0.005502	-0.9236641221374046	0.3557	3146	CSF_ptau
rs11185890	10	91575418	G	A	0.25883	-0.00316	0.006139	-0.5147418146277896	0.6067	3146	CSF_ptau
rs11190970	10	103128332	G	A	0.227713	-0.01135	0.0066879999999999995	-1.697069377990431	0.08986	3146	CSF_ptau
rs17092671	10	116779483	A	G	0.323241	-0.0033369999999999997	0.0062640000000000005	-0.5327266922094508	0.5943	3146	CSF_ptau
rs2532841	10	119069842	A	C	0.515091	8.237e-4	0.005396	0.15265	0.8787	3146	CSF_ptau
rs7915425	10	125016501	T	C	0.826797	-0.007305	0.006784999999999999	-1.07664	0.2817	3146	CSF_ptau
rs7943526	11	18099397	C	G	0.425019	0.01075	0.005852	1.836978810663021	0.06642	3146	CSF_ptau
rs1517572	11	28829882	A	C	0.634448	0.001354	0.006062	0.223359	0.8233	3146	CSF_ptau
rs4592416	11	43800474	A	G	0.502179	0.0035520000000000005	0.005369	0.6615757124231701	0.5084	3146	CSF_ptau
rs11039544	11	48173412	G	A	0.143972	-0.007495999999999999	0.007972	-0.9402910185649773	0.3472	3146	CSF_ptau
rs174560	11	61581764	T	C	0.324172	-0.009126	0.005847	-1.5608004104669062	0.1187	3146	CSF_ptau
rs12791153	NA	NA	NA	NA	NA	NA	NA	NA	NA	NA	NA
rs1553132	11	88297740	A	G	0.228509	1.3230000000000002e-4	0.006155	0.021494719740048743	0.9828	3146	CSF_ptau
rs12224352	11	99282766	A	T	0.301052	8.404999999999999e-4	0.005668	0.14828863796753702	0.8821	3146	CSF_ptau
rs1939455	NA	NA	NA	NA	NA	NA	NA	NA	NA	NA	NA
rs1079727	11	113289182	T	C	0.176577	0.01766	0.007271	2.428826846376014	0.01521	3146	CSF_ptau
rs3751046	11	122828342	A	G	0.121957	0.002438	0.007294	0.3342473265697834	0.7382	3146	CSF_ptau
rs10790897	11	127376897	T	C	0.200073	0.002595	0.006449	0.40238796712668634	0.6874	3146	CSF_ptau
rs10506092	12	32667330	G	T	0.0322932	0.001485	0.01288	0.11529503105590061	0.9082	3146	CSF_ptau
rs34354917	NA	NA	NA	NA	NA	NA	NA	NA	NA	NA	NA
rs3809162	12	54674235	A	G	0.43228	0.007034	0.005385	1.3062209842154133	0.1916	3146	CSF_ptau
rs324015	12	57490100	T	C	0.740437	-0.004326	0.00656	-0.659451	0.5097	3146	CSF_ptau
rs11113605	12	108352157	C	T	0.194737	-0.004817	0.007402	-0.6507700621453661	0.5152	3146	CSF_ptau
rs4767550	NA	NA	NA	NA	NA	NA	NA	NA	NA	NA	NA
rs7979697	12	120262695	C	T	0.190251	6.599e-4	0.007107	0.09285211763050515	0.9259999999999999	3146	CSF_ptau
rs542936194	NA	NA	NA	NA	NA	NA	NA	NA	NA	NA	NA
rs9552469	NA	NA	NA	NA	NA	NA	NA	NA	NA	NA	NA
rs4559781	13	28303803	C	T	0.871688	0.00514	0.008006000000000001	0.642018	0.5209	3146	CSF_ptau
rs6561715	13	53888526	T	A	0.633527	-2.054e-4	0.006173	-0.0332739	0.9735	3146	CSF_ptau
rs35938338	13	62958423	T	G	0.156863	-0.002121	0.007264	-0.2919878854625551	0.7704	3146	CSF_ptau
rs4491389	13	70066316	G	T	0.379109	0.002523	0.005445	0.4633608815426997	0.6432	3146	CSF_ptau
rs9547272	NA	NA	NA	NA	NA	NA	NA	NA	NA	NA	NA
rs9300351	NA	NA	NA	NA	NA	NA	NA	NA	NA	NA	NA
rs6575005	14	26954078	T	C	0.218029	0.0054329999999999995	0.006148	0.8837020169160702	0.377	3146	CSF_ptau
rs10483350	14	29816155	A	G	0.198623	-0.009197	0.00674	-1.364540059347181	0.1725	3146	CSF_ptau
rs61985058	14	60233841	C	T	0.108593	-0.01259	0.008193	-1.5366776516538507	0.1246	3146	CSF_ptau
rs55658675	14	65554638	C	T	0.323851	-0.002064	0.005733	-0.3600209314495028	0.7188	3146	CSF_ptau
rs35213196	NA	NA	NA	NA	NA	NA	NA	NA	NA	NA	NA
rs11621908	14	78495761	C	T	0.0779315	0.02222	0.009956	2.231820008035356	0.025689999999999998	3146	CSF_ptau
rs2664299	14	99742187	T	C	0.469543	-0.00275	0.005439	-0.5056076484647912	0.6132	3146	CSF_ptau
rs11853131	15	22907319	G	A	0.465053	0.005141	0.0053	0.97	0.3321	3146	CSF_ptau
rs8038326	15	47989799	A	G	0.372232	-0.001588	0.0061070000000000004	-0.2600294743736695	0.7949	3146	CSF_ptau
rs117930259	NA	NA	NA	NA	NA	NA	NA	NA	NA	NA	NA
rs62009949	15	66504660	T	C	0.514036	-0.001428	0.005829	-0.244982	0.8065	3146	CSF_ptau
rs55842233	NA	NA	NA	NA	NA	NA	NA	NA	NA	NA	NA
rs4581677	15	87834892	G	A	0.323069	0.00415	0.005658	0.73347472605160835	0.4634	3146	CSF_ptau
rs3095508	16	6550400	C	A	0.378457	-9.048e-4	0.005396	-0.16767976278724983	0.8668	3146	CSF_ptau
rs11648073	16	10128189	T	C	0.189239	7.535e-4	0.007139	0.10554699537750385	0.9159	3146	CSF_ptau
rs72771082	16	20023601	A	G	0.276287	-0.0017800000000000001	0.006443000000000001	-0.2762688188731957	0.7824	3146	CSF_ptau
rs12598706	16	20395000	C	T	0.523497	-0.008436	0.005852	-1.4415584415584415	0.1496	3146	CSF_ptau
rs11643715	16	23909538	C	G	0.246366	0.003578	0.006358	0.5627555835168292	0.5736	3146	CSF_ptau
rs9937053	16	53799507	G	A	0.461407	0.003936	0.005336	0.7376311844077962	0.4608	3146	CSF_ptau
rs7198661	16	56090428	T	C	0.435431	0.001637	0.005877	0.27854347456185125	0.7806	3146	CSF_ptau
rs11076412	16	60791782	G	A	0.427699	-0.006211	0.006031	-1.0298457967169625	0.3031	3146	CSF_ptau
rs7191888	16	73581058	A	G	0.172445	0.0049380000000000005	0.007292	0.677180471749863	0.4983	3146	CSF_ptau
rs4790581	17	4066657	T	C	0.603705	0.003516	0.005438	0.646561	0.518	3146	CSF_ptau
rs35415738	17	4755027	G	A	0.729511	0.007361	0.006167	1.19361	0.2328	3146	CSF_ptau
rs3027234	17	8136092	C	T	0.208636	0.009904999999999999	0.0063880000000000004	1.5505635566687537	0.1211	3146	CSF_ptau
rs205024	17	11227352	C	T	0.392727	-0.010190000000000001	0.005425	-1.878341013824885	0.06047	3146	CSF_ptau
rs8072993	NA	NA	NA	NA	NA	NA	NA	NA	NA	NA	NA
rs9915731	17	30599555	T	A	0.256102	0.001204	0.005862	0.20539065165472534	0.8373	3146	CSF_ptau
rs147114641	NA	NA	NA	NA	NA	NA	NA	NA	NA	NA	NA
rs2696429	NA	NA	NA	NA	NA	NA	NA	NA	NA	NA	NA
rs553223732	NA	NA	NA	NA	NA	NA	NA	NA	NA	NA	NA
rs538476570	NA	NA	NA	NA	NA	NA	NA	NA	NA	NA	NA
rs547290689	NA	NA	NA	NA	NA	NA	NA	NA	NA	NA	NA
rs9893354	17	50538567	A	G	0.479811	0.006273	0.005231	1.1992	0.2306	3146	CSF_ptau
rs8074498	NA	NA	NA	NA	NA	NA	NA	NA	NA	NA	NA
rs79783687	NA	NA	NA	NA	NA	NA	NA	NA	NA	NA	NA
rs35236861	18	4117071	C	G	0.363985	-5.718e-4	0.0064930000000000005	-0.0880640689973818	0.9298	3146	CSF_ptau
rs62081535	18	35235896	T	C	0.12192	-0.0044210000000000005	0.008947	-0.49413211132223095	0.6212	3146	CSF_ptau
rs1942085	18	39017178	A	G	0.096628	0.008647	0.009701999999999999	0.8912595341166771	0.3728	3146	CSF_ptau
rs12607679	18	53059748	T	C	0.226457	0.00945	0.006135	1.5403422982885087	0.1236	3146	CSF_ptau
rs11151115	18	73060397	C	T	0.240378	0.0037840000000000005	0.006431	0.5883999378012751	0.5563	3146	CSF_ptau
rs10421649	19	9942262	T	A	0.606434	0.01257	0.006626000000000001	1.89707	0.05803	3146	CSF_ptau
rs35126035	NA	NA	NA	NA	NA	NA	NA	NA	NA	NA	NA
rs13346368	19	48198675	A	G	0.286734	0.008031	0.005887	1.3641922880924071	0.1726	3146	CSF_ptau
rs67546213	19	50082587	G	A	0.196513	-0.008242	0.0069299999999999995	-1.1893217893217893	0.2344	3146	CSF_ptau
rs4815270	20	2474081	T	C	0.874213	0.008595	0.009931	0.865472	0.3869	3146	CSF_ptau
rs6043178	20	15273156	T	G	0.622999	-6.519e-4	0.005439	-0.119857	0.9046	3146	CSF_ptau
rs2072727	20	43538733	T	C	0.57478	-0.004284	0.005357	-0.799701	0.424	3146	CSF_ptau
rs12152085	NA	NA	NA	NA	NA	NA	NA	NA	NA	NA	NA
rs73208119	21	39234343	G	A	0.121779	0.001552	0.00968	0.1603305785123967	0.8727	3146	CSF_ptau
rs9610500	22	22221167	A	G	0.377721	-0.004989	0.006644	-0.7509030704394943	0.4528	3146	CSF_ptau
rs3788337	22	23412017	G	A	0.35369	0.002589	0.005576	0.46431133428981347	0.6424	3146	CSF_ptau
rs9611007	22	39077058	C	T	0.146163	0.006901999999999999	0.008325	0.8290690690690689	0.4071	3146	CSF_ptau
rs2272848	22	50646318	G	A	0.601296	-2.313e-4	0.005445	-0.0424793	0.9661	3146	CSF_ptau
