$`Main MR results`
       Exposure       MR Analysis Causal Estimate         Sd    T-stat
1 beta.exposure               Raw     -0.06700726 0.02446831 -2.738532
2 beta.exposure Outlier-corrected              NA         NA        NA
      P-value
1 0.007550711
2          NA

$`MR-PRESSO results`
$`MR-PRESSO results`$`Global Test`
$`MR-PRESSO results`$`Global Test`$RSSobs
[1] 110.4116

$`MR-PRESSO results`$`Global Test`$Pvalue
[1] 0.0338


$`MR-PRESSO results`$`Outlier Test`
         RSSobs Pvalue
1  6.216733e-06      1
2  1.171290e-05      1
3  5.432692e-05      1
4  1.525285e-06      1
5  2.246684e-04      1
6  1.794794e-06      1
7  1.162435e-05      1
8  1.119874e-03      1
9  9.291869e-05      1
10 8.771390e-07      1
11 2.581047e-03      1
12 7.514031e-05      1
13 1.191782e-04      1
14 1.102378e-04      1
15 1.338512e-04      1
16 1.417313e-06      1
17 1.802273e-04      1
18 2.280798e-07      1
19 3.355856e-04      1
20 7.948425e-05      1
21 1.044475e-04      1
22 3.276430e-05      1
23 2.411135e-04      1
24 5.827849e-06      1
25 1.931769e-04      1
26 5.352342e-05      1
27 4.368000e-04      1
28 4.249758e-05      1
29 3.152119e-05      1
30 3.942540e-06      1
31 8.305312e-06      1
32 2.745297e-06      1
33 1.622035e-04      1
34 1.447281e-04      1
35 7.470303e-05      1
36 1.224953e-03 0.2772
37 1.447297e-05      1
38 1.794953e-03      1
39 2.758591e-04      1
40 3.165657e-05      1
41 6.223898e-05      1
42 1.617533e-05      1
43 1.933942e-04      1
44 3.268477e-04      1
45 5.105511e-05      1
46 9.215816e-04      1
47 7.230146e-05      1
48 6.185659e-04 0.3696
49 6.154726e-05      1
50 4.987431e-06      1
51 8.330827e-05      1
52 1.458126e-08      1
53 3.125310e-04      1
54 2.391740e-04      1
55 8.656176e-04 0.5964
56 4.745920e-05      1
57 3.353142e-04      1
58 1.768253e-05      1
59 2.919841e-04      1
60 1.022606e-04      1
61 3.221541e-05      1
62 1.114442e-04      1
63 6.205598e-05      1
64 7.089761e-06      1
65 1.134696e-04      1
66 5.719084e-07      1
67 4.094778e-06      1
68 8.141427e-06      1
69 5.407322e-04      1
70 7.329701e-06      1
71 2.751725e-05      1
72 7.446478e-05      1
73 2.638018e-04      1
74 6.154530e-05      1
75 9.177807e-04      1
76 1.762496e-04      1
77 4.998713e-04      1
78 7.348797e-05      1
79 8.526929e-06      1
80 8.958626e-04      1
81 7.714092e-06      1
82 3.367391e-04      1
83 1.817611e-05      1
84 4.092372e-04      1

$`MR-PRESSO results`$`Distortion Test`
$`MR-PRESSO results`$`Distortion Test`$`Outliers Indices`
[1] "No significant outliers"

$`MR-PRESSO results`$`Distortion Test`$`Distortion Coefficient`
[1] NA

$`MR-PRESSO results`$`Distortion Test`$Pvalue
[1] NA



