$`Main MR results`
       Exposure       MR Analysis Causal Estimate          Sd    T-stat
1 beta.exposure               Raw    -0.002058615 0.001273062 -1.617059
2 beta.exposure Outlier-corrected              NA          NA        NA
    P-value
1 0.1085819
2        NA

$`MR-PRESSO results`
$`MR-PRESSO results`$`Global Test`
$`MR-PRESSO results`$`Global Test`$RSSobs
[1] 156.3159

$`MR-PRESSO results`$`Global Test`$Pvalue
[1] 0.0121


$`MR-PRESSO results`$`Outlier Test`
          RSSobs Pvalue
1   4.873792e-06      1
2   4.124683e-08      1
3   3.274039e-06      1
4   3.816538e-07      1
5   1.031827e-06      1
6   9.149067e-08      1
7   4.771338e-07      1
8   1.272758e-07      1
9   1.982289e-06      1
10  1.902306e-07      1
11  3.590910e-08      1
12  1.133387e-06      1
13  4.756772e-10      1
14  9.768377e-08      1
15  4.042095e-06      1
16  3.872595e-06      1
17  5.075846e-07      1
18  1.269420e-07      1
19  3.720226e-07      1
20  1.215472e-08      1
21  4.426605e-06 0.9945
22  1.662261e-06      1
23  9.310851e-08      1
24  9.284552e-07      1
25  5.850640e-06 0.3159
26  1.604649e-07      1
27  2.018884e-06      1
28  1.245011e-08      1
29  6.310831e-07      1
30  8.705307e-08      1
31  6.307064e-08      1
32  2.195860e-06      1
33  1.878460e-06      1
34  1.701008e-06      1
35  4.215205e-07      1
36  6.391616e-07      1
37  1.346945e-06      1
38  1.511993e-06      1
39  2.038203e-06      1
40  1.951378e-06      1
41  1.975176e-06      1
42  1.973423e-06      1
43  1.700037e-07      1
44  4.730751e-08      1
45  8.875121e-07      1
46  1.190426e-09      1
47  2.546201e-07      1
48  7.394644e-06 0.1287
49  8.265897e-07      1
50  7.389210e-08      1
51  2.942078e-06      1
52  3.915802e-06      1
53  8.164944e-08      1
54  2.762101e-10      1
55  4.259924e-07      1
56  2.209564e-08      1
57  1.726816e-06      1
58  2.767299e-07      1
59  3.464053e-07      1
60  6.310831e-07      1
61  3.648102e-08      1
62  3.184514e-06      1
63  1.616687e-07      1
64  3.580209e-07      1
65  1.166609e-06      1
66  3.846964e-06      1
67  4.814395e-07      1
68  3.046279e-07      1
69  2.272498e-06      1
70  4.419975e-08      1
71  8.836491e-07      1
72  3.196799e-07      1
73  1.831768e-08      1
74  9.570611e-08      1
75  7.676882e-13      1
76  2.466823e-08      1
77  1.615779e-07      1
78  4.885056e-07      1
79  7.780063e-07      1
80  1.749685e-06      1
81  1.029218e-06      1
82  3.451236e-07      1
83  4.392835e-08      1
84  4.945556e-07      1
85  2.186434e-06      1
86  3.544076e-07      1
87  2.246043e-06      1
88  1.375074e-06      1
89  7.237296e-07      1
90  7.641470e-11      1
91  3.412127e-07      1
92  5.275106e-07      1
93  4.499197e-07      1
94  1.462360e-06      1
95  8.760060e-08      1
96  4.192588e-07      1
97  6.728709e-06      1
98  1.146453e-09      1
99  6.459176e-08      1
100 1.106920e-06      1
101 3.467815e-07      1
102 1.894280e-06      1
103 1.254773e-06      1
104 1.861023e-07      1
105 1.456777e-07      1
106 2.187948e-06      1
107 6.261627e-11      1
108 3.606327e-07      1
109 1.160230e-08      1
110 9.636199e-07      1
111 9.865839e-07      1
112 6.434151e-07      1
113 3.764283e-08      1
114 1.696511e-06      1
115 1.040337e-07      1
116 3.864991e-08      1
117 3.794701e-10      1

$`MR-PRESSO results`$`Distortion Test`
$`MR-PRESSO results`$`Distortion Test`$`Outliers Indices`
[1] "No significant outliers"

$`MR-PRESSO results`$`Distortion Test`$`Distortion Coefficient`
[1] NA

$`MR-PRESSO results`$`Distortion Test`$Pvalue
[1] NA



