$`Main MR results`
       Exposure       MR Analysis Causal Estimate           Sd      T-stat
1 beta.exposure               Raw    4.736692e-05 0.0001659791  0.28537886
2 beta.exposure Outlier-corrected   -1.369336e-05 0.0001631911 -0.08390997
    P-value
1 0.7754904
2 0.9331669

$`MR-PRESSO results`
$`MR-PRESSO results`$`Global Test`
$`MR-PRESSO results`$`Global Test`$RSSobs
[1] 603.5852

$`MR-PRESSO results`$`Global Test`$Pvalue
[1] "<4e-05"


$`MR-PRESSO results`$`Outlier Test`
          RSSobs   Pvalue
1   7.816539e-07        1
2   8.475064e-08        1
3   6.230203e-07        1
4   3.502475e-07        1
5   1.776598e-08        1
6   7.308318e-09        1
7   4.049992e-06        1
8   3.373085e-08        1
9   1.532814e-07        1
10  3.614742e-08        1
11  7.832940e-07        1
12  1.248735e-06        1
13  1.584287e-05        1
14  1.232706e-10        1
15  1.382710e-10        1
16  1.031384e-10        1
17  8.283046e-07        1
18  7.206551e-06        1
19  4.760819e-07        1
20  1.190185e-06        1
21  3.633916e-08        1
22  1.013056e-05        1
23  7.170898e-11        1
24  1.664393e-06        1
25  1.468080e-06        1
26  1.239369e-08        1
27  5.080833e-07        1
28  8.356523e-07        1
29  4.066471e-07        1
30  6.363689e-06        1
31  1.535875e-07        1
32  1.025595e-10        1
33  1.679908e-07        1
34  6.922597e-09        1
35  2.157342e-06        1
36  4.787718e-06        1
37  2.226939e-06        1
38  4.712549e-07        1
39  9.648671e-11        1
40  7.236522e-06        1
41  1.767886e-07        1
42  2.363937e-07        1
43  6.109637e-07        1
44  2.215707e-06        1
45  2.053364e-06        1
46  8.453673e-08        1
47  3.795450e-07        1
48  1.729684e-06        1
49  2.854872e-06        1
50  1.530805e-07        1
51  2.301059e-06        1
52  1.021422e-06        1
53  4.376600e-06        1
54  1.679608e-07        1
55  2.947907e-06        1
56  4.627625e-07        1
57  8.387096e-08        1
58  3.783297e-07        1
59  3.786536e-07        1
60  4.655900e-07        1
61  3.809315e-07        1
62  1.413254e-06        1
63  1.422413e-06        1
64  2.601485e-07        1
65  7.915489e-07        1
66  1.682019e-07        1
67  2.353072e-07        1
68  1.189655e-06        1
69  1.722854e-08        1
70  3.966831e-06        1
71  5.199422e-07        1
72  2.955083e-06        1
73  4.807047e-06        1
74  6.204835e-07        1
75  2.214576e-07        1
76  4.373207e-06        1
77  1.772784e-07        1
78  8.465158e-07        1
79  6.544025e-07        1
80  6.680386e-07        1
81  7.465148e-08        1
82  1.022250e-06        1
83  8.084418e-09        1
84  1.706078e-07        1
85  8.456982e-08        1
86  8.308086e-09        1
87  3.986161e-07        1
88  9.567449e-06  0.22568
89  1.272675e-08        1
90  1.657040e-06        1
91  4.736825e-07        1
92  4.515509e-08        1
93  9.592444e-08        1
94  2.032330e-06        1
95  6.209769e-06        1
96  3.599067e-08        1
97  3.506525e-07        1
98  5.794927e-05 <0.01736
99  9.854448e-08        1
100 4.773361e-07        1
101 8.338805e-08        1
102 8.046122e-09        1
103 1.042239e-06        1
104 2.303157e-06        1
105 9.963623e-08        1
106 2.860412e-06        1
107 6.561066e-07        1
108 1.501549e-05        1
109 4.720233e-07        1
110 1.418772e-06        1
111 2.528186e-06        1
112 8.408382e-08        1
113 4.750957e-06        1
114 9.969308e-08        1
115 2.320241e-06        1
116 8.267266e-07        1
117 6.116359e-06        1
118 7.912822e-06  0.76384
119 2.279190e-06        1
120 5.043890e-07        1
121 6.754590e-07        1
122 8.449457e-07        1
123 9.508548e-08        1
124 2.638989e-07        1
125 2.785353e-07        1
126 9.932086e-08        1
127 2.156521e-07        1
128 2.596568e-07        1
129 2.193297e-06        1
130 1.721656e-06        1
131 4.585888e-08        1
132 2.536360e-06        1
133 1.292710e-05    0.434
134 4.446811e-08        1
135 9.792926e-07        1
136 1.024325e-07        1
137 4.495955e-06        1
138 1.501975e-08        1
139 1.334076e-08        1
140 2.216167e-06        1
141 4.389182e-08        1
142 3.754094e-07        1
143 3.506331e-07        1
144 1.557193e-05        1
145 4.734424e-07        1
146 3.203427e-06        1
147 2.559242e-05        1
148 4.692563e-07        1
149 5.079332e-07        1
150 1.825712e-07        1
151 1.027480e-06        1
152 1.411663e-06        1
153 4.792974e-07        1
154 2.607427e-07        1
155 3.765154e-07        1
156 1.707565e-07        1
157 1.293158e-08        1
158 2.733387e-07        1
159 2.287644e-06        1
160 4.620539e-08        1
161 4.516373e-08        1
162 1.247318e-06        1
163 2.365143e-07        1
164 2.003470e-06        1
165 1.037760e-07        1
166 3.723818e-07        1
167 8.511788e-08        1
168 2.604750e-07        1
169 2.630411e-07        1
170 1.326779e-08        1
171 1.182383e-06        1
172 1.889469e-08        1
173 4.616773e-08        1
174 7.920202e-07        1
175 1.480442e-07        1
176 3.948431e-10        1
177 6.176526e-07        1
178 4.792698e-07        1
179 3.738833e-07        1
180 9.858745e-07        1
181 6.207511e-07        1
182 9.812632e-08        1
183 4.660627e-08        1
184 3.575852e-08        1
185 2.420414e-07        1
186 7.819934e-07        1
187 4.373657e-06        1
188 4.402604e-08        1
189 6.636455e-07        1
190 2.595507e-06        1
191 4.466128e-06        1
192 5.265620e-07        1
193 7.703486e-11        1
194 8.354079e-07        1
195 6.250595e-07        1
196 8.476885e-08        1
197 3.733950e-07        1
198 8.278372e-08        1
199 5.048525e-07        1
200 1.733236e-07        1
201 1.284848e-08        1
202 3.658200e-08        1
203 2.606544e-07        1
204 1.238878e-06        1
205 7.923640e-07        1
206 1.670853e-07        1
207 1.690834e-07        1
208 4.758013e-07        1
209 1.465585e-06        1
210 7.859379e-07        1
211 6.703563e-07        1
212 3.040274e-06        1
213 1.783359e-07        1
214 3.330390e-06        1
215 8.140384e-08        1
216 9.928856e-08        1
217 3.396103e-07        1
218 8.287939e-08        1
219 3.359067e-07        1
220 6.713112e-07        1
221 3.484185e-07        1
222 6.070213e-06        1
223 1.463006e-06        1
224 2.515091e-06        1
225 3.515222e-08        1
226 1.019875e-06        1
227 2.595262e-07        1
228 8.295558e-08        1
229 2.846524e-07        1
230 4.456373e-06        1
231 3.348926e-07        1
232 1.678062e-07        1
233 1.023224e-06        1
234 1.036479e-06        1
235 4.791322e-07        1
236 5.255595e-06        1
237 9.808659e-07        1
238 1.208067e-08        1
239 2.288261e-06        1
240 4.440808e-08        1
241 4.735177e-07        1
242 9.833407e-07        1
243 5.027616e-07        1
244 3.623289e-08        1
245 8.212147e-11        1
246 1.479228e-06        1
247 8.227209e-09        1
248 9.806998e-08        1
249 6.746756e-07        1
250 8.284257e-08        1
251 1.037614e-06        1
252 9.698872e-07        1
253 8.058362e-08        1
254 3.474162e-07        1
255 7.911662e-09        1
256 4.770880e-07        1
257 6.642782e-07        1
258 2.527520e-06        1
259 1.146793e-10        1
260 1.234966e-06        1
261 5.055690e-07        1
262 8.835218e-11        1
263 1.520061e-07        1
264 4.466610e-06        1
265 2.305179e-06        1
266 8.364049e-07        1
267 3.532058e-08        1
268 9.823638e-07        1
269 7.845591e-07        1
270 4.619976e-07        1
271 2.621771e-07        1
272 1.170099e-10        1
273 9.599295e-08        1
274 1.520218e-07        1
275 5.564879e-08        1
276 7.880904e-05  0.98952
277 1.933913e-06        1
278 2.809710e-08        1
279 8.283521e-08        1
280 1.242702e-06        1
281 5.458224e-07        1
282 4.775111e-07        1
283 9.854225e-08        1
284 2.447438e-10        1
285 4.367259e-08        1
286 2.206314e-06        1
287 3.316114e-06        1
288 1.052803e-06        1
289 5.130243e-07        1
290 2.619434e-06        1
291 5.414791e-06        1
292 6.598395e-07        1
293 2.415761e-07        1
294 4.475376e-08        1
295 9.592311e-08        1
296 2.664830e-07        1
297 2.402341e-07        1
298 3.908817e-06        1
299 1.464484e-06        1
300 9.840039e-08        1
301 1.284901e-08        1
302 2.227131e-10        1
303 2.652907e-07        1
304 1.736496e-06        1
305 3.203901e-06        1
306 1.203135e-08        1
307 8.517974e-08        1
308 9.246187e-11        1
309 4.379772e-08        1
310 6.113521e-08        1
311 1.677119e-07        1
312 3.289049e-06        1
313 3.567176e-06        1
314 8.197121e-08        1
315 1.414222e-06        1
316 1.211241e-08        1
317 1.500438e-05        1
318 7.939513e-07        1
319 2.405227e-07        1
320 1.660139e-06        1
321 3.564011e-06        1
322 2.937884e-06        1
323 4.133140e-06        1
324 9.555995e-08        1
325 2.704211e-07        1
326 1.216899e-10        1
327 6.246347e-07        1
328 1.421969e-06        1
329 1.515171e-07        1
330 4.806249e-10        1
331 7.769220e-07        1
332 6.006370e-09        1
333 1.262054e-06        1
334 2.622881e-07        1
335 9.669940e-08        1
336 8.328388e-08        1
337 4.763519e-07        1
338 1.027449e-07        1
339 2.592168e-06        1
340 1.250968e-06        1
341 1.470166e-06        1
342 1.198617e-05        1
343 2.862923e-06        1
344 2.390676e-07        1
345 1.188211e-08        1
346 9.264470e-11        1
347 2.292698e-06        1
348 2.959781e-06        1
349 4.474121e-08        1
350 7.923216e-07        1
351 6.163159e-07        1
352 2.206821e-06        1
353 2.306354e-06        1
354 1.678714e-10        1
355 1.994562e-06        1
356 6.882159e-06        1
357 1.509416e-07        1
358 5.089997e-07        1
359 3.657425e-06        1
360 8.308086e-09        1
361 4.797709e-06        1
362 3.482223e-07        1
363 6.201101e-07        1
364 1.469988e-06        1
365 1.059281e-06        1
366 8.297043e-07        1
367 8.360575e-06        1
368 3.652219e-06        1
369 8.040775e-11        1
370 8.001168e-06        1
371 7.402537e-09        1
372 3.765093e-07        1
373 1.015239e-07        1
374 6.200712e-06        1
375 3.597028e-08        1
376 2.599929e-07        1
377 2.307180e-06        1
378 2.964953e-06        1
379 5.877907e-06  0.93744
380 4.400924e-08        1
381 1.033920e-06        1
382 2.714974e-07        1
383 1.652822e-06        1
384 8.446299e-08        1
385 7.189756e-06        1
386 6.189453e-07        1
387 7.767519e-07        1
388 3.965163e-06        1
389 4.490662e-08        1
390 7.749358e-06        1
391 2.287091e-06        1
392 9.796085e-07        1
393 6.671919e-07        1
394 1.160850e-10        1
395 3.682215e-06        1
396 3.657595e-06        1
397 7.791618e-07        1
398 1.239026e-06        1
399 7.609897e-08        1
400 2.609695e-07        1
401 3.216229e-06        1
402 2.922147e-06        1
403 1.468510e-06        1
404 3.727430e-07        1
405 2.284679e-06        1
406 8.119270e-09        1
407 4.469968e-08        1
408 9.768855e-07        1
409 2.401665e-07        1
410 5.021532e-07        1
411 4.055234e-06        1
412 2.410204e-07        1
413 3.775497e-07        1
414 1.730583e-06        1
415 2.863307e-06        1
416 9.684634e-08        1
417 2.684356e-06        1
418 2.220082e-06        1
419 3.192183e-06        1
420 1.748459e-07        1
421 4.778042e-07        1
422 7.497906e-09        1
423 4.047055e-06        1
424 3.713145e-07        1
425 1.338164e-08        1
426 2.587259e-07        1
427 2.536059e-06        1
428 6.900348e-06        1
429 3.799610e-07        1
430 2.283892e-06        1
431 3.526645e-08        1
432 8.206224e-09        1
433 1.244350e-06        1
434 1.179611e-10        1

$`MR-PRESSO results`$`Distortion Test`
$`MR-PRESSO results`$`Distortion Test`$`Outliers Indices`
[1] 98

$`MR-PRESSO results`$`Distortion Test`$`Distortion Coefficient`
beta.exposure 
     445.9116 

$`MR-PRESSO results`$`Distortion Test`$Pvalue
[1] 0.05432



