$`Main MR results`
       Exposure       MR Analysis Causal Estimate         Sd    T-stat
1 beta.exposure               Raw     -0.05519043 0.05248293 -1.051588
2 beta.exposure Outlier-corrected     -0.06615587 0.04623021 -1.431010
    P-value
1 0.2961157
2 0.1564218

$`MR-PRESSO results`
$`MR-PRESSO results`$`Global Test`
$`MR-PRESSO results`$`Global Test`$RSSobs
[1] 148.6691

$`MR-PRESSO results`$`Global Test`$Pvalue
[1] "<1e-04"


$`MR-PRESSO results`$`Outlier Test`
         RSSobs  Pvalue
1  8.554521e-04       1
2  1.085980e-03       1
3  7.875043e-04       1
4  4.457156e-05       1
5  9.886853e-05       1
6  4.191397e-04       1
7  4.049216e-04       1
8  2.965616e-03       1
9  3.909189e-04       1
10 3.882855e-04       1
11 1.515616e-04       1
12 6.370056e-04       1
13 4.575048e-05       1
14 4.699663e-06       1
15 1.026559e-05       1
16 3.084053e-09       1
17 1.247170e-06       1
18 1.406981e-05       1
19 7.118090e-06       1
20 1.108330e-05       1
21 2.864066e-04       1
22 3.415348e-03       1
23 8.776774e-05       1
24 2.565055e-03       1
25 1.798630e-03  0.5822
26 1.035810e-04       1
27 4.484033e-04       1
28 9.662219e-05       1
29 1.260673e-03       1
30 8.317601e-04       1
31 2.145112e-06       1
32 1.896994e-04       1
33 1.372456e-05       1
34 5.209351e-05       1
35 1.232702e-04       1
36 7.729586e-04       1
37 3.027983e-04       1
38 7.076040e-04       1
39 2.447736e-08       1
40 3.089621e-04       1
41 6.218305e-04       1
42 1.606759e-05       1
43 5.167084e-04       1
44 4.262625e-04       1
45 1.272295e-06       1
46 1.036393e-03       1
47 2.952977e-05       1
48 7.542111e-04       1
49 2.883536e-04       1
50 1.403419e-03       1
51 5.038071e-04       1
52 6.480785e-04       1
53 1.087638e-05       1
54 2.870283e-03  0.0656
55 3.910793e-03  0.0164
56 8.981909e-04       1
57 1.313662e-04       1
58 1.977109e-04       1
59 1.276972e-04       1
60 2.281042e-04       1
61 2.518704e-04       1
62 2.865312e-05       1
63 3.025215e-04       1
64 3.066466e-03 <0.0082
65 4.995940e-04       1
66 5.016446e-04       1
67 1.654987e-05       1
68 5.290574e-04       1
69 9.794740e-04       1
70 1.976798e-04       1
71 1.277982e-04       1
72 4.146181e-04       1
73 8.344235e-04       1
74 2.704123e-05       1
75 6.849473e-07       1
76 4.345032e-04       1
77 3.240536e-04       1
78 1.854744e-03       1
79 3.697326e-06       1
80 4.867161e-06       1
81 5.500085e-03   0.041
82 5.166201e-04       1

$`MR-PRESSO results`$`Distortion Test`
$`MR-PRESSO results`$`Distortion Test`$`Outliers Indices`
[1] 55 64 81

$`MR-PRESSO results`$`Distortion Test`$`Distortion Coefficient`
beta.exposure 
     16.57516 

$`MR-PRESSO results`$`Distortion Test`$Pvalue
[1] 0.8292



