$`Main MR results`
       Exposure       MR Analysis Causal Estimate         Sd   T-stat   P-value
1 beta.exposure               Raw      0.04127463 0.03995769 1.032958 0.3039309
2 beta.exposure Outlier-corrected              NA         NA       NA        NA

$`MR-PRESSO results`
$`MR-PRESSO results`$`Global Test`
$`MR-PRESSO results`$`Global Test`$RSSobs
[1] 137.4566

$`MR-PRESSO results`$`Global Test`$Pvalue
[1] 0.0404


$`MR-PRESSO results`$`Outlier Test`
          RSSobs Pvalue
1   4.006641e-04      1
2   1.831496e-04      1
3   4.805700e-04      1
4   5.447838e-04      1
5   2.224537e-04      1
6   1.558164e-05      1
7   7.143111e-07      1
8   1.074049e-04      1
9   1.281757e-05      1
10  1.502483e-04      1
11  5.165391e-03      1
12  1.456911e-03      1
13  6.675362e-06      1
14  1.109179e-02      1
15  6.037600e-04      1
16  1.516002e-03      1
17  1.033424e-05      1
18  4.754343e-04      1
19  1.103971e-03      1
20  1.732158e-03      1
21  1.125476e-03      1
22  2.386807e-04      1
23  4.418838e-04      1
24  1.039474e-05      1
25  6.283662e-04      1
26  6.370621e-05      1
27  4.594403e-07      1
28  1.564329e-03      1
29  2.587252e-04      1
30  3.448724e-04      1
31  1.958463e-04      1
32  5.052769e-04      1
33  2.147098e-05      1
34  1.226734e-04      1
35  5.952698e-05      1
36  2.333995e-03      1
37  2.923513e-03      1
38  1.288261e-03      1
39  4.061304e-04      1
40  1.777665e-04      1
41  7.349162e-06      1
42  3.042004e-04      1
43  1.394713e-04      1
44  5.756989e-05      1
45  4.803766e-05      1
46  1.978407e-04      1
47  1.697959e-05      1
48  1.539009e-03      1
49  2.621931e-03 0.1199
50  6.779587e-05      1
51  4.076275e-04      1
52  1.129307e-03      1
53  3.994896e-05      1
54  2.910940e-03      1
55  4.524052e-04      1
56  6.450170e-04      1
57  2.593730e-04      1
58  7.390475e-05      1
59  2.554262e-04      1
60  5.519876e-04      1
61  2.499760e-04      1
62  5.396588e-06      1
63  8.196091e-04      1
64  5.540422e-04      1
65  1.980398e-05      1
66  2.808821e-04      1
67  2.915007e-04      1
68  3.014562e-03      1
69  2.859033e-04      1
70  5.026896e-04      1
71  3.147279e-04      1
72  2.649281e-07      1
73  1.244423e-09      1
74  3.878194e-05      1
75  1.639241e-03      1
76  6.651359e-05      1
77  4.416231e-06      1
78  7.305958e-05      1
79  4.552944e-04      1
80  5.200846e-04      1
81  2.356299e-03      1
82  6.482200e-05      1
83  3.325962e-04      1
84  7.840609e-05      1
85  1.103958e-06      1
86  7.221921e-04      1
87  1.281610e-04      1
88  2.830262e-04      1
89  3.491157e-02      1
90  6.249385e-04      1
91  5.741705e-04      1
92  6.989281e-05      1
93  6.132845e-05      1
94  5.153593e-05      1
95  5.821426e-05      1
96  2.566896e-03      1
97  8.664012e-04      1
98  5.483403e-05      1
99  1.044586e-06      1
100 7.266930e-04      1
101 5.927920e-06      1
102 1.820813e-04      1
103 7.412899e-04      1
104 2.301176e-04      1
105 2.174144e-04      1
106 3.842843e-04      1
107 2.010995e-03      1
108 9.638447e-06      1
109 3.308890e-04      1

$`MR-PRESSO results`$`Distortion Test`
$`MR-PRESSO results`$`Distortion Test`$`Outliers Indices`
[1] "No significant outliers"

$`MR-PRESSO results`$`Distortion Test`$`Distortion Coefficient`
[1] NA

$`MR-PRESSO results`$`Distortion Test`$Pvalue
[1] NA



