$`Main MR results`
       Exposure       MR Analysis Causal Estimate         Sd    T-stat
1 beta.exposure               Raw      0.01999431 0.04379357 0.4565582
2 beta.exposure Outlier-corrected              NA         NA        NA
    P-value
1 0.6493442
2        NA

$`MR-PRESSO results`
$`MR-PRESSO results`$`Global Test`
$`MR-PRESSO results`$`Global Test`$RSSobs
[1] 101.719

$`MR-PRESSO results`$`Global Test`$Pvalue
[1] 0.0217


$`MR-PRESSO results`$`Outlier Test`
         RSSobs Pvalue
1  5.036282e-04      1
2  5.974457e-04      1
3  1.065379e-05      1
4  1.321957e-04      1
5  1.839559e-05      1
6  5.325036e-03      1
7  1.351026e-03      1
8  1.102918e-05      1
9  8.973400e-03      1
10 1.455026e-03      1
11 1.138833e-03      1
12 1.199825e-03      1
13 2.944578e-04      1
14 4.091006e-04      1
15 6.252913e-06      1
16 1.120830e-04      1
17 1.655226e-03      1
18 3.849383e-04      1
19 1.740136e-04      1
20 4.171758e-04      1
21 2.866839e-05      1
22 1.497333e-04      1
23 2.195811e-03      1
24 3.166717e-03      1
25 1.244433e-03      1
26 3.526571e-04      1
27 1.659120e-04      1
28 1.406028e-05      1
29 9.185667e-05      1
30 1.360990e-03      1
31 2.690362e-03 0.0592
32 6.021421e-05      1
33 4.347715e-04      1
34 1.210486e-03      1
35 5.128124e-05      1
36 2.831592e-03      1
37 4.232152e-04      1
38 6.198807e-04      1
39 2.384853e-04      1
40 5.558681e-05      1
41 2.256917e-04      1
42 3.044197e-04      1
43 7.909863e-04      1
44 5.821124e-04      1
45 1.536337e-05      1
46 3.095388e-04      1
47 3.122712e-03      1
48 3.387751e-04      1
49 3.069494e-07      1
50 4.998385e-05      1
51 6.451192e-05      1
52 4.253972e-04      1
53 2.201569e-03      1
54 4.377767e-05      1
55 3.612341e-04      1
56 6.345878e-05      1
57 2.684909e-05      1
58 6.917776e-04      1
59 3.350675e-05      1
60 2.279789e-04      1
61 6.870053e-04      1
62 6.018622e-04      1
63 5.409306e-05      1
64 3.848715e-05      1
65 5.000003e-05      1
66 2.372018e-03      1
67 8.167773e-04      1
68 4.093202e-05      1
69 3.407323e-08      1
70 7.665172e-04      1
71 1.651499e-04      1
72 4.609830e-04      1
73 1.357915e-05      1
74 2.779970e-04      1

$`MR-PRESSO results`$`Distortion Test`
$`MR-PRESSO results`$`Distortion Test`$`Outliers Indices`
[1] "No significant outliers"

$`MR-PRESSO results`$`Distortion Test`$`Distortion Coefficient`
[1] NA

$`MR-PRESSO results`$`Distortion Test`$Pvalue
[1] NA



