$`Main MR results`
       Exposure       MR Analysis Causal Estimate        Sd    T-stat   P-value
1 beta.exposure               Raw       0.2768905 0.2921838 0.9476585 0.3459586
2 beta.exposure Outlier-corrected       0.1532055 0.2826117 0.5421060 0.5891639

$`MR-PRESSO results`
$`MR-PRESSO results`$`Global Test`
$`MR-PRESSO results`$`Global Test`$RSSobs
[1] 124.6144

$`MR-PRESSO results`$`Global Test`$Pvalue
[1] 0.0085


$`MR-PRESSO results`$`Outlier Test`
         RSSobs Pvalue
1  2.892399e-03      1
2  6.677447e-06      1
3  1.111691e-05      1
4  4.217935e-05      1
5  5.245052e-04      1
6  1.712508e-04      1
7  7.769951e-07      1
8  2.430673e-04      1
9  2.196393e-04      1
10 4.068717e-04      1
11 1.801528e-03      1
12 1.122735e-05      1
13 1.199876e-04      1
14 7.311165e-04      1
15 7.681300e-05      1
16 1.545043e-02      1
17 1.405851e-05      1
18 4.009132e-04      1
19 4.666077e-04      1
20 1.820531e-03      1
21 3.247731e-05      1
22 2.273447e-04      1
23 9.918069e-04      1
24 1.946122e-05      1
25 3.209018e-05      1
26 1.152239e-04      1
27 2.188456e-04      1
28 2.354677e-05      1
29 9.722259e-05      1
30 5.911763e-03      1
31 1.094624e-03      1
32 5.740718e-04      1
33 1.482220e-03      1
34 1.842840e-03      1
35 1.242710e-03      1
36 1.293772e-04      1
37 1.118150e-03      1
38 3.355847e-03      1
39 1.149592e-04      1
40 1.373527e-04      1
41 1.403994e-03      1
42 8.654935e-05      1
43 3.919423e-07      1
44 6.219125e-05      1
45 9.280650e-04      1
46 4.062542e-04      1
47 5.089557e-04      1
48 1.026373e-05      1
49 9.787681e-06      1
50 1.990890e-04      1
51 2.131477e-03      1
52 3.151313e-04      1
53 3.305528e-04      1
54 5.263058e-06      1
55 1.835041e-04      1
56 2.020739e-06      1
57 3.249228e-05      1
58 1.877150e-07      1
59 3.261884e-04      1
60 5.306874e-05      1
61 1.250924e-03      1
62 2.060702e-03 0.0435
63 9.373240e-04      1
64 1.066271e-03      1
65 3.149635e-04      1
66 6.511643e-04      1
67 7.881602e-05      1
68 1.378085e-04      1
69 3.874196e-03      1
70 1.631059e-04      1
71 1.645853e-06      1
72 8.590624e-05      1
73 4.009611e-04      1
74 1.359501e-06      1
75 5.747944e-04      1
76 1.947775e-03      1
77 1.075713e-03      1
78 2.177318e-02      1
79 3.034776e-08      1
80 6.174361e-04      1
81 9.184620e-08      1
82 1.436107e-04      1
83 1.114594e-07      1
84 4.772831e-04      1
85 1.247990e-03      1
86 4.721746e-06      1
87 6.528563e-04      1

$`MR-PRESSO results`$`Distortion Test`
$`MR-PRESSO results`$`Distortion Test`$`Outliers Indices`
[1] 62

$`MR-PRESSO results`$`Distortion Test`$`Distortion Coefficient`
beta.exposure 
     80.73139 

$`MR-PRESSO results`$`Distortion Test`$Pvalue
[1] 0.3204



