SNP	CHR	POS	Effect_allele	Non_Effect_allele	EAF	Beta	SE	P	r2	N	P_GC_MA_adj
rs10762430	10	72974928	T	G	0.575608	-0.0024	0.0023	0.2609	2.8141451174707195e-6	57259.51	0.274514241087321
rs116873719	NA	NA	NA	NA	NA	NA	NA	NA	NA	NA	NA
rs11733695	NA	NA	NA	NA	NA	NA	NA	NA	NA	NA	NA
rs11929329	3	64677505	T	C	0.0413459	-0.0139	0.0089	0.161	1.5316304084483675e-5	43469.88	0.173074276335264
rs11940694	4	39414993	A	G	0.40515900000000005	-0.0039	0.0023	0.07313	7.33137771915198e-6	57484	0.0815531931779326
rs1260326	2	27730940	T	C	0.40481999999999996	0.0138	0.0023	8.02e-14	9.1769519563488e-5	57622.93	3.85877323380713e-13
rs13135092	NA	NA	NA	NA	NA	NA	NA	NA	NA	NA	NA
rs13383034	NA	NA	NA	NA	NA	NA	NA	NA	NA	NA	NA
rs139457220	NA	NA	NA	NA	NA	NA	NA	NA	NA	NA	NA
rs141398595	NA	NA	NA	NA	NA	NA	NA	NA	NA	NA	NA
rs143459567	NA	NA	NA	NA	NA	NA	NA	NA	NA	NA	NA
rs144198753	NA	NA	NA	NA	NA	NA	NA	NA	NA	NA	NA
rs148382129	NA	NA	NA	NA	NA	NA	NA	NA	NA	NA	NA
rs1602272	NA	NA	NA	NA	NA	NA	NA	NA	NA	NA	NA
rs17269307	2	108673607	C	G	0.9658762	-0.001	0.0087	0.6241	6.591873254712006e-8	44428.77	0.633860769557442
rs17301498	1	60877286	C	G	0.0646289	-0.0021	0.0059	0.8189	5.331866866118477e-7	48507	0.82389614787664
rs17556217	7	52710331	T	C	0.139637	-7e-4	0.0036	0.6702	1.1773573806637999e-7	52633	0.678928401833051
rs183829622	NA	NA	NA	NA	NA	NA	NA	NA	NA	NA	NA
rs185734688	NA	NA	NA	NA	NA	NA	NA	NA	NA	NA	NA
rs2163971	NA	NA	NA	NA	NA	NA	NA	NA	NA	NA	NA
rs2244956	10	57414479	C	G	0.360656	0.0046	0.0023	0.1813	9.758283125780479e-6	57671.32	0.193854440589199
rs2639653	NA	NA	NA	NA	NA	NA	NA	NA	NA	NA	NA
rs2678872	NA	NA	NA	NA	NA	NA	NA	NA	NA	NA	NA
rs28415678	NA	NA	NA	NA	NA	NA	NA	NA	NA	NA	NA
rs28860292	NA	NA	NA	NA	NA	NA	NA	NA	NA	NA	NA
rs3016206	NA	NA	NA	NA	NA	NA	NA	NA	NA	NA	NA
rs537715653	NA	NA	NA	NA	NA	NA	NA	NA	NA	NA	NA
rs60189278	NA	NA	NA	NA	NA	NA	NA	NA	NA	NA	NA
rs62446922	NA	NA	NA	NA	NA	NA	NA	NA	NA	NA	NA
rs62581324	NA	NA	NA	NA	NA	NA	NA	NA	NA	NA	NA
rs667239	17	37442241	A	G	0.82376	0.0032	0.0033	0.1638	2.9732753899519993e-6	57631	0.175946686278189
rs739320	NA	NA	NA	NA	NA	NA	NA	NA	NA	NA	NA
rs7551503	1	229038351	T	C	0.315045	-0.0129	0.0145	0.4143	7.18197762790395e-5	5731	0.427517041563351
rs7948028	NA	NA	NA	NA	NA	NA	NA	NA	NA	NA	NA
rs7997190	NA	NA	NA	NA	NA	NA	NA	NA	NA	NA	NA
rs8069790	17	56158245	A	C	0.880228	-6e-4	0.0041	0.9129	7.590720097151998e-8	48850.73	0.915334222589557
rs9607371	22	37083494	T	C	0.780336	-0.0019	0.0031	0.5735	1.2375926696908799e-6	54403	0.584301532878942
rs9656405	7	131514984	T	G	0.40291	4e-4	0.0023	0.6316	7.6983530208e-8	57560	0.641197899697417
