SNP	CHROM	POS	REF	ALT	AF	BETA	SE	Z	P	N	TRAIT
rs4751	1	1686040	G	T	0.4372	0.0383	0.0613	0.6247960848287113	0.5321	2764	VBI_any
rs4908696	1	6074434	A	G	0.1893	0.0469	0.0759	0.617918	0.5368	2764	VBI_any
rs4500342	1	7055578	T	G	0.2004	-0.1181	0.0726	-1.62672	0.1039	2764	VBI_any
rs35966408	1	19026488	T	C	0.0712	-0.2729	0.1521	-1.79421	0.07274	2764	VBI_any
rs10889038	1	57826766	T	C	0.5394	0.011	0.0579	0.189983	0.8493	2764	VBI_any
rs4950796	1	201835409	G	A	0.3476	0.034	0.0614	0.5537459283387622	0.5797	2764	VBI_any
rs12047993	1	232816206	G	A	0.2562	-0.0335	0.0681	-0.49192364170337743	0.6226	2764	VBI_any
rs17327201	2	35448384	T	C	0.1787	-0.0769	0.0789	-0.974651	0.3295	2764	VBI_any
rs2944778	2	47885601	T	G	0.7592	-0.0658	0.0705	-0.933333	0.3508	2764	VBI_any
rs1377949	2	52981688	A	G	0.4168	0.0156	0.0603	0.258706	0.7963	2764	VBI_any
rs77217059	2	58989880	G	A	0.1552	0.0181	0.0829	0.21833534378769603	0.8270000000000001	2764	VBI_any
rs11693221	2	66799986	C	T	0.0466	0.4616	0.1816	2.541850220264317	0.01102	2764	VBI_any
rs4308128	2	116491246	A	C	0.5043	-0.0301	0.0577	-0.521664	0.6017	2764	VBI_any
rs55683518	2	147484316	T	G	0.3903	-0.0141	0.0593	-0.237774	0.8121	2764	VBI_any
rs10198545	2	207895283	G	T	0.2722	0.017	0.0675	0.2518518518518518	0.8016	2764	VBI_any
rs1032911	3	20583898	G	A	0.3042	-0.0287	0.063	-0.45555555555555555	0.6485	2764	VBI_any
rs146420746	NA	NA	NA	NA	NA	NA	NA	NA	NA	NA	NA
rs141767265	3	38899144	G	A	0.0159	-0.1468	0.3186	-0.4607658505963591	0.6449	2764	VBI_any
rs7625896	3	44062561	A	G	0.3719	-0.0269	0.0597	-0.450586	0.6526	2764	VBI_any
rs10865954	3	49211989	T	C	0.662	0.0514	0.061	0.842623	0.3993	2764	VBI_any
rs76735900	3	103364658	C	A	0.0205	0.5138	0.4998	1.0280112044817928	0.3039	2764	VBI_any
rs4682165	3	114622323	C	T	0.4019	-0.0755	0.0583	-1.2950257289879932	0.1949	2764	VBI_any
rs1456193	3	117637697	T	C	0.8153	-0.1728	0.0741	-2.33198	0.01968	2764	VBI_any
rs9846998	3	158552362	G	A	0.578	-0.0563	0.0582	-0.9673539518900344	0.3334	2764	VBI_any
rs73177390	3	182697463	A	G	0.0392	-0.0015	0.1908	-0.00786164	0.9938	2764	VBI_any
rs71597563	NA	NA	NA	NA	NA	NA	NA	NA	NA	NA	NA
rs12499078	4	53275866	A	G	0.5161	0.0156	0.0603	0.258706	0.7958	2764	VBI_any
rs6824784	NA	NA	NA	NA	NA	NA	NA	NA	NA	NA	NA
rs17363806	4	85163040	T	C	0.0577	-0.0396	0.1317	-0.300683	0.7637	2764	VBI_any
rs3733421	4	149002841	T	C	0.5724	0.063	0.0577	1.09185	0.2751	2764	VBI_any
rs7710039	5	80492967	T	C	0.292	0.0029	0.064	0.0453125	0.9644	2764	VBI_any
rs1430205	5	87678585	C	T	0.4678	0.0335	0.0585	0.5726495726495726	0.5665	2764	VBI_any
rs26434	5	102363402	C	T	0.6872	-0.1464	0.0629	-2.327503974562798	0.02	2764	VBI_any
rs77960	5	103964585	G	A	0.3335	0.0497	0.0614	0.8094462540716613	0.4179	2764	VBI_any
rs153886	5	123153270	A	G	0.2193	-0.0258	0.0702	-0.367521	0.7133	2764	VBI_any
rs7724677	5	124543327	T	C	0.7026	0.0023	0.0626	0.0367412	0.9705	2764	VBI_any
rs13153029	5	135543031	C	T	0.2347	-0.1509	0.07	-2.1557142857142857	0.03108	2764	VBI_any
rs115512500	5	148664190	G	A	0.0617	0.0591	0.1273	0.4642576590730558	0.6428	2764	VBI_any
rs11134442	5	166478475	A	G	0.6387	-0.0548	0.063	-0.869841	0.3842	2764	VBI_any
rs60707509	6	24693940	A	G	0.013	-1.0697	0.7938	-1.34757	0.1778	2764	VBI_any
rs1547668	6	33775446	A	G	0.7977	0.0272	0.0722	0.376731	0.7068	2764	VBI_any
rs7738649	6	37657827	A	G	0.2359	0.0174	0.069	0.252174	0.8013	2764	VBI_any
rs80268004	6	38379895	C	T	0.2334	0.0378	0.0706	0.5354107648725213	0.5917	2764	VBI_any
rs6938026	6	43185733	A	G	0.191	0.0187	0.0735	0.254422	0.7989	2764	VBI_any
rs145629243	NA	NA	NA	NA	NA	NA	NA	NA	NA	NA	NA
rs17466209	NA	NA	NA	NA	NA	NA	NA	NA	NA	NA	NA
rs608475	6	96424790	C	T	0.2662	-0.0014	0.065	-0.021538461538461538	0.9832	2764	VBI_any
rs9404054	6	101256597	A	G	0.5074	-0.0226	0.0603	-0.374793	0.7081	2764	VBI_any
rs370771	6	105398086	G	T	0.4595	-0.0043	0.0657	-0.06544901065449012	0.9473	2764	VBI_any
rs9389842	6	141312802	G	A	0.3384	-0.0518	0.0642	-0.8068535825545172	0.4196	2764	VBI_any
rs73043678	7	3307861	T	C	0.1753	0.0104	0.0804	0.129353	0.8966	2764	VBI_any
rs10253198	NA	NA	NA	NA	NA	NA	NA	NA	NA	NA	NA
rs1348244	7	52658125	C	T	0.8371	-0.0492	0.0778	-0.6323907455012854	0.527	2764	VBI_any
rs1476535	NA	NA	NA	NA	NA	NA	NA	NA	NA	NA	NA
rs4142405	NA	NA	NA	NA	NA	NA	NA	NA	NA	NA	NA
rs6984111	8	10211788	C	T	0.8385	-0.0032	0.0802	-0.03990024937655861	0.9678	2764	VBI_any
rs13253410	8	36502130	A	G	0.3407	-0.0063	0.061	-0.103279	0.9177	2764	VBI_any
rs13252375	NA	NA	NA	NA	NA	NA	NA	NA	NA	NA	NA
rs189286754	NA	NA	NA	NA	NA	NA	NA	NA	NA	NA	NA
rs716009	8	74502909	T	C	0.2918	-0.142	0.0642	-2.21184	0.02694	2764	VBI_any
rs2956210	8	95952477	A	G	0.707	-0.0157	0.0624	-0.251603	0.8013	2764	VBI_any
rs183970751	NA	NA	NA	NA	NA	NA	NA	NA	NA	NA	NA
rs12343000	9	131012256	T	C	0.2294	-0.0846	0.0749	-1.12951	0.2588	2764	VBI_any
rs10995307	10	64552242	T	C	0.5075	-0.0294	0.0577	-0.509532	0.6101	2764	VBI_any
rs11202681	10	89978800	T	C	0.1698	-0.131	0.0788	-1.66244	0.09633	2764	VBI_any
rs11591681	10	104313377	C	T	0.343	0.0522	0.0639	0.8169014084507042	0.4146	2764	VBI_any
rs7915847	NA	NA	NA	NA	NA	NA	NA	NA	NA	NA	NA
rs76761925	11	28062082	C	T	0.1189	-5e-4	0.0929	-0.005382131324004306	0.996	2764	VBI_any
rs10838708	11	47441513	G	A	0.4646	-0.0893	0.0584	-1.529109589041096	0.126	2764	VBI_any
rs4073582	11	66050712	G	A	0.3504	-0.0024	0.061	-0.039344262295081964	0.9689	2764	VBI_any
rs148769295	11	72238072	T	G	0.027	0.2467	0.2548	0.96821	0.3329	2764	VBI_any
rs184586260	NA	NA	NA	NA	NA	NA	NA	NA	NA	NA	NA
rs78607331	NA	NA	NA	NA	NA	NA	NA	NA	NA	NA	NA
rs35414477	12	84338091	G	T	0.2187	-0.1156	0.0705	-1.6397163120567377	0.10099999999999999	2764	VBI_any
rs9576155	13	37600284	G	A	0.3245	0.1076	0.0631	1.705229793977813	0.08788	2764	VBI_any
rs6561715	NA	NA	NA	NA	NA	NA	NA	NA	NA	NA	NA
rs4884332	13	59900365	G	A	0.6471	-0.0028	0.0605	-0.046280991735537194	0.9631	2764	VBI_any
rs61703547	13	70395175	A	G	0.1389	0.0843	0.0817	1.03182	0.3024	2764	VBI_any
rs10132715	14	42182103	A	G	0.474	-0.1397	0.0569	-2.45518	0.0141	2764	VBI_any
rs8024233	15	51808573	A	G	0.7518	0.0599	0.0675	0.887407	0.3754	2764	VBI_any
rs56399421	NA	NA	NA	NA	NA	NA	NA	NA	NA	NA	NA
rs138057142	NA	NA	NA	NA	NA	NA	NA	NA	NA	NA	NA
rs57272144	15	89904368	G	A	0.4093	-0.0027	0.0608	-0.044407894736842105	0.9640000000000001	2764	VBI_any
rs35198836	16	1244631	C	T	0.2882	-0.0398	0.0702	-0.566951566951567	0.5703	2764	VBI_any
rs116874152	NA	NA	NA	NA	NA	NA	NA	NA	NA	NA	NA
rs12924275	16	9191790	C	T	0.2658	-0.0147	0.068	-0.21617647058823528	0.8293	2764	VBI_any
rs1886715	16	20058816	A	C	0.2277	-0.0064	0.0682	-0.0938416	0.9257	2764	VBI_any
rs11643079	16	49619863	C	T	0.1472	0.1917	0.0806	2.3784119106699753	0.01736	2764	VBI_any
rs7203524	16	56260279	T	G	0.4482	-0.0138	0.0581	-0.237522	0.8125	2764	VBI_any
rs4986172	17	43216281	C	T	0.3552	0.0577	0.0585	0.9863247863247863	0.3244	2764	VBI_any
rs12603818	17	49567749	T	C	0.2498	0.1144	0.0686	1.66764	0.09511	2764	VBI_any
rs72852768	NA	NA	NA	NA	NA	NA	NA	NA	NA	NA	NA
rs7228159	NA	NA	NA	NA	NA	NA	NA	NA	NA	NA	NA
rs7238157	18	62340980	C	T	0.4186	-0.0426	0.0581	-0.7332185886402753	0.4639	2764	VBI_any
rs12609484	19	4970593	G	T	0.3073	-0.1283	0.0652	-1.9677914110429449	0.0492	2764	VBI_any
rs143888887	NA	NA	NA	NA	NA	NA	NA	NA	NA	NA	NA
rs62106983	19	40960013	T	G	0.135	-0.0824	0.1134	-0.726631	0.4678	2764	VBI_any
rs35628789	19	56214261	T	C	0.1489	0.0068	0.0677	0.100443	0.9196	2764	VBI_any
rs241646	20	3932746	G	T	0.2562	-0.1079	0.0667	-1.6176911544227885	0.1058	2764	VBI_any
rs78633569	20	13756089	T	C	0.0217	-0.4352	0.3276	-1.32845	0.1841	2764	VBI_any
rs6067024	NA	NA	NA	NA	NA	NA	NA	NA	NA	NA	NA
rs2748219	22	26231951	T	C	0.3385	-0.1359	0.0629	-2.16057	0.030660000000000003	2764	VBI_any
rs12233366	22	29862948	C	T	0.1182	-0.0756	0.0914	-0.8271334792122539	0.4084	2764	VBI_any
