SNP	CHROM	POS	REF	ALT	AF	BETA	SE	Z	P	N	TRAIT
rs76360763	1	26493519	C	T	0.047	-0.006	0.1551	-0.03868471953578337	0.9690000000000001	2764	VBI_any
rs4653218	1	37197319	T	C	0.5692	0.0319	0.0579	0.55095	0.5814	2764	VBI_any
rs11579246	1	50559162	A	G	0.0927	0.0716	0.0981	0.729867	0.4651	2764	VBI_any
rs1890946	1	52342427	T	C	0.5324	-0.0115	0.0577	-0.199307	0.8426	2764	VBI_any
rs10127497	NA	NA	NA	NA	NA	NA	NA	NA	NA	NA	NA
rs6699744	NA	NA	NA	NA	NA	NA	NA	NA	NA	NA	NA
rs10890045	1	73997624	T	C	0.691	-0.0105	0.0617	-0.170178	0.8646	2764	VBI_any
rs114853178	1	97509552	G	A	0.0248	-0.0496	0.2417	-0.2052130740587505	0.8375	2764	VBI_any
rs4971040	1	151366494	A	C	0.8332	0.0646	0.0785	0.82293	0.4103	2764	VBI_any
rs1765516	1	168705289	G	A	0.5318	0.0496	0.0654	0.7584097859327217	0.4485	2764	VBI_any
rs3791021	1	173807157	C	T	0.0945	-0.0449	0.0999	-0.4494494494494495	0.6531	2764	VBI_any
rs10753123	1	176303204	G	A	0.4066	0.0156	0.0595	0.26218487394957984	0.7934	2764	VBI_any
rs7548151	1	177026983	G	A	0.0954	-0.1578	0.1011	-1.5608308605341246	0.1185	2764	VBI_any
rs72740410	1	191115099	C	T	0.0789	0.105	0.1112	0.9442446043165468	0.3453	2764	VBI_any
rs2759663	NA	NA	NA	NA	NA	NA	NA	NA	NA	NA	NA
rs2685292	NA	NA	NA	NA	NA	NA	NA	NA	NA	NA	NA
rs1808361	NA	NA	NA	NA	NA	NA	NA	NA	NA	NA	NA
rs10175979	2	57813173	C	T	0.6627	-0.0305	0.0616	-0.4951298701298701	0.6208	2764	VBI_any
rs2945451	NA	NA	NA	NA	NA	NA	NA	NA	NA	NA	NA
rs111945524	2	106099018	C	T	0.0359	0.0565	0.1978	0.2856420626895854	0.7752	2764	VBI_any
rs11123030	2	124976163	T	C	0.5176	-0.0053	0.0576	-0.0920139	0.9263	2764	VBI_any
rs4662297	NA	NA	NA	NA	NA	NA	NA	NA	NA	NA	NA
rs4455170	2	161490130	C	T	0.2883	-0.0422	0.0639	-0.6604068857589984	0.5092	2764	VBI_any
rs72948529	2	212641990	A	C	0.199	0.0395	0.0774	0.510336	0.6097	2764	VBI_any
rs13097653	3	44739832	T	C	0.3023	-0.0509	0.0621	-0.819646	0.4126	2764	VBI_any
rs7624336	3	53244151	G	T	0.2098	0.0535	0.0707	0.7567185289957568	0.4494	2764	VBI_any
rs7635184	3	56226041	G	A	0.6294	-0.0505	0.0615	-0.8211382113821138	0.4116	2764	VBI_any
rs9843540	3	81256869	T	C	0.4952	-0.0197	0.057999999999999996	-0.339655	0.7344	2764	VBI_any
rs62265371	NA	NA	NA	NA	NA	NA	NA	NA	NA	NA	NA
rs2399363	3	110506842	C	T	0.4681	0.0768	0.0614	1.250814332247557	0.2111	2764	VBI_any
rs66511648	3	117515519	T	C	0.2738	0.1012	0.066	1.53333	0.1254	2764	VBI_any
rs28820925	3	158111936	T	C	0.5802	-0.0262	0.0578	-0.453287	0.6503	2764	VBI_any
rs9759257	3	183986363	A	C	0.2323	-0.022	0.0696	-0.316092	0.7514	2764	VBI_any
rs2276882	NA	NA	NA	NA	NA	NA	NA	NA	NA	NA	NA
rs10002787	4	47497811	A	G	0.4164	-0.0036	0.0683	-0.0527086	0.9579	2764	VBI_any
rs28649197	4	95150054	T	G	0.0159	0.2624	0.34299999999999997	0.765015	0.4442	2764	VBI_any
rs6818069	4	131153170	T	G	0.2608	0.0165	0.067	0.246269	0.8056	2764	VBI_any
rs4475190	4	139636199	T	C	0.262	-0.1334	0.0676	-1.97337	0.048280000000000003	2764	VBI_any
rs4863729	NA	NA	NA	NA	NA	NA	NA	NA	NA	NA	NA
rs73107919	5	61126994	A	G	0.1093	-0.146	0.1004	-1.45418	0.1456	2764	VBI_any
rs12188167	NA	NA	NA	NA	NA	NA	NA	NA	NA	NA	NA
rs30266	5	103972357	G	A	0.3311	0.0507	0.0617	0.8217179902755268	0.4113	2764	VBI_any
rs3756644	5	153780979	A	C	0.0733	-0.0101	0.1107	-0.0912376	0.9275	2764	VBI_any
rs10035449	5	164486067	T	C	0.5209	0.033	0.0586	0.56314	0.5728	2764	VBI_any
rs62383381	5	167456179	T	C	0.1763	0.0276	0.0764	0.361257	0.7178	2764	VBI_any
rs12661596	6	17016400	A	G	0.2419	0.0285	0.0677	0.420975	0.6738	2764	VBI_any
rs12189861	6	24274452	G	A	0.1151	0.1109	0.0886	1.2516930022573363	0.2109	2764	VBI_any
rs34555420	NA	NA	NA	NA	NA	NA	NA	NA	NA	NA	NA
rs13220522	6	26316295	G	A	0.0745	-0.0735	0.1442	-0.5097087378640777	0.61	2764	VBI_any
rs144813177	NA	NA	NA	NA	NA	NA	NA	NA	NA	NA	NA
rs72839477	6	27327000	C	T	0.0777	0.1085	0.1521	0.7133464825772518	0.4754	2764	VBI_any
rs35017208	6	28345282	C	T	0.0815	-0.0075	0.1573	-0.04767959313413859	0.9622	2764	VBI_any
rs140427260	6	28415601	T	C	0.0492	0.0969	0.1381	0.701665	0.4831	2764	VBI_any
rs17177816	6	29509596	G	A	0.0617	0.1733	0.1216	1.4251644736842106	0.1541	2764	VBI_any
rs3132685	6	29945949	G	A	0.112	0.0877	0.1319	0.6648976497346475	0.5063	2764	VBI_any
rs1634726	6	30985828	G	A	0.111	-0.1634	0.1337	-1.2221391174270753	0.2216	2764	VBI_any
rs415929	6	32189032	T	C	0.3181	0.069	0.0632	1.09177	0.275	2764	VBI_any
rs56366527	6	33805941	G	A	0.369	0.0138	0.0605	0.228099173553719	0.8198	2764	VBI_any
rs236351	6	36817172	G	A	0.1034	-0.0925	0.0975	-0.9487179487179487	0.3431	2764	VBI_any
rs4715176	6	50085235	C	T	0.637	-0.0363	0.0607	-0.5980230642504119	0.5496	2764	VBI_any
rs76736233	6	66646738	T	C	0.0758	0.0716	0.1522	0.470434	0.6382	2764	VBI_any
rs112348907	6	73587953	A	G	0.2339	-0.0562	0.0752	-0.74734	0.4551	2764	VBI_any
rs10447426	6	110721750	G	A	0.0208	0.2073	0.2864	0.7238128491620113	0.4692	2764	VBI_any
rs2876520	NA	NA	NA	NA	NA	NA	NA	NA	NA	NA	NA
rs4895718	6	147973296	C	T	0.701	0.0167	0.0694	0.24063400576368874	0.8092	2764	VBI_any
rs2328850	6	148412981	T	C	0.5518	0.0771	0.0643	1.19907	0.2307	2764	VBI_any
rs139353239	NA	NA	NA	NA	NA	NA	NA	NA	NA	NA	NA
rs3996329	7	2018870	G	A	0.1713	0.0117	0.0768	0.15234375000000003	0.879	2764	VBI_any
rs3807865	7	12250402	G	A	0.44	-0.0364	0.0588	-0.6190476190476191	0.5358	2764	VBI_any
rs2270236	NA	NA	NA	NA	NA	NA	NA	NA	NA	NA	NA
rs62482416	7	103030228	C	A	0.088	-0.0974	0.10400000000000001	-0.9365384615384614	0.349	2764	VBI_any
rs4570089	NA	NA	NA	NA	NA	NA	NA	NA	NA	NA	NA
rs6466512	7	114842574	G	A	0.4037	-0.011000000000000001	0.0592	-0.18581081081081083	0.8523	2764	VBI_any
rs2402273	7	117600424	T	C	0.4147	0.0347	0.0575	0.603478	0.5455	2764	VBI_any
rs2888566	7	148552623	T	C	0.1538	0.1083	0.0803	1.34869	0.1775	2764	VBI_any
rs144369419	NA	NA	NA	NA	NA	NA	NA	NA	NA	NA	NA
rs113664121	NA	NA	NA	NA	NA	NA	NA	NA	NA	NA	NA
rs9643389	NA	NA	NA	NA	NA	NA	NA	NA	NA	NA	NA
rs10960103	NA	NA	NA	NA	NA	NA	NA	NA	NA	NA	NA
rs263575	9	17033840	G	A	0.4665	-0.1507	0.0588	-2.562925170068027	0.010320000000000001	2764	VBI_any
rs73474148	9	25236859	T	C	0.1098	0.1315	0.0894	1.47092	0.1411	2764	VBI_any
rs7030813	9	36999369	C	T	0.376	0.0084	0.0592	0.14189189189189189	0.8868	2764	VBI_any
rs7046881	9	82515992	T	G	0.419	0.0153	0.0598	0.255853	0.7976	2764	VBI_any
rs189315389	NA	NA	NA	NA	NA	NA	NA	NA	NA	NA	NA
rs7098208	10	18553164	C	T	0.2586	0.0365	0.0668	0.5464071856287425	0.585	2764	VBI_any
rs10762080	10	68397445	A	G	0.5803	0.0543	0.0576	0.942708	0.3459	2764	VBI_any
rs1021363	10	106610839	A	G	0.6515	0.0032	0.0591	0.0541455	0.9574	2764	VBI_any
rs1710278	10	127738918	G	A	0.4447	0.0531	0.0574	0.9250871080139373	0.3556	2764	VBI_any
rs10767735	NA	NA	NA	NA	NA	NA	NA	NA	NA	NA	NA
rs78652754	11	59531576	G	T	0.083	-0.0657	0.1279	-0.5136825645035182	0.6075	2764	VBI_any
rs1791684	11	66369211	T	G	0.4757	0.0214	0.06	0.356667	0.7213	2764	VBI_any
rs10501696	11	88748162	A	G	0.4639	0.0112	0.0647	0.173107	0.8628	2764	VBI_any
rs578174	11	89959637	A	G	0.1077	0.1062	0.0988	1.0749	0.2821	2764	VBI_any
rs4936275	11	113365084	C	T	0.6243	-0.0381	0.0605	-0.6297520661157026	0.5286	2764	VBI_any
rs11215655	NA	NA	NA	NA	NA	NA	NA	NA	NA	NA	NA
rs60545357	11	118281418	A	C	0.1836	0.1218	0.0753	1.61753	0.1059	2764	VBI_any
rs10450	12	56984606	C	T	0.7117	0.0094	0.0632	0.14873417721518986	0.8812	2764	VBI_any
rs7965279	NA	NA	NA	NA	NA	NA	NA	NA	NA	NA	NA
rs521048	12	118830958	A	G	0.7304	0.0584	0.0661	0.88351	0.3769	2764	VBI_any
rs2859263	12	121072799	C	T	0.5665	-0.046	0.059000000000000004	-0.7796610169491525	0.4361	2764	VBI_any
rs9530139	13	31847324	C	T	0.206	-0.034	0.0718	-0.4735376044568245	0.6356	2764	VBI_any
rs9805634	13	53863604	C	T	0.3131	-0.0925	0.0637	-1.4521193092621663	0.1464	2764	VBI_any
rs74456050	13	64891245	G	A	0.1285	0.153	0.1037	1.4754098360655736	0.1403	2764	VBI_any
rs1755255	13	80875422	T	C	0.6975	-0.0852	0.0645	-1.32093	0.1865	2764	VBI_any
rs510339	13	97286612	G	A	0.8197	0.087	0.076	1.144736842105263	0.252	2764	VBI_any
rs1900599	14	42141201	G	A	0.2909	-0.0639	0.0643	-0.9937791601866253	0.3201	2764	VBI_any
rs10148293	14	75296831	A	G	0.5241	-0.0613	0.0586	-1.04608	0.295	2764	VBI_any
rs67788318	14	94043084	T	C	0.1162	0.0014	0.1032	0.0135659	0.9896	2764	VBI_any
rs4906349	14	104091115	A	G	0.3095	-0.099	0.0628	-1.57643	0.1147	2764	VBI_any
rs28541419	NA	NA	NA	NA	NA	NA	NA	NA	NA	NA	NA
rs7165666	NA	NA	NA	NA	NA	NA	NA	NA	NA	NA	NA
rs12595866	16	7441344	A	C	0.5017	0.0371	0.0584	0.635274	0.5257	2764	VBI_any
rs830716	NA	NA	NA	NA	NA	NA	NA	NA	NA	NA	NA
rs12932870	NA	NA	NA	NA	NA	NA	NA	NA	NA	NA	NA
rs226007	16	21624933	G	T	0.6645	0.073	0.0613	1.1908646003262642	0.2335	2764	VBI_any
rs2617841	16	56373222	G	A	0.7235	-0.0963	0.0634	-1.5189274447949528	0.1287	2764	VBI_any
rs34187563	17	31726162	G	T	0.473	-0.0591	0.0572	-1.0332167832167831	0.3013	2764	VBI_any
rs12943181	NA	NA	NA	NA	NA	NA	NA	NA	NA	NA	NA
rs11877758	18	35138110	T	G	0.3084	-0.1063	0.0639	-1.66354	0.09643	2764	VBI_any
rs57679688	18	36621062	C	T	0.269	0.0157	0.0658	0.23860182370820668	0.8116	2764	VBI_any
rs17410557	18	50776391	T	C	0.3938	0.0958	0.0599	1.59933	0.1095	2764	VBI_any
rs12967143	NA	NA	NA	NA	NA	NA	NA	NA	NA	NA	NA
rs7241572	18	77580712	G	A	0.2815	-0.0023	0.0596	-0.03859060402684564	0.9686	2764	VBI_any
rs34947393	NA	NA	NA	NA	NA	NA	NA	NA	NA	NA	NA
rs6131010	20	44724305	A	G	0.7277	0.0504	0.0641	0.786271	0.4316	2764	VBI_any
rs143502921	NA	NA	NA	NA	NA	NA	NA	NA	NA	NA	NA
rs4925300	20	60392038	G	A	0.6682	0.1402	0.0615	2.2796747967479676	0.02257	2764	VBI_any
rs77937532	22	20030041	G	A	0.1842	0.0092	0.0733	0.12551159618008184	0.8999	2764	VBI_any
