$`Main MR results`
       Exposure       MR Analysis Causal Estimate       Sd    T-stat   P-value
1 beta.exposure               Raw        678.6835 1339.798 0.5065565 0.6142628
2 beta.exposure Outlier-corrected        495.7920 1140.051 0.4348858 0.6652055

$`MR-PRESSO results`
$`MR-PRESSO results`$`Global Test`
$`MR-PRESSO results`$`Global Test`$RSSobs
[1] 124.9393

$`MR-PRESSO results`$`Global Test`$Pvalue
[1] "<1e-04"


$`MR-PRESSO results`$`Outlier Test`
         RSSobs  Pvalue
1   21326.23453       1
2    3805.44981       1
3   15502.38505       1
4   41304.02184       1
5    1168.13519       1
6   16657.78560       1
7    1025.94719       1
8    5538.62541       1
9    5377.98437       1
10  20895.08535       1
11  31139.88497       1
12     36.01985       1
13   2830.62995       1
14 363202.98549 <0.0063
15     67.38747       1
16   1121.61617       1
17 103547.37701       1
18 115773.55038   0.252
19 686272.37285  0.0378
20   1348.01595       1
21   7266.86963       1
22   8983.07730       1
23   1366.43161       1
24  43142.15687       1
25  31870.44073       1
26    987.08409       1
27  42716.85795       1
28    741.59035       1
29     43.05468       1
30  12815.14018       1
31  16167.97048       1
32  13260.83516       1
33     85.66572       1
34   5033.88170       1
35  12223.87089       1
36  88337.14360       1
37  18110.15925       1
38   3491.99789       1
39  52120.53038       1
40   4011.53447       1
41  62768.97902       1
42    406.65067       1
43   7835.43967       1
44   6139.49881       1
45  31043.17250       1
46   4747.03628       1
47   6028.71800       1
48   9914.52967       1
49 177480.04936  0.5859
50  55857.39797       1
51  30258.29740       1
52  25392.75870       1
53   8006.52146       1
54   5263.75868       1
55  69127.59098       1
56  83335.63568  0.6426
57  90597.61065       1
58   5905.94830       1
59  23444.46808       1
60  16317.37029       1
61     70.49464       1
62  20008.47237       1
63  21046.94394       1

$`MR-PRESSO results`$`Distortion Test`
$`MR-PRESSO results`$`Distortion Test`$`Outliers Indices`
[1] 14 19

$`MR-PRESSO results`$`Distortion Test`$`Distortion Coefficient`
beta.exposure 
     36.88877 

$`MR-PRESSO results`$`Distortion Test`$Pvalue
[1] 0.8023



