SNP	CHROM	POS	REF	ALT	AF	BETA	SE	Z	P	N	TRAIT
rs10158032	1	46332701	T	C	0.279078	-0.006241	0.006157999999999999	-1.013478402078597	0.3109	3146	CSF_ab42
rs7525101	NA	NA	NA	NA	NA	NA	NA	NA	NA	NA	NA
rs2941580	2	54862003	G	A	0.564791	1.4169999999999997e-4	0.005667	0.025004411505205573	0.9801	3146	CSF_ab42
rs741475	2	208087139	C	T	0.557398	0.004684	0.006005	0.780017	0.4355	3146	CSF_ab42
rs3915060	3	121712980	C	T	0.7085	-8.875e-5	0.006848000000000001	-0.01296	0.9897	3146	CSF_ab42
rs6443802	3	182137631	C	A	0.362213	-0.00161	0.005972	-0.2695914266577361	0.7875	3146	CSF_ab42
rs13147559	4	17524570	C	G	0.139956	0.00507	0.008315000000000001	0.6097414311485266	0.5421	3146	CSF_ab42
rs7712395	5	2559538	C	T	0.111233	0.007826000000000001	0.009040000000000001	0.8657079646017699	0.3867	3146	CSF_ab42
rs6871548	5	73076024	C	T	0.446805	0.002963	0.005621	0.5271304038427326	0.5981	3146	CSF_ab42
rs1363103	5	103917837	T	C	0.393745	0.005461	0.00579	0.9431778929188255	0.3457	3146	CSF_ab42
rs1050556	NA	NA	NA	NA	NA	NA	NA	NA	NA	NA	NA
rs35186928	NA	NA	NA	NA	NA	NA	NA	NA	NA	NA	NA
rs62646255	NA	NA	NA	NA	NA	NA	NA	NA	NA	NA	NA
rs9493627	6	133789728	G	A	0.295926	0.001492	0.005953	0.25062993448681337	0.8022	3146	CSF_ab42
rs2296506	6	158507981	G	A	0.516105	-0.00917	0.0057090000000000005	-1.60624	0.1083	3146	CSF_ab42
rs11238325	7	50853151	C	T	0.693718	-0.02367	0.006405	-3.69555	2.23e-4	3146	CSF_ab42
rs2354376	7	138487145	C	A	0.59589	4.817e-4	0.006352	0.0758344	0.9396	3146	CSF_ab42
rs12156228	NA	NA	NA	NA	NA	NA	NA	NA	NA	NA	NA
rs4948502	10	63839417	T	C	0.410247	4.5700000000000005e-4	0.005759	0.07935405452335476	0.9368	3146	CSF_ab42
rs10901863	NA	NA	NA	NA	NA	NA	NA	NA	NA	NA	NA
rs55635402	11	8056913	A	G	0.218944	0.005757	0.007666	0.7509783459431255	0.4527	3146	CSF_ab42
rs11018564	11	89035134	T	C	0.372638	8.349999999999999e-4	0.0059240000000000004	0.14095205941931124	0.8879	3146	CSF_ab42
rs67307131	NA	NA	NA	NA	NA	NA	NA	NA	NA	NA	NA
rs7313797	12	109896165	T	C	0.502217	-0.0044399999999999995	0.0057090000000000005	-0.7777193904361532	0.4368	3146	CSF_ab42
rs1566129	14	52514912	T	C	0.642468	0.006127	0.005681	1.07851	0.2809	3146	CSF_ab42
rs62015199	NA	NA	NA	NA	NA	NA	NA	NA	NA	NA	NA
rs78417468	16	55492795	G	A	0.217613	2.878e-4	0.006887999999999999	0.041782810685249715	0.9667	3146	CSF_ab42
rs11881070	NA	NA	NA	NA	NA	NA	NA	NA	NA	NA	NA
rs5756795	22	38122122	T	C	0.471503	0.01251	0.005678	2.203240577668193	0.027630000000000002	3146	CSF_ab42
rs36062310	NA	NA	NA	NA	NA	NA	NA	NA	NA	NA	NA
