$`Main MR results`
       Exposure       MR Analysis Causal Estimate       Sd     T-stat   P-value
1 beta.exposure               Raw        -960.034 1075.824 -0.8923712 0.3744254
2 beta.exposure Outlier-corrected              NA       NA         NA        NA

$`MR-PRESSO results`
$`MR-PRESSO results`$`Global Test`
$`MR-PRESSO results`$`Global Test`$RSSobs
[1] 148.7554

$`MR-PRESSO results`$`Global Test`$Pvalue
[1] 0.0013


$`MR-PRESSO results`$`Outlier Test`
         RSSobs Pvalue
1  6.813857e+03      1
2  7.865913e+03      1
3  1.081794e+04      1
4  5.115966e+04      1
5  1.854191e+04      1
6  2.009884e+00      1
7  3.470768e+03      1
8  2.151325e+04      1
9  4.326849e+03      1
10 1.485695e+02      1
11 4.300137e+03      1
12 2.273373e+05      1
13 3.674790e+05      1
14 2.250587e+05      1
15 1.279331e+05 0.8051
16 3.103534e+04      1
17 2.503321e+04      1
18 5.054032e+02      1
19 9.868067e+03      1
20 1.881160e+04      1
21 3.849106e+03      1
22 1.653859e+04      1
23 6.917958e+01      1
24 6.780494e+04      1
25 1.107037e+05 0.6111
26 6.323282e+04      1
27 3.333791e+04      1
28 4.033489e+04      1
29 2.583049e+03      1
30 1.260849e+06      1
31 9.397218e+02      1
32 4.278845e+04      1
33 4.024546e+05      1
34 1.319689e+04      1
35 2.725407e+05      1
36 2.827639e+04      1
37 6.072795e+01      1
38 1.226712e+06      1
39 4.242846e+04      1
40 4.353298e+04      1
41 1.429400e+04      1
42 4.739817e+02      1
43 4.066461e+04      1
44 3.851994e+04      1
45 9.358521e+03      1
46 2.175958e+04      1
47 8.300216e+04 0.9991
48 1.055157e+04      1
49 2.126587e+05      1
50 1.258529e+04      1
51 2.791701e+03      1
52 2.190979e+04      1
53 2.705981e+04      1
54 5.234516e+04      1
55 2.169505e+04      1
56 2.724633e+01      1
57 2.332914e+02      1
58 1.326636e+04      1
59 2.099326e+05      1
60 1.741675e+03      1
61 2.479398e+04      1
62 1.163423e+04      1
63 3.991209e+04      1
64 1.032696e+05      1
65 3.005502e+04      1
66 6.081028e+03      1
67 2.313085e+04      1
68 3.230552e+04      1
69 3.727286e+04      1
70 2.090535e+04      1
71 2.885108e+04      1
72 1.665739e+04      1
73 3.688853e+04      1
74 6.258117e+02      1
75 1.221792e+04      1
76 1.571865e+04      1
77 1.501326e+04      1
78 5.763300e+03      1
79 7.711730e+01      1
80 1.523201e+05      1
81 5.241059e+03      1
82 5.305766e+04      1
83 4.473949e+03      1
84 2.765527e+04      1
85 5.241400e+01      1
86 1.780508e+04      1
87 2.351681e+05      1
88 1.638553e+03      1
89 7.148973e+02      1
90 2.771405e+04      1
91 1.349732e+05      1
92 2.618860e+02      1
93 5.391759e+02      1
94 1.133594e+05 0.6208
95 1.901362e+04      1
96 6.259146e+03      1
97 9.310876e+03      1

$`MR-PRESSO results`$`Distortion Test`
$`MR-PRESSO results`$`Distortion Test`$`Outliers Indices`
[1] "No significant outliers"

$`MR-PRESSO results`$`Distortion Test`$`Distortion Coefficient`
[1] NA

$`MR-PRESSO results`$`Distortion Test`$Pvalue
[1] NA



