$`Main MR results`
       Exposure       MR Analysis Causal Estimate       Sd     T-stat   P-value
1 beta.exposure               Raw        -61.7098 395.5469 -0.1560113 0.8763622
2 beta.exposure Outlier-corrected       -136.7515 376.8065 -0.3629224 0.7174953

$`MR-PRESSO results`
$`MR-PRESSO results`$`Global Test`
$`MR-PRESSO results`$`Global Test`$RSSobs
[1] 128.2006

$`MR-PRESSO results`$`Global Test`$Pvalue
[1] 0.0143


$`MR-PRESSO results`$`Outlier Test`
         RSSobs Pvalue
1   33610.22193      1
2      17.94913      1
3   24113.62610      1
4  338370.27221 0.5076
5   10623.87815      1
6   91827.66793  0.846
7   37398.11194      1
8   25599.86369      1
9   89553.10768 0.6486
10   3923.57984      1
11   4947.87170      1
12   6889.64421      1
13   9095.90069      1
14   3584.36840      1
15  19589.51244      1
16  10679.77087      1
17   2334.78722      1
18   6805.09480      1
19   1454.93358      1
20   5764.13486      1
21     75.38589      1
22  12016.66568      1
23  10319.61299      1
24   2244.74993      1
25   9399.90179      1
26  35461.91134      1
27  42303.00411      1
28  23658.28937      1
29  12712.97595      1
30  68151.64107      1
31  16355.41578      1
32   2343.04623      1
33   3205.95578      1
34  43451.74846      1
35  63367.46608      1
36     95.48923      1
37   6204.74075      1
38  29287.42373      1
39  44831.16627      1
40  45370.21013      1
41  13480.37374      1
42   2197.73985      1
43  28116.50462      1
44   3924.55544      1
45   4923.73732      1
46   1498.85125      1
47  25401.81731      1
48   2436.57191      1
49    967.16615      1
50    730.04064      1
51  49151.50916      1
52  44151.38832      1
53  33155.27457      1
54   3805.99972      1
55  27440.28158      1
56   2232.83550      1
57    296.76356      1
58  15883.87263      1
59  55708.90245      1
60   7579.34751      1
61  13291.34947      1
62  30780.67029      1
63  18343.12518      1
64  33892.54887      1
65  25549.44575      1
66   1776.17476      1
67  14870.44910      1
68  13944.66609      1
69  13400.44539      1
70  21371.94062      1
71   1032.36202      1
72    504.82571      1
73   9819.09418      1
74  62204.18406      1
75   1204.77516      1
76  30383.90501      1
77  14790.06643      1
78   1794.97827      1
79  12938.75701      1
80   5534.85225      1
81   4462.52571      1
82   1852.06029      1
83 167090.17867 0.0376
84  17061.38256      1
85   1614.58948      1
86   8446.87116      1
87  16730.62236      1
88   8007.63349      1
89  86375.29450      1
90   7710.64683      1
91  18321.54911      1
92   1877.93382      1
93  23842.68635      1
94    455.54024      1

$`MR-PRESSO results`$`Distortion Test`
$`MR-PRESSO results`$`Distortion Test`$`Outliers Indices`
[1] 83

$`MR-PRESSO results`$`Distortion Test`$`Distortion Coefficient`
beta.exposure 
     54.87451 

$`MR-PRESSO results`$`Distortion Test`$Pvalue
[1] 0.8899



