SNP	CHROM	POS	REF	ALT	AF	BETA	SE	Z	P	N	TRAIT
rs77532933	NA	NA	NA	NA	NA	NA	NA	NA	NA	NA	NA
rs7531118	1	72837239	T	C	0.551618	1.333	4.7886	0.278369	0.7807	13163	Hippocampal_Volume
rs12129573	1	73768366	C	A	0.349746	7.9639	4.7876	1.6634430612415405	0.09623	13163	Hippocampal_Volume
rs7603111	2	2343720	A	G	0.298358	-2.6897	4.9441	-0.5440221678364111	0.5864	12964	Hippocampal_Volume
rs192407174	NA	NA	NA	NA	NA	NA	NA	NA	NA	NA	NA
rs13395065	NA	NA	NA	NA	NA	NA	NA	NA	NA	NA	NA
rs111330137	2	51599516	G	A	0.0457256	-1.9386	9.7162	-0.1995224470471995	0.8419	13163	Hippocampal_Volume
rs141053258	NA	NA	NA	NA	NA	NA	NA	NA	NA	NA	NA
rs1081458	NA	NA	NA	NA	NA	NA	NA	NA	NA	NA	NA
rs7558022	NA	NA	NA	NA	NA	NA	NA	NA	NA	NA	NA
rs186722503	NA	NA	NA	NA	NA	NA	NA	NA	NA	NA	NA
rs6717413	2	208031167	G	A	0.636449	0.7469	4.975	0.150131	0.8807	12964	Hippocampal_Volume
rs6832890	NA	NA	NA	NA	NA	NA	NA	NA	NA	NA	NA
rs60747160	4	83039730	G	T	0.361938	2.0599	4.8075	0.4284763390535621	0.6683	13163	Hippocampal_Volume
rs146709651	NA	NA	NA	NA	NA	NA	NA	NA	NA	NA	NA
rs34318462	NA	NA	NA	NA	NA	NA	NA	NA	NA	NA	NA
rs2451828	5	7448796	C	T	0.0239826	5.3179	15.2121	0.3495835551961925	0.7267	10996	Hippocampal_Volume
rs77478484	5	44214527	G	A	0.0252086	5.9669	13.0067	0.45875587197367507	0.6464	13055	Hippocampal_Volume
rs78955704	NA	NA	NA	NA	NA	NA	NA	NA	NA	NA	NA
rs72777075	5	91733822	C	T	0.211756	4.8657	6.2728	0.7756823109297284	0.4379	13163	Hippocampal_Volume
rs76025409	NA	NA	NA	NA	NA	NA	NA	NA	NA	NA	NA
rs9327211	5	121006038	C	T	0.54542	-4.5859	4.9153	-0.932985	0.3508	13163	Hippocampal_Volume
rs7717604	5	123989617	C	T	0.363719	9.538	4.8331	1.9734745815315222	0.04844	13163	Hippocampal_Volume
rs578856	NA	NA	NA	NA	NA	NA	NA	NA	NA	NA	NA
rs6934329	6	27158033	A	G	0.486353	-11.9865	6.08	-1.9714638157894735	0.04867	13163	Hippocampal_Volume
rs6905391	6	28262686	G	A	0.121916	-7.8773	6.6375	-1.1867871939736345	0.2353	13163	Hippocampal_Volume
rs437955	NA	NA	NA	NA	NA	NA	NA	NA	NA	NA	NA
rs3132582	NA	NA	NA	NA	NA	NA	NA	NA	NA	NA	NA
rs693906	NA	NA	NA	NA	NA	NA	NA	NA	NA	NA	NA
rs12200766	6	95868745	A	G	0.313253	-1.485	5.2473	-0.28300268709622095	0.7772	13163	Hippocampal_Volume
rs151136076	NA	NA	NA	NA	NA	NA	NA	NA	NA	NA	NA
rs76902129	NA	NA	NA	NA	NA	NA	NA	NA	NA	NA	NA
rs117901488	6	160603132	C	T	0.0311321	4.4228	17.94	0.24653288740245258	0.8053	7607	Hippocampal_Volume
rs2056476	7	3504349	C	T	0.622694	8.7797	5.3113	1.6530228004443357	0.09833	12964	Hippocampal_Volume
rs117636293	NA	NA	NA	NA	NA	NA	NA	NA	NA	NA	NA
rs7784031	7	82430153	G	A	0.363123	-1.3633	4.8324	-0.2821165466434898	0.7779	13163	Hippocampal_Volume
rs1548461	7	117567576	T	C	0.603636	-2.5669	4.5888	-0.559384	0.5759	13163	Hippocampal_Volume
rs17499892	7	136692467	A	C	0.377495	-3.8774	4.7869	-0.8100022979381228	0.4179	13163	Hippocampal_Volume
rs117171326	8	39963520	G	A	0.0247093	-10.6768	17.4064	-0.6133835830499126	0.5396	11921	Hippocampal_Volume
rs4735241	8	94845898	G	A	0.513344	5.3829	5.1011	1.05524	0.2913	13163	Hippocampal_Volume
rs1491473	NA	NA	NA	NA	NA	NA	NA	NA	NA	NA	NA
rs56016904	9	5847764	A	G	0.371939	-5.1748	6.5225	-0.7933767727098505	0.4276	12964	Hippocampal_Volume
rs58982057	9	11144237	C	T	0.188385	6.2861	5.7318	1.096706095816323	0.2728	12964	Hippocampal_Volume
rs836952	9	25904637	C	T	0.0735507	8.3628	8.1773	1.0226847492448607	0.3065	13163	Hippocampal_Volume
rs74378177	9	29549992	T	C	0.0206897	10.3767	15.1196	0.6863078388317151	0.4925	12578	Hippocampal_Volume
rs7856424	9	119733595	C	T	0.289608	-2.5332	5.0760000000000005	-0.49905437352245857	0.6177	13049	Hippocampal_Volume
rs10825942	10	58720316	T	G	0.565296	-3.0261	4.9218	-0.614836	0.5387	13163	Hippocampal_Volume
rs187072707	NA	NA	NA	NA	NA	NA	NA	NA	NA	NA	NA
rs2509805	11	57650796	T	C	0.649007	-1.7936	5.2012	-0.344843	0.7302	13163	Hippocampal_Volume
rs10861729	12	107763594	C	T	0.289591	-1.6916	5.0163	-0.3372206606462931	0.7359	13163	Hippocampal_Volume
rs61356283	13	44290344	C	T	0.017598	28.2933	21.4971	1.3161449683910853	0.1881	10428	Hippocampal_Volume
rs1361500	13	47988497	T	C	0.393144	10.470999999999998	4.9344	2.1220411802853434	0.033839999999999995	13163	Hippocampal_Volume
rs12552	13	53625781	A	G	0.589422	-2.6011	4.6325	-0.561489	0.5745	13163	Hippocampal_Volume
rs80325622	13	69941408	G	A	0.0156023	3.8831	14.3688	0.27024525360503315	0.787	12126	Hippocampal_Volume
rs8012923	14	41570531	G	A	0.37222	1.3387	5.0197	0.266689244377154	0.7897	13163	Hippocampal_Volume
rs1950829	14	42097937	A	G	0.48072	-2.2291	4.6073	-0.483819	0.6285	13163	Hippocampal_Volume
rs1152589	NA	NA	NA	NA	NA	NA	NA	NA	NA	NA	NA
rs2756119	14	104001517	G	A	0.37587	-2.2668	4.8815	-0.464365461436034	0.6424	13163	Hippocampal_Volume
rs117473501	NA	NA	NA	NA	NA	NA	NA	NA	NA	NA	NA
rs77098061	15	62821294	T	C	0.127646	1.2991	7.0502	0.18426427619074634	0.8538	13163	Hippocampal_Volume
rs4776768	15	66529936	T	C	0.767442	-2.2062	5.1334	-0.429774	0.6674	13163	Hippocampal_Volume
rs11077049	16	6604090	G	A	0.0173913	-26.3536	17.1345	-1.5380431293588959	0.124	11763	Hippocampal_Volume
rs72903982	18	39152991	G	A	0.0964679	7.4358	8.0089	0.9284421081546779	0.3532	13163	Hippocampal_Volume
rs8084351	18	50726559	G	A	0.530375	-0.9403	4.5995	-0.20443526470268508	0.838	13163	Hippocampal_Volume
rs12606521	18	52451215	A	G	0.215893	-0.3837	6.0165	-0.0637746197955622	0.9491	13163	Hippocampal_Volume
rs2060886	18	53167520	T	C	0.545785	-1.353	4.6815	-0.28901	0.7726	13163	Hippocampal_Volume
rs586275	18	77573110	G	A	0.202428	-7.2615	6.1169	-1.1871209272670797	0.2352	13163	Hippocampal_Volume
rs144895331	19	4467075	T	C	0.134662	-14.9092	11.9811	-1.244393252706346	0.2134	9470	Hippocampal_Volume
rs188556780	NA	NA	NA	NA	NA	NA	NA	NA	NA	NA	NA
rs4811079	NA	NA	NA	NA	NA	NA	NA	NA	NA	NA	NA
rs117653459	NA	NA	NA	NA	NA	NA	NA	NA	NA	NA	NA
rs114923224	21	35243985	C	T	0.0867096	2.4294	9.2889	0.26153796466750634	0.7937	13055	Hippocampal_Volume
rs372519	21	46574554	G	A	0.539034	-1.1338	4.7708	-0.237654	0.8121	13163	Hippocampal_Volume
