$`Main MR results`
       Exposure       MR Analysis Causal Estimate         Sd    T-stat
1 beta.exposure               Raw      0.25326661 0.10315804 2.4551320
2 beta.exposure Outlier-corrected      0.02197263 0.04793957 0.4583401
     P-value
1 0.01584541
2 0.64778895

$`MR-PRESSO results`
$`MR-PRESSO results`$`Global Test`
$`MR-PRESSO results`$`Global Test`$RSSobs
[1] 705.7892

$`MR-PRESSO results`$`Global Test`$Pvalue
[1] "<1e-04"


$`MR-PRESSO results`$`Outlier Test`
         RSSobs  Pvalue
1  3.477854e-05       1
2  2.131274e-04       1
3  3.544955e-04       1
4  2.323477e-03  0.8712
5  1.581607e-03       1
6  2.241966e-05       1
7  7.425933e-05       1
8  9.241281e-07       1
9  1.557688e-05       1
10 6.627498e-06       1
11 6.698416e-04       1
12 6.938552e-03  0.5742
13 4.017872e-05       1
14 4.948906e-04       1
15 8.686905e-07       1
16 4.503928e-06       1
17 2.663102e-04       1
18 1.025521e-04       1
19 1.054699e-05       1
20 1.966485e-04       1
21 3.276876e-04       1
22 3.874288e-07       1
23 1.682838e-04       1
24 3.609324e-05       1
25 1.756672e-05       1
26 1.217078e-06       1
27 1.223394e-03       1
28 4.869308e-04       1
29 7.858494e-06       1
30 7.602844e-03       1
31 7.987524e-03 <0.0099
32 2.506388e-06       1
33 2.740860e-04       1
34 5.857013e-04       1
35 9.529598e-05       1
36 8.733004e-03  0.4554
37 1.333177e-03       1
38 3.080126e-04       1
39 6.303408e-04       1
40 1.139277e-06       1
41 6.129876e-04       1
42 2.399361e-04       1
43 2.474369e-05       1
44 2.002553e-04       1
45 1.806014e-02  0.7524
46 1.274285e-04       1
47 3.108041e-04       1
48 1.516869e-05       1
49 1.740274e-03       1
50 7.925769e-05       1
51 1.445318e-04       1
52 2.372224e-04       1
53 3.125485e-04       1
54 9.237781e-04       1
55 2.976609e-04       1
56 4.673382e-04       1
57 3.563881e-03       1
58 1.129899e-05       1
59 2.290265e-03  0.5445
60 7.172456e-07       1
61 2.521317e-04       1
62 8.718464e-04       1
63 4.338816e-05       1
64 6.926766e-04       1
65 4.356633e-03       1
66 1.576754e-04       1
67 1.976961e-03       1
68 1.585430e-04       1
69 7.757248e-05       1
70 2.677705e-04       1
71 4.605424e-05       1
72 1.463155e-04       1
73 2.504339e-06       1
74 7.317975e-04       1
75 3.369275e-03  0.0396
76 1.645018e-03       1
77 1.527583e-03       1
78 1.094230e-03       1
79 1.639151e-03       1
80 5.513644e-04       1
81 1.710514e-04       1
82 2.051397e-05       1
83 7.671126e-04       1
84 4.540412e-06       1
85 7.334136e-05       1
86 1.152207e-01 <0.0099
87 9.855050e-04       1
88 1.085959e+00 <0.0099
89 1.429042e-04       1
90 1.671515e-05       1
91 3.141294e-04       1
92 1.375683e-04       1
93 7.456814e-02 <0.0099
94 5.046112e-03  0.1584
95 2.850140e-04       1
96 4.976875e-05       1
97 7.431922e-03  0.0198
98 7.693375e-05       1
99 1.283770e-03       1

$`MR-PRESSO results`$`Distortion Test`
$`MR-PRESSO results`$`Distortion Test`$`Outliers Indices`
[1] 31 75 86 88 93 97

$`MR-PRESSO results`$`Distortion Test`$`Distortion Coefficient`
beta.exposure 
     1052.646 

$`MR-PRESSO results`$`Distortion Test`$Pvalue
[1] "<1e-04"



