$`Main MR results`
       Exposure       MR Analysis Causal Estimate        Sd    T-stat   P-value
1 beta.exposure               Raw      0.00860279 0.0207964 0.4136673 0.6802827
2 beta.exposure Outlier-corrected      0.01610688 0.0197929 0.8137705 0.4183526

$`MR-PRESSO results`
$`MR-PRESSO results`$`Global Test`
$`MR-PRESSO results`$`Global Test`$RSSobs
[1] 104.277

$`MR-PRESSO results`$`Global Test`$Pvalue
[1] 0.0251


$`MR-PRESSO results`$`Outlier Test`
         RSSobs Pvalue
1  4.661514e-05      1
2  6.594792e-05      1
3  2.522453e-06      1
4  1.979447e-04 0.0385
5  8.395481e-06      1
6  1.837323e-06      1
7  1.068838e-04      1
8  2.272043e-05      1
9  8.572069e-05      1
10 3.153103e-05      1
11 4.872967e-06      1
12 3.159318e-06      1
13 1.007757e-06      1
14 1.089501e-04      1
15 1.849342e-06      1
16 3.256133e-05      1
17 8.652849e-06      1
18 9.757611e-05      1
19 2.297978e-05      1
20 4.189067e-05      1
21 4.468919e-06      1
22 2.838426e-05      1
23 1.905777e-05      1
24 2.575846e-05      1
25 1.113540e-04      1
26 1.382566e-05      1
27 2.186684e-05      1
28 1.623764e-05      1
29 2.002001e-05      1
30 2.802092e-05      1
31 9.519379e-05      1
32 5.577854e-05      1
33 9.700562e-05      1
34 3.136258e-05      1
35 7.061011e-05      1
36 1.033100e-06      1
37 9.558562e-07      1
38 1.231229e-05      1
39 8.266586e-07      1
40 3.471095e-05      1
41 8.214885e-05      1
42 1.324137e-07      1
43 2.029450e-05      1
44 1.432990e-05      1
45 8.836691e-07      1
46 1.725835e-05      1
47 1.191075e-05      1
48 8.410253e-05      1
49 5.286467e-06      1
50 5.311814e-05      1
51 3.394549e-05      1
52 9.342154e-05      1
53 1.686692e-06      1
54 3.304312e-05      1
55 4.235902e-06      1
56 2.779120e-05      1
57 4.330385e-06      1
58 2.914971e-06      1
59 1.676020e-05      1
60 1.337954e-05      1
61 1.784971e-05      1
62 2.685637e-06      1
63 2.090094e-04      1
64 5.233256e-06      1
65 4.608627e-07      1
66 1.754598e-06      1
67 5.566417e-07      1
68 2.079318e-05      1
69 4.278296e-05      1
70 2.101644e-05      1
71 6.630879e-05      1
72 2.877045e-05      1
73 9.761976e-05      1
74 1.092550e-05      1
75 8.408328e-06      1
76 5.434664e-06      1
77 9.712238e-06      1

$`MR-PRESSO results`$`Distortion Test`
$`MR-PRESSO results`$`Distortion Test`$`Outliers Indices`
[1] 4

$`MR-PRESSO results`$`Distortion Test`$`Distortion Coefficient`
beta.exposure 
    -46.58934 

$`MR-PRESSO results`$`Distortion Test`$Pvalue
[1] 0.7944



