SNP	CHROM	POS	REF	ALT	AF	BETA	SE	Z	P	N	TRAIT
rs77217059	2	58989880	G	A	0.123004	-0.001092	0.005803	-0.18817852834740653	0.8507	3146	CSF_ab42
rs11693221	NA	NA	NA	NA	NA	NA	NA	NA	NA	NA	NA
rs55683518	NA	NA	NA	NA	NA	NA	NA	NA	NA	NA	NA
rs1456193	3	117637697	T	C	0.821908	0.006684	0.0051600000000000005	1.29535	0.1953	3146	CSF_ab42
rs77960	5	103964585	G	A	0.321624	0.004785	0.004458	1.0733512786002692	0.2832	3146	CSF_ab42
rs6938026	6	43185733	A	G	0.200836	0.0023420000000000003	0.005005	0.467932067932068	0.6399	3146	CSF_ab42
rs370771	NA	NA	NA	NA	NA	NA	NA	NA	NA	NA	NA
rs6984111	NA	NA	NA	NA	NA	NA	NA	NA	NA	NA	NA
rs4073582	11	66050712	G	A	0.301567	6.928e-4	0.0043	0.16111627906976744	0.872	3146	CSF_ab42
rs9576155	NA	NA	NA	NA	NA	NA	NA	NA	NA	NA	NA
rs6561715	13	53888526	T	A	0.633527	9.48e-4	0.004423	0.214334	0.8303	3146	CSF_ab42
rs4884332	13	59900365	G	A	0.628716	0.004697	0.004324000000000001	1.08626	0.2775	3146	CSF_ab42
rs4986172	17	43216281	C	T	0.338305	0.004368	0.004177	1.0457265980368686	0.2957	3146	CSF_ab42
rs7228159	18	53104253	A	T	0.728296	-0.004285	0.004279	-1.0014	0.3167	3146	CSF_ab42
