$`Main MR results`
       Exposure       MR Analysis Causal Estimate        Sd      T-stat
1 beta.exposure               Raw     -0.01251459 0.1273111 -0.09829928
2 beta.exposure Outlier-corrected              NA        NA          NA
    P-value
1 0.9218975
2        NA

$`MR-PRESSO results`
$`MR-PRESSO results`$`Global Test`
$`MR-PRESSO results`$`Global Test`$RSSobs
[1] 126.8844

$`MR-PRESSO results`$`Global Test`$Pvalue
[1] 0.0315


$`MR-PRESSO results`$`Outlier Test`
         RSSobs Pvalue
1  2.081524e-04      1
2  1.401031e-04      1
3  2.892714e-05      1
4  4.791941e-05      1
5  7.099136e-06      1
6  4.351286e-04      1
7  5.092396e-04      1
8  3.499870e-04      1
9  2.003306e-04      1
10 1.473362e-04      1
11 1.327323e-06      1
12 2.445837e-03      1
13 6.690946e-04      1
14 2.380187e-03      1
15 1.777085e-04      1
16 4.018570e-05      1
17 2.868914e-04      1
18 2.288128e-05      1
19 5.844149e-04      1
20 6.973217e-04      1
21 5.797593e-05      1
22 8.778796e-04      1
23 9.510306e-06      1
24 1.271444e-03      1
25 2.432854e-08      1
26 1.077944e-04      1
27 8.269402e-04      1
28 1.620377e-04      1
29 1.109006e-05      1
30 1.271968e-05      1
31 7.781233e-03      1
32 6.122613e-04      1
33 2.483656e-03      1
34 1.513497e-03      1
35 1.391969e-04      1
36 4.074715e-07      1
37 3.808922e-03      1
38 1.816179e-05      1
39 6.502354e-03      1
40 8.077175e-04      1
41 2.008154e-05      1
42 3.892812e-06      1
43 1.875174e-04      1
44 1.427845e-03      1
45 6.628800e-06      1
46 4.569181e-05      1
47 5.777267e-05      1
48 1.648422e-03 0.5978
49 3.053115e-05      1
50 2.252635e-04      1
51 8.965093e-06      1
52 1.375280e-05      1
53 1.210766e-04      1
54 2.852542e-04      1
55 2.129014e-03  0.245
56 8.803297e-04      1
57 1.940215e-05      1
58 3.134129e-05      1
59 2.030414e-04      1
60 1.078945e-03      1
61 3.232929e-04      1
62 1.547607e-05      1
63 1.244306e-04      1
64 1.267713e-03      1
65 1.092779e-03      1
66 1.199420e-03      1
67 5.675717e-05      1
68 8.332536e-05      1
69 9.262512e-04      1
70 1.169778e-03      1
71 1.056649e-04      1
72 5.399299e-04      1
73 1.133350e-04      1
74 4.220981e-04      1
75 2.782220e-04      1
76 1.278444e-03      1
77 9.454926e-04      1
78 1.373676e-05      1
79 8.824714e-05      1
80 2.687593e-04      1
81 2.616647e-03      1
82 4.220620e-05      1
83 4.911842e-05      1
84 1.956813e-05      1
85 5.203830e-04      1
86 1.577031e-04      1
87 1.657979e-03 0.5782
88 2.588778e-04      1
89 3.466610e-05      1
90 2.712701e-04      1
91 1.090339e-04      1
92 5.832494e-06      1
93 2.854313e-04      1
94 1.330593e-04      1
95 1.486632e-04      1
96 1.729394e-04      1
97 5.880141e-04      1
98 9.654070e-04      1

$`MR-PRESSO results`$`Distortion Test`
$`MR-PRESSO results`$`Distortion Test`$`Outliers Indices`
[1] "No significant outliers"

$`MR-PRESSO results`$`Distortion Test`$`Distortion Coefficient`
[1] NA

$`MR-PRESSO results`$`Distortion Test`$Pvalue
[1] NA



