$`Main MR results`
       Exposure       MR Analysis Causal Estimate         Sd     T-stat
1 beta.exposure               Raw     -0.01952433 0.03966917 -0.4921788
2 beta.exposure Outlier-corrected              NA         NA         NA
    P-value
1 0.6236937
2        NA

$`MR-PRESSO results`
$`MR-PRESSO results`$`Global Test`
$`MR-PRESSO results`$`Global Test`$RSSobs
[1] 132.5813

$`MR-PRESSO results`$`Global Test`$Pvalue
[1] 0.0179


$`MR-PRESSO results`$`Outlier Test`
         RSSobs Pvalue
1  4.704869e-05      1
2  5.040321e-05      1
3  3.037733e-07      1
4  2.912295e-06      1
5  4.718107e-07      1
6  1.481345e-05      1
7  2.137455e-06      1
8  1.733958e-04      1
9  2.355412e-06      1
10 2.886111e-05      1
11 8.078408e-06      1
12 4.673424e-05      1
13 5.945904e-05      1
14 1.167337e-06      1
15 6.357998e-07      1
16 1.591001e-04 0.4356
17 9.222999e-06      1
18 1.404493e-06      1
19 3.945959e-05      1
20 4.679524e-05      1
21 2.312437e-05      1
22 2.118877e-05      1
23 5.981361e-07      1
24 3.703499e-07      1
25 1.501091e-04      1
26 8.878803e-06      1
27 3.006745e-05      1
28 4.855739e-05      1
29 1.638754e-05      1
30 4.126177e-07      1
31 2.385892e-05      1
32 1.546158e-07      1
33 7.288445e-07      1
34 3.102829e-06      1
35 7.892061e-06      1
36 8.219173e-07      1
37 5.107242e-07      1
38 3.613476e-05      1
39 5.059026e-07      1
40 4.947299e-05      1
41 9.573078e-07      1
42 7.368616e-06      1
43 1.027680e-06      1
44 2.391381e-05      1
45 3.894870e-05      1
46 2.174774e-05      1
47 3.267865e-05      1
48 6.947854e-08      1
49 6.314262e-06      1
50 1.070086e-05      1
51 3.199293e-05      1
52 1.231707e-05      1
53 1.058904e-04      1
54 3.938680e-05      1
55 2.979450e-05      1
56 5.267988e-06      1
57 4.058159e-06      1
58 2.637002e-04      1
59 1.944965e-05      1
60 3.140781e-05      1
61 1.925840e-04 0.0792
62 8.863757e-05      1
63 1.359888e-05      1
64 9.682407e-06      1
65 9.182185e-06      1
66 4.780790e-05      1
67 3.586707e-05      1
68 6.483215e-06      1
69 4.247451e-05      1
70 9.615363e-05      1
71 3.340461e-05      1
72 1.398567e-05      1
73 7.121079e-07      1
74 9.474231e-09      1
75 1.183356e-05      1
76 1.269803e-05      1
77 6.401135e-05      1
78 2.232744e-05      1
79 6.914794e-05      1
80 1.173649e-06      1
81 2.306700e-05      1
82 5.733289e-04 0.4752
83 1.292349e-06      1
84 2.563508e-06      1
85 4.858160e-05      1
86 8.963356e-07      1
87 1.939190e-05      1
88 5.957484e-05      1
89 2.399236e-05      1
90 4.190843e-05      1
91 7.534380e-06      1
92 2.399667e-06      1
93 1.398917e-06      1
94 5.317398e-07      1
95 1.945549e-06      1
96 3.686454e-06      1
97 9.044553e-05      1
98 7.692560e-06      1
99 1.659764e-05      1

$`MR-PRESSO results`$`Distortion Test`
$`MR-PRESSO results`$`Distortion Test`$`Outliers Indices`
[1] "No significant outliers"

$`MR-PRESSO results`$`Distortion Test`$`Distortion Coefficient`
[1] NA

$`MR-PRESSO results`$`Distortion Test`$Pvalue
[1] NA



