$`Main MR results`
       Exposure       MR Analysis Causal Estimate        Sd    T-stat  P-value
1 beta.exposure               Raw      -0.1452505 0.1200382 -1.210035 0.227564
2 beta.exposure Outlier-corrected              NA        NA        NA       NA

$`MR-PRESSO results`
$`MR-PRESSO results`$`Global Test`
$`MR-PRESSO results`$`Global Test`$RSSobs
[1] 257.9225

$`MR-PRESSO results`$`Global Test`$Pvalue
[1] 0.0447


$`MR-PRESSO results`$`Outlier Test`
          RSSobs Pvalue
1   5.544165e-07      1
2   1.246436e-05      1
3   9.965926e-05      1
4   2.485143e-07      1
5   2.921016e-05      1
6   1.261549e-04      1
7   1.266030e-03      1
8   4.592340e-05      1
9   4.741545e-04      1
10  1.004658e-04      1
11  7.808492e-04      1
12  6.720452e-04      1
13  2.420952e-04      1
14  5.962049e-05      1
15  1.350627e-03      1
16  6.342273e-04      1
17  4.371303e-05      1
18  9.220103e-04      1
19  5.946851e-04      1
20  8.338397e-04      1
21  2.044508e-04      1
22  3.424526e-04      1
23  3.222519e-05      1
24  2.891357e-06      1
25  1.413290e-04      1
26  7.080301e-05      1
27  3.446245e-08      1
28  5.583634e-05      1
29  3.519909e-04      1
30  1.827577e-06      1
31  7.215798e-04      1
32  2.010813e-04      1
33  1.186571e-03      1
34  4.176666e-04      1
35  1.942039e-03      1
36  4.185241e-04      1
37  3.087388e-04      1
38  7.180586e-09      1
39  2.067994e-05      1
40  2.585092e-06      1
41  7.208994e-04      1
42  3.922175e-04      1
43  9.246252e-05      1
44  2.521190e-03      1
45  9.660969e-05      1
46  1.762904e-05      1
47  5.592742e-04      1
48  1.810295e-05      1
49  3.973452e-04      1
50  6.591599e-04      1
51  1.380644e-03      1
52  7.743434e-05      1
53  7.137647e-06      1
54  3.292118e-04      1
55  1.489614e-04      1
56  5.996792e-05      1
57  5.388417e-04      1
58  4.458927e-04      1
59  1.930011e-03      1
60  3.470337e-04      1
61  1.122463e-04      1
62  1.491563e-07      1
63  3.582343e-06      1
64  3.306649e-04      1
65  4.377461e-04      1
66  2.717894e-04      1
67  6.095210e-05      1
68  5.198083e-05      1
69  1.200976e-05      1
70  1.551427e-04      1
71  1.714331e-03 0.8619
72  2.103766e-04      1
73  4.297679e-04      1
74  2.204259e-04      1
75  4.088996e-04      1
76  9.224704e-03      1
77  4.027719e-05      1
78  8.080216e-04      1
79  1.408665e-04      1
80  7.377707e-07      1
81  1.340855e-04      1
82  1.881448e-03      1
83  2.804996e-06      1
84  1.040696e-03      1
85  1.641075e-03      1
86  4.020744e-04      1
87  4.905731e-06      1
88  6.674254e-06      1
89  1.886792e-04      1
90  1.516470e-03      1
91  1.023061e-04      1
92  5.478572e-04      1
93  2.489754e-04      1
94  4.595819e-04      1
95  3.760884e-04      1
96  3.478975e-04      1
97  5.636910e-05      1
98  2.258864e-04      1
99  6.121134e-04      1
100 1.133388e-04      1
101 1.193296e-03      1
102 3.030910e-05      1
103 9.000874e-06      1
104 5.281744e-05      1
105 1.259125e-05      1
106 1.097619e-05      1
107 9.393968e-06      1
108 2.929116e-04      1
109 1.090307e-05      1
110 1.651452e-06      1
111 2.667198e-04      1
112 4.392182e-05      1
113 5.508622e-06      1
114 2.323199e-05      1
115 6.625142e-04      1
116 5.122108e-05      1
117 2.535119e-04      1
118 2.802990e-04      1
119 6.232315e-04      1
120 2.579592e-04      1
121 2.466952e-04      1
122 1.098894e-04      1
123 3.546312e-07      1
124 2.914569e-04      1
125 2.827697e-05      1
126 1.263131e-03      1
127 4.622228e-05      1
128 1.905160e-04      1
129 5.317609e-04      1
130 4.406074e-04      1
131 2.474895e-04      1
132 2.293548e-03      1
133 5.293144e-04      1
134 5.445751e-04      1
135 6.103749e-07      1
136 3.118495e-04      1
137 2.094848e-04      1
138 7.945333e-05      1
139 1.903530e-04      1
140 5.564438e-04      1
141 5.459691e-04      1
142 2.117784e-04      1
143 1.191980e-04      1
144 2.909414e-05      1
145 1.336060e-04      1
146 1.225538e-05      1
147 1.688377e-04      1
148 1.401970e-06      1
149 9.820633e-04      1
150 3.905456e-05      1
151 9.504912e-04      1
152 1.044023e-09      1
153 1.146486e-05      1
154 2.772404e-04      1
155 1.389049e-07      1
156 1.918891e-03      1
157 7.605068e-04      1
158 9.064104e-06      1
159 1.327458e-03      1
160 1.953854e-04      1
161 8.235069e-05      1
162 4.378682e-04      1
163 2.394393e-07      1
164 4.472552e-04      1
165 3.870640e-06      1
166 2.364416e-04      1
167 1.749644e-04      1
168 4.753420e-04      1
169 5.309835e-04      1
170 3.997587e-04      1
171 1.780843e-04      1
172 2.265721e-04      1
173 1.480560e-04      1
174 1.756994e-06      1
175 8.804978e-05      1
176 2.608635e-05      1
177 1.732401e-05      1
178 2.843427e-03      1
179 2.563327e-03      1
180 3.860151e-04      1
181 1.097330e-03      1
182 6.734167e-06      1
183 4.136037e-04      1
184 1.406370e-04      1
185 3.191597e-05      1
186 9.349688e-06      1
187 2.247043e-04      1
188 1.594304e-04      1
189 2.190823e-04      1
190 4.212564e-04      1
191 3.546109e-04      1
192 7.349082e-04      1
193 2.775244e-05      1
194 4.380687e-06      1
195 1.671200e-04      1
196 2.326147e-04      1
197 1.274979e-04      1
198 9.333901e-05      1
199 1.253122e-03      1
200 6.129588e-04      1
201 1.157595e-03      1
202 1.866029e-04      1
203 3.478824e-06      1
204 9.877632e-03      1
205 6.023121e-04      1
206 5.202942e-08      1
207 8.480984e-04      1
208 3.912489e-07      1
209 9.147753e-04      1
210 2.027866e-05      1
211 7.117466e-05      1
212 2.917581e-05      1
213 7.108419e-06      1
214 8.722334e-04      1
215 1.044435e-03      1
216 3.592414e-04      1
217 1.877801e-04      1
218 4.476064e-04      1
219 2.896430e-04      1
220 1.797943e-05      1
221 7.616867e-06      1

$`MR-PRESSO results`$`Distortion Test`
$`MR-PRESSO results`$`Distortion Test`$`Outliers Indices`
[1] "No significant outliers"

$`MR-PRESSO results`$`Distortion Test`$`Distortion Coefficient`
[1] NA

$`MR-PRESSO results`$`Distortion Test`$Pvalue
[1] NA



