$`Main MR results`
       Exposure       MR Analysis Causal Estimate        Sd    T-stat  P-value
1 beta.exposure               Raw      -0.2305908 0.1807618 -1.275661 0.205634
2 beta.exposure Outlier-corrected              NA        NA        NA       NA

$`MR-PRESSO results`
$`MR-PRESSO results`$`Global Test`
$`MR-PRESSO results`$`Global Test`$RSSobs
[1] 116.7817

$`MR-PRESSO results`$`Global Test`$Pvalue
[1] 0.0149


$`MR-PRESSO results`$`Outlier Test`
         RSSobs Pvalue
1  2.773637e-06      1
2  6.166606e-06      1
3  1.603046e-06      1
4  1.209511e-03      1
5  1.270617e-04      1
6  7.453493e-04      1
7  2.728082e-04      1
8  4.865899e-05      1
9  6.467413e-04      1
10 6.592233e-07      1
11 5.965753e-05      1
12 6.638838e-04      1
13 3.890302e-04      1
14 2.748100e-04      1
15 9.813896e-07      1
16 7.124613e-07      1
17 3.613766e-04      1
18 7.454608e-05      1
19 2.971587e-05      1
20 5.993824e-04      1
21 1.118881e-05      1
22 7.264704e-04      1
23 1.313960e-03      1
24 1.012949e-04      1
25 2.528453e-06      1
26 3.696954e-04      1
27 7.530378e-05      1
28 5.863535e-04      1
29 1.869714e-03      1
30 3.136558e-06      1
31 7.747654e-06      1
32 3.723439e-04      1
33 2.511307e-04      1
34 7.918524e-05      1
35 2.502791e-04      1
36 4.005857e-04      1
37 1.612732e-04      1
38 1.540475e-04      1
39 1.792413e-03      1
40 6.049655e-04      1
41 5.118125e-04      1
42 3.864626e-04      1
43 4.561171e-05      1
44 1.126594e-03      1
45 6.627222e-06      1
46 1.458088e-05      1
47 3.534044e-04      1
48 2.350134e-04      1
49 3.282695e-05      1
50 2.443127e-04      1
51 5.867889e-04      1
52 1.307476e-04      1
53 1.337450e-03      1
54 1.719720e-04      1
55 4.013234e-04      1
56 4.915861e-04      1
57 3.372579e-04      1
58 1.895472e-04      1
59 1.017382e-04      1
60 5.167149e-04      1
61 1.400530e-04      1
62 1.162777e-04      1
63 8.196644e-04      1
64 3.944432e-04      1
65 4.883467e-04      1
66 2.729683e-04      1
67 4.249443e-04      1
68 5.922609e-04      1
69 2.039696e-04      1
70 2.668666e-03 0.2688
71 4.165595e-04      1
72 1.525523e-05      1
73 4.648624e-05      1
74 1.992562e-04      1
75 1.907977e-05      1
76 1.429910e-04      1
77 1.457459e-04      1
78 1.434146e-03      1
79 8.008183e-04      1
80 1.009663e-06      1
81 9.740110e-04      1
82 3.287107e-04      1
83 1.691891e-04      1
84 1.452922e-05      1

$`MR-PRESSO results`$`Distortion Test`
$`MR-PRESSO results`$`Distortion Test`$`Outliers Indices`
[1] "No significant outliers"

$`MR-PRESSO results`$`Distortion Test`$`Distortion Coefficient`
[1] NA

$`MR-PRESSO results`$`Distortion Test`$Pvalue
[1] NA



