$`Main MR results`
       Exposure       MR Analysis Causal Estimate        Sd     T-stat
1 beta.exposure               Raw     -0.01546226 0.1052571 -0.1468999
2 beta.exposure Outlier-corrected      0.02171677 0.1010064  0.2150039
    P-value
1 0.8835673
2 0.8302981

$`MR-PRESSO results`
$`MR-PRESSO results`$`Global Test`
$`MR-PRESSO results`$`Global Test`$RSSobs
[1] 110.0795

$`MR-PRESSO results`$`Global Test`$Pvalue
[1] 0.0381


$`MR-PRESSO results`$`Outlier Test`
         RSSobs Pvalue
1  6.488561e-05      1
2  6.857446e-05      1
3  3.014404e-04      1
4  7.556880e-06      1
5  4.715639e-07      1
6  3.013236e-04      1
7  8.172924e-03 0.0336
8  1.198234e-04      1
9  5.942133e-05      1
10 7.144641e-05      1
11 1.864421e-04      1
12 2.812809e-05      1
13 4.618008e-04      1
14 3.076523e-04      1
15 6.609798e-05      1
16 3.236455e-04      1
17 7.096932e-05      1
18 8.517864e-05      1
19 5.084724e-06      1
20 2.846180e-04      1
21 4.742744e-04      1
22 1.992351e-04      1
23 1.786050e-04      1
24 7.846427e-04      1
25 6.933844e-04      1
26 2.330022e-03      1
27 2.185956e-05      1
28 9.218783e-05      1
29 2.961619e-06      1
30 6.093924e-06      1
31 5.236306e-05      1
32 7.443406e-06      1
33 1.819230e-04      1
34 2.570787e-05      1
35 1.991510e-04      1
36 1.200111e-03      1
37 1.047878e-05      1
38 2.380092e-05      1
39 3.291119e-05      1
40 8.130510e-05      1
41 3.858034e-05      1
42 5.044102e-05      1
43 7.122187e-05      1
44 1.445571e-04      1
45 3.741563e-05      1
46 2.972669e-04      1
47 3.261117e-04      1
48 2.700970e-05      1
49 2.856690e-04      1
50 1.450785e-06      1
51 4.573563e-05      1
52 4.928697e-05      1
53 2.354200e-04      1
54 6.925843e-05      1
55 1.169119e-07      1
56 1.081269e-03  0.084
57 3.049736e-07      1
58 3.771489e-05      1
59 2.908957e-04      1
60 2.492808e-04      1
61 4.316638e-05      1
62 1.213371e-04      1
63 2.435957e-04      1
64 4.052759e-04      1
65 2.050687e-05      1
66 2.598669e-06      1
67 2.680691e-06      1
68 1.233010e-04      1
69 7.963289e-04      1
70 4.015190e-05      1
71 4.580776e-04      1
72 9.685971e-05      1
73 5.263130e-05      1
74 4.260759e-05      1
75 2.172459e-05      1
76 4.695475e-05      1
77 6.129437e-04 0.6888
78 9.077575e-08      1
79 3.974746e-05      1
80 1.268765e-05      1
81 2.689750e-05      1
82 3.102398e-06      1
83 3.328360e-06      1
84 4.901103e-06      1

$`MR-PRESSO results`$`Distortion Test`
$`MR-PRESSO results`$`Distortion Test`$`Outliers Indices`
[1] 7

$`MR-PRESSO results`$`Distortion Test`$`Distortion Coefficient`
beta.exposure 
    -171.1996 

$`MR-PRESSO results`$`Distortion Test`$Pvalue
[1] 0.1077



