$`Main MR results`
       Exposure       MR Analysis Causal Estimate         Sd    T-stat
1 beta.exposure               Raw      -0.1512694 0.08332095 -1.815502
2 beta.exposure Outlier-corrected      -0.1808087 0.07937274 -2.277970
     P-value
1 0.07305827
2 0.02533064

$`MR-PRESSO results`
$`MR-PRESSO results`$`Global Test`
$`MR-PRESSO results`$`Global Test`$RSSobs
[1] 125.7082

$`MR-PRESSO results`$`Global Test`$Pvalue
[1] 0.0028


$`MR-PRESSO results`$`Outlier Test`
         RSSobs  Pvalue
1  5.076705e-04       1
2  1.107942e-06       1
3  1.956370e-04       1
4  4.279713e-05       1
5  1.739200e-03  0.1596
6  4.645003e-05       1
7  5.796288e-04       1
8  4.504456e-04       1
9  1.646927e-07       1
10 2.035499e-06       1
11 4.625233e-05       1
12 2.216646e-03       1
13 6.316737e-04       1
14 2.904780e-05       1
15 5.181993e-06       1
16 4.076824e-06       1
17 1.314965e-03       1
18 1.209172e-03       1
19 7.581674e-04       1
20 8.330154e-04       1
21 5.876882e-06       1
22 5.074245e-04       1
23 1.965115e-03   0.672
24 1.316192e-06       1
25 4.240988e-04       1
26 9.531115e-05       1
27 1.060934e-04       1
28 8.419657e-05       1
29 1.752264e-04       1
30 3.109315e-04       1
31 2.418696e-04       1
32 6.354504e-04       1
33 2.584128e-04       1
34 1.852439e-04       1
35 1.369294e-03  0.7644
36 6.059188e-06       1
37 3.805579e-04       1
38 1.197806e-05       1
39 9.127266e-04       1
40 1.336577e-05       1
41 8.825852e-04       1
42 1.781915e-05       1
43 1.075366e-05       1
44 1.193956e-05       1
45 4.361972e-04       1
46 5.437197e-04       1
47 2.969146e-05       1
48 2.386339e-04       1
49 1.366261e-04       1
50 4.497803e-04       1
51 1.362815e-03       1
52 5.209537e-04       1
53 1.298665e-04       1
54 5.102087e-06       1
55 3.631884e-05       1
56 4.599925e-04       1
57 1.124564e-05       1
58 8.866795e-06       1
59 1.096836e-03       1
60 3.661401e-03 <0.0084
61 1.181382e-04       1
62 1.273702e-06       1
63 2.250211e-07       1
64 4.391274e-04       1
65 3.493473e-04       1
66 1.038382e-04       1
67 2.296378e-07       1
68 7.086399e-04       1
69 1.017411e-03       1
70 5.239622e-04       1
71 1.420300e-05       1
72 1.127803e-06       1
73 8.702559e-04       1
74 2.010566e-08       1
75 2.592242e-04       1
76 6.390695e-05       1
77 1.269693e-03       1
78 1.736718e-04       1
79 3.549117e-06       1
80 1.074638e-06       1
81 7.952378e-06       1
82 2.550688e-05       1
83 1.563335e-04       1
84 2.348791e-04       1

$`MR-PRESSO results`$`Distortion Test`
$`MR-PRESSO results`$`Distortion Test`$`Outliers Indices`
[1] 60

$`MR-PRESSO results`$`Distortion Test`$`Distortion Coefficient`
beta.exposure 
     16.33734 

$`MR-PRESSO results`$`Distortion Test`$Pvalue
[1] 0.7464



