SNP	CHROM	POS	REF	ALT	AF	BETA	SE	Z	P	N	TRAIT
rs78520929	NA	NA	NA	NA	NA	NA	NA	NA	NA	NA	NA
rs112725535	1	6494086	G	A	0.16321	0.009941	0.005519	1.8012321072658093	0.07176	3146	CSF_ab42
rs12027345	1	46239991	G	A	0.485499	0.002462	0.004111999999999999	0.5987354085603114	0.5494	3146	CSF_ab42
rs475788	1	88748147	G	A	0.681851	-3.227e-4	0.00445	-0.0725169	0.9422	3146	CSF_ab42
rs149871135	NA	NA	NA	NA	NA	NA	NA	NA	NA	NA	NA
rs112344141	1	154983036	T	G	0.037609	-0.009137000000000001	0.01125	-0.8121777777777779	0.4169	3146	CSF_ab42
rs7525101	NA	NA	NA	NA	NA	NA	NA	NA	NA	NA	NA
rs1930287	NA	NA	NA	NA	NA	NA	NA	NA	NA	NA	NA
rs823116	1	205720483	G	A	0.563362	-0.004075	0.004108	-0.991967	0.3213	3146	CSF_ab42
rs10927035	1	243703982	C	T	0.63671	0.001454	0.004343	0.334792	0.7378	3146	CSF_ab42
rs55914108	NA	NA	NA	NA	NA	NA	NA	NA	NA	NA	NA
rs6727631	2	43470408	C	T	0.158143	0.004642	0.004954999999999999	0.9368314833501515	0.3489	3146	CSF_ab42
rs354196	NA	NA	NA	NA	NA	NA	NA	NA	NA	NA	NA
rs11675512	2	104605219	A	T	0.120646	-0.006376	0.007104999999999999	-0.8973961998592541	0.3696	3146	CSF_ab42
rs1483141	2	142287827	G	T	0.619004	-0.007837	0.0041670000000000006	-1.88073	0.06012000000000001	3146	CSF_ab42
rs62188635	2	208082510	C	T	0.52243	0.001598	0.004218	0.378853	0.7049	3146	CSF_ab42
rs16848458	2	213227254	T	C	0.126323	0.0058119999999999995	0.005991	0.9701218494408278	0.332	3146	CSF_ab42
rs881026	NA	NA	NA	NA	NA	NA	NA	NA	NA	NA	NA
rs185305370	NA	NA	NA	NA	NA	NA	NA	NA	NA	NA	NA
rs13065253	3	71421814	G	T	0.316709	0.006775	0.0044470000000000004	1.5234989880818528	0.1278	3146	CSF_ab42
rs13093972	3	114987255	A	G	0.410857	-0.002195	0.004239	-0.5178108044350083	0.6047	3146	CSF_ab42
rs3942629	3	121724038	G	A	0.26123	8.611e-5	0.0049380000000000005	0.017438234102875656	0.9861	3146	CSF_ab42
rs55853808	3	182053946	A	G	0.170588	-0.01094	0.005940999999999999	-1.8414408348762836	0.06572	3146	CSF_ab42
rs35414371	4	17530692	T	A	0.141219	-0.0033979999999999995	0.005961999999999999	-0.5699429721569943	0.5687	3146	CSF_ab42
rs2140147	4	57792682	G	A	0.614865	0.006253	0.004104	1.52364	0.1277	3146	CSF_ab42
rs10475169	5	2555514	A	C	0.126722	3.157e-4	0.006354	0.049685237645577585	0.9604	3146	CSF_ab42
rs143557844	NA	NA	NA	NA	NA	NA	NA	NA	NA	NA	NA
rs6453022	5	73076511	C	A	0.477856	-0.01162	0.003997	-2.90718	0.0036729999999999996	3146	CSF_ab42
rs59247093	5	91832192	G	A	0.421455	-0.0012900000000000001	0.004277	-0.3016132803366846	0.7629	3146	CSF_ab42
rs306574	5	94049523	A	G	0.505087	-2.674e-4	0.0040030000000000005	-0.0667999	0.9467	3146	CSF_ab42
rs7706429	5	107586783	A	G	0.759098	-0.001998	0.004398	-0.454297	0.6495	3146	CSF_ab42
rs13171669	5	148601243	A	G	0.387659	-1.0669999999999999e-4	0.004326	-0.02466481738326398	0.9803	3146	CSF_ab42
rs72828337	5	149042673	T	A	0.0990207	0.006182	0.006808	0.9080493537015276	0.3639	3146	CSF_ab42
rs7702534	5	158857473	T	G	0.771885	-0.001803	0.0048460000000000005	-0.372059	0.7099	3146	CSF_ab42
rs112467094	5	168960943	G	T	0.0598859	0.001537	0.009156999999999998	0.16784973244512397	0.8667	3146	CSF_ab42
rs4976666	5	176358608	T	C	0.921291	1.403e-4	0.006566	0.0213677	0.9829	3146	CSF_ab42
rs12660376	6	16771451	T	C	0.0223393	0.006658	0.01195	0.5571548117154811	0.5776	3146	CSF_ab42
rs1928176	6	21968899	A	G	0.49582	-0.004771	0.004203	-1.1351415655484178	0.2564	3146	CSF_ab42
rs13204736	NA	NA	NA	NA	NA	NA	NA	NA	NA	NA	NA
rs62646255	NA	NA	NA	NA	NA	NA	NA	NA	NA	NA	NA
rs217287	6	84407466	C	T	0.460436	0.005706	0.004118	1.3856240893637688	0.1659	3146	CSF_ab42
rs7755649	6	107818864	G	A	0.860131	-0.004033	0.005392	-0.74796	0.4545	3146	CSF_ab42
rs9493627	6	133789728	G	A	0.295926	0.005591	0.00427	1.3093676814988289	0.1905	3146	CSF_ab42
rs6934436	6	136257057	G	A	0.405229	0.005295	0.004013	1.3194617493147272	0.1871	3146	CSF_ab42
rs2236401	6	158504981	C	T	0.500911	0.004661	0.004054	1.14973	0.2503	3146	CSF_ab42
rs55906803	7	3712744	C	T	0.338863	0.002761	0.0041649999999999994	0.662905162064826	0.5074	3146	CSF_ab42
rs11773306	7	19987449	G	C	0.322508	-0.006136	0.004306	-1.4249883882954018	0.1542	3146	CSF_ab42
rs4947828	7	50805115	T	G	0.770334	0.001737	0.004995	0.347748	0.7281	3146	CSF_ab42
rs13247891	NA	NA	NA	NA	NA	NA	NA	NA	NA	NA	NA
rs274625	7	86276142	C	A	0.554024	0.005122	0.0041670000000000006	1.22918	0.2191	3146	CSF_ab42
rs12537384	7	115025708	T	C	0.400775	0.002345	0.00419	0.5596658711217183	0.5757	3146	CSF_ab42
rs7780696	7	138473889	C	T	0.604221	-0.00595	0.0040880000000000005	-1.45548	0.1457	3146	CSF_ab42
rs9691831	7	138498348	A	G	0.559397	3.606e-4	0.004249	0.084867	0.9324	3146	CSF_ab42
rs3890736	8	21532239	G	A	0.399126	-0.006022	0.004278	-1.4076671341748481	0.1593	3146	CSF_ab42
rs57918891	8	38048137	G	A	0.191134	-0.007092	0.004699	-1.5092572887848479	0.1313	3146	CSF_ab42
rs76837345	8	82668818	A	G	0.0622279	-0.0112	0.008479	-1.3209104847269724	0.1865	3146	CSF_ab42
rs200089766	NA	NA	NA	NA	NA	NA	NA	NA	NA	NA	NA
rs66614869	8	121056428	G	A	0.394862	9.676e-4	0.004219	0.22934344631429252	0.8186	3146	CSF_ab42
rs1962104	NA	NA	NA	NA	NA	NA	NA	NA	NA	NA	NA
rs516609	9	78069679	C	T	0.130585	-0.0025670000000000003	0.005932	-0.4327376938637897	0.6653	3146	CSF_ab42
rs12156559	NA	NA	NA	NA	NA	NA	NA	NA	NA	NA	NA
rs7849229	9	135475937	C	T	0.121366	0.002169	0.0066	0.3286363636363636	0.7425	3146	CSF_ab42
rs12781051	NA	NA	NA	NA	NA	NA	NA	NA	NA	NA	NA
rs4948502	10	63839417	T	C	0.410247	-0.005826	0.004103	-1.4199366317328783	0.1557	3146	CSF_ab42
rs2270550	NA	NA	NA	NA	NA	NA	NA	NA	NA	NA	NA
rs11596052	NA	NA	NA	NA	NA	NA	NA	NA	NA	NA	NA
rs1097215	10	94787804	G	A	0.455754	-0.0025	0.004261	-0.5867167331612297	0.5574	3146	CSF_ab42
rs12570859	10	104257226	C	T	0.542243	-0.004065	0.004105	-0.990256	0.3221	3146	CSF_ab42
rs7089120	10	126627280	T	C	0.737218	0.002218	0.00489	0.453579	0.6502	3146	CSF_ab42
rs10901863	NA	NA	NA	NA	NA	NA	NA	NA	NA	NA	NA
rs55635402	11	8056913	A	G	0.218944	-0.006648	0.0052899999999999996	-1.256710775047259	0.209	3146	CSF_ab42
rs141403654	NA	NA	NA	NA	NA	NA	NA	NA	NA	NA	NA
rs2878346	NA	NA	NA	NA	NA	NA	NA	NA	NA	NA	NA
rs147893329	NA	NA	NA	NA	NA	NA	NA	NA	NA	NA	NA
rs566673	11	66401373	T	G	0.413297	0.003782	0.004183	0.9041357877121683	0.3659	3146	CSF_ab42
rs7951935	11	89030399	G	T	0.356336	-0.001535	0.004252000000000001	-0.3610065851364063	0.718	3146	CSF_ab42
rs67307131	NA	NA	NA	NA	NA	NA	NA	NA	NA	NA	NA
rs56126089	12	91764837	C	T	0.189135	0.007626000000000001	0.0053549999999999995	1.424089635854342	0.1545	3146	CSF_ab42
rs7313797	12	109896165	T	C	0.502217	0.006547	0.004089	1.6011249694301786	0.1094	3146	CSF_ab42
rs12304875	12	117591404	C	T	0.49927	0.005017	0.004084	1.2284524975514202	0.2194	3146	CSF_ab42
rs17440433	12	118639312	G	A	0.154334	-0.006201	0.006063000000000001	-1.0227610094012864	0.3065	3146	CSF_ab42
rs35887622	NA	NA	NA	NA	NA	NA	NA	NA	NA	NA	NA
rs12552	13	53625781	A	G	0.589422	0.005431	0.004259000000000001	1.27518	0.2024	3146	CSF_ab42
rs9530470	13	76416638	G	A	0.614	-0.001232	0.004220000000000001	-0.291943	0.7704	3146	CSF_ab42
rs56076859	NA	NA	NA	NA	NA	NA	NA	NA	NA	NA	NA
rs9517282	13	99059183	C	A	0.509815	-0.008792	0.004232	-2.0775	0.03784	3146	CSF_ab42
rs4417423	13	111115854	G	A	0.581573	0.002706	0.004098	0.660322	0.5091	3146	CSF_ab42
rs1566129	14	52514912	T	C	0.642468	0.00496	0.004065	1.22017	0.2224	3146	CSF_ab42
rs4519287	14	73961821	T	C	0.211149	0.00128	0.004652	0.2751504729148754	0.7832	3146	CSF_ab42
rs62015206	NA	NA	NA	NA	NA	NA	NA	NA	NA	NA	NA
rs12898997	15	75090349	C	T	0.604502	0.00181	0.004268999999999999	0.423987	0.6716	3146	CSF_ab42
rs67802907	NA	NA	NA	NA	NA	NA	NA	NA	NA	NA	NA
rs4132250	15	89229000	C	G	0.184956	0.0021420000000000002	0.0049039999999999995	0.4367862969004895	0.6623	3146	CSF_ab42
rs4786087	16	6203162	A	C	0.528334	7.382e-5	0.00409	0.0180489	0.9856	3146	CSF_ab42
rs34560935	16	11354723	A	G	0.156681	0.003168	0.005312	0.5963855421686747	0.551	3146	CSF_ab42
rs72801832	16	53491171	T	C	0.0911873	0.005964	0.004549	1.311057375247307	0.19	3146	CSF_ab42
rs62033400	16	53811788	A	G	0.434617	0.004091	0.0042049999999999995	0.9728894173602854	0.3307	3146	CSF_ab42
rs78528263	16	55492759	T	A	0.21751	9.076e-4	0.004906000000000001	0.18499796167957602	0.8532	3146	CSF_ab42
rs12938775	17	2574821	G	A	0.475699	0.004921	0.004107	1.1981981981981982	0.2309	3146	CSF_ab42
rs17671352	17	7127718	T	C	0.65	0.007912	0.004121	1.91992	0.05496	3146	CSF_ab42
rs9797112	NA	NA	NA	NA	NA	NA	NA	NA	NA	NA	NA
rs382362	NA	NA	NA	NA	NA	NA	NA	NA	NA	NA	NA
rs4794426	17	46167874	C	T	0.833999	-0.01192	0.005381	-2.2152	0.026860000000000002	3146	CSF_ab42
rs4611552	18	52636091	T	C	0.235668	-0.008799	0.004947999999999999	-1.778294260307195	0.07547999999999999	3146	CSF_ab42
rs10423793	NA	NA	NA	NA	NA	NA	NA	NA	NA	NA	NA
rs12976445	NA	NA	NA	NA	NA	NA	NA	NA	NA	NA	NA
rs1189966	20	26237858	G	A	0.721788	0.007538	0.004557	1.65416	0.09819	3146	CSF_ab42
rs475142	NA	NA	NA	NA	NA	NA	NA	NA	NA	NA	NA
rs132929	22	38487002	G	A	0.43607	-0.004143	0.004071	-1.0176860722181282	0.3089	3146	CSF_ab42
rs6519367	NA	NA	NA	NA	NA	NA	NA	NA	NA	NA	NA
rs36062310	NA	NA	NA	NA	NA	NA	NA	NA	NA	NA	NA
