$`Main MR results`
       Exposure       MR Analysis Causal Estimate         Sd     T-stat
1 beta.exposure               Raw     -0.01967764 0.03336845 -0.5897081
2 beta.exposure Outlier-corrected     -0.01418295 0.03142050 -0.4513914
    P-value
1 0.5567575
2 0.6527255

$`MR-PRESSO results`
$`MR-PRESSO results`$`Global Test`
$`MR-PRESSO results`$`Global Test`$RSSobs
[1] 160.5767

$`MR-PRESSO results`$`Global Test`$Pvalue
[1] 1e-04


$`MR-PRESSO results`$`Outlier Test`
         RSSobs  Pvalue
1  1.268594e-04       1
2  2.636630e-04       1
3  7.460454e-05       1
4  4.620196e-05       1
5  2.780838e-08       1
6  1.671719e-05       1
7  2.492381e-04       1
8  5.704012e-06       1
9  1.882137e-04       1
10 5.905989e-05       1
11 6.622233e-06       1
12 3.434741e-07       1
13 1.044637e-05       1
14 3.121825e-04       1
15 1.109592e-04       1
16 4.027851e-04       1
17 3.836933e-05       1
18 1.464847e-04       1
19 1.737235e-03 <0.0098
20 1.873927e-04       1
21 1.643390e-06       1
22 4.755267e-05       1
23 7.767666e-04       1
24 6.234821e-05       1
25 3.526893e-09       1
26 2.053897e-05       1
27 8.823996e-04       1
28 6.425316e-04  0.5978
29 8.620744e-05       1
30 4.635438e-04       1
31 6.249643e-05       1
32 6.587369e-06       1
33 1.889833e-04       1
34 3.147689e-05       1
35 5.831146e-05       1
36 1.656538e-04       1
37 2.028677e-04       1
38 7.367325e-06       1
39 1.659138e-04       1
40 3.463993e-04       1
41 1.318004e-05       1
42 3.508039e-06       1
43 9.164799e-05       1
44 5.323180e-05       1
45 3.403940e-04       1
46 6.881252e-05       1
47 2.291875e-05       1
48 1.823113e-03       1
49 1.490301e-04       1
50 8.337175e-06       1
51 1.359147e-03  0.2744
52 3.277076e-06       1
53 1.592864e-07       1
54 6.313411e-05       1
55 1.869788e-04       1
56 2.357491e-04       1
57 1.302249e-04       1
58 6.035790e-04   0.539
59 4.547325e-05       1
60 1.253229e-04       1
61 8.482141e-05       1
62 4.416800e-06       1
63 3.888075e-05       1
64 3.793250e-04       1
65 1.393507e-11       1
66 4.111872e-04       1
67 1.039997e-05       1
68 2.725465e-05       1
69 1.422152e-04       1
70 1.119133e-04       1
71 3.928218e-04       1
72 6.808320e-05       1
73 2.657098e-04       1
74 1.096265e-04       1
75 1.358501e-05       1
76 5.629090e-04       1
77 8.921109e-06       1
78 1.083216e-04       1
79 5.610442e-06       1
80 7.930809e-05       1
81 1.315832e-04       1
82 6.504991e-05       1
83 6.266924e-04       1
84 5.362414e-05       1
85 5.671951e-06       1
86 5.759657e-04       1
87 7.326507e-07       1
88 8.816151e-06       1
89 1.525050e-05       1
90 4.759546e-05       1
91 1.854000e-06       1
92 8.985359e-06       1
93 3.255793e-04       1
94 8.398427e-07       1
95 2.725601e-04       1
96 4.681933e-05       1
97 2.933333e-04       1
98 3.778267e-05       1

$`MR-PRESSO results`$`Distortion Test`
$`MR-PRESSO results`$`Distortion Test`$`Outliers Indices`
[1] 19

$`MR-PRESSO results`$`Distortion Test`$`Distortion Coefficient`
beta.exposure 
    -38.74157 

$`MR-PRESSO results`$`Distortion Test`$Pvalue
[1] 0.7234



