$`Main MR results`
       Exposure       MR Analysis Causal Estimate         Sd     T-stat
1 beta.exposure               Raw    0.0031863869 0.01558391 0.20446642
2 beta.exposure Outlier-corrected    0.0006963965 0.01517913 0.04587856
    P-value
1 0.8383473
2 0.9634866

$`MR-PRESSO results`
$`MR-PRESSO results`$`Global Test`
$`MR-PRESSO results`$`Global Test`$RSSobs
[1] 179.8313

$`MR-PRESSO results`$`Global Test`$Pvalue
[1] 1e-04


$`MR-PRESSO results`$`Outlier Test`
          RSSobs Pvalue
1   1.913548e-04      1
2   1.736239e-04      1
3   1.183635e-04      1
4   9.473560e-06      1
5   2.007344e-05      1
6   3.272288e-05      1
7   2.580356e-05      1
8   1.939518e-04      1
9   1.680342e-04      1
10  3.475292e-05      1
11  1.388922e-05      1
12  2.000663e-05      1
13  1.848503e-05      1
14  5.661479e-04      1
15  1.160960e-04      1
16  5.533886e-05      1
17  5.087893e-05      1
18  5.891519e-05      1
19  9.477196e-05      1
20  4.189822e-04      1
21  1.060066e-05      1
22  1.556709e-05      1
23  8.484588e-05      1
24  7.655155e-05      1
25  9.684837e-05      1
26  1.920394e-08      1
27  4.011268e-04      1
28  3.742044e-05      1
29  9.773244e-06      1
30  2.961395e-04      1
31  5.138739e-05      1
32  9.976483e-06      1
33  3.107577e-05      1
34  1.498015e-05      1
35  2.816331e-03 0.0351
36  4.543761e-05      1
37  4.264236e-05      1
38  7.719454e-04      1
39  4.022794e-04      1
40  4.698230e-05      1
41  4.290146e-04      1
42  4.494492e-04      1
43  1.602854e-03      1
44  3.845079e-05      1
45  3.180234e-04      1
46  3.431239e-05      1
47  1.480376e-05      1
48  2.705574e-05      1
49  8.608152e-05      1
50  9.474604e-04      1
51  2.256138e-04      1
52  7.066957e-04      1
53  7.298955e-06      1
54  3.496943e-05      1
55  6.131570e-06      1
56  2.857288e-05      1
57  9.026032e-09      1
58  2.667485e-06      1
59  8.629014e-05      1
60  2.547312e-04      1
61  5.199934e-04      1
62  1.632078e-04      1
63  4.554698e-05      1
64  2.249802e-04      1
65  8.814751e-05      1
66  1.624631e-04      1
67  4.825473e-04      1
68  2.257694e-05      1
69  1.125063e-05      1
70  4.726441e-06      1
71  2.018957e-04      1
72  3.134682e-05      1
73  2.213087e-04      1
74  3.897800e-06      1
75  6.631226e-04 0.9594
76  2.117076e-04      1
77  1.050032e-04      1
78  5.250970e-05      1
79  3.265368e-07      1
80  6.963923e-05      1
81  1.915666e-04      1
82  8.865085e-05      1
83  1.365857e-04      1
84  1.488961e-04      1
85  2.063312e-07      1
86  2.300183e-04      1
87  1.872901e-06      1
88  1.496380e-05      1
89  9.548519e-06      1
90  2.857896e-04      1
91  1.437582e-05      1
92  2.822935e-04      1
93  9.032420e-05      1
94  1.122563e-04      1
95  2.508856e-04      1
96  1.268632e-04      1
97  1.426371e-03      1
98  6.187670e-05      1
99  3.759677e-04      1
100 2.341807e-05      1
101 6.145953e-06      1
102 4.501445e-04      1
103 3.921815e-06      1
104 1.169339e-03      1
105 1.324539e-07      1
106 1.315359e-05      1
107 2.318199e-04      1
108 1.064096e-04      1
109 2.267989e-04      1
110 5.548773e-05      1
111 2.035510e-04      1
112 7.986935e-06      1
113 2.027546e-05      1
114 1.236878e-04      1
115 8.685195e-05      1
116 5.227510e-06      1
117 7.668655e-05      1

$`MR-PRESSO results`$`Distortion Test`
$`MR-PRESSO results`$`Distortion Test`$`Outliers Indices`
[1] 35

$`MR-PRESSO results`$`Distortion Test`$`Distortion Coefficient`
beta.exposure 
     357.5536 

$`MR-PRESSO results`$`Distortion Test`$Pvalue
[1] 0.0446



