$`Main MR results`
       Exposure       MR Analysis Causal Estimate         Sd   T-stat   P-value
1 beta.exposure               Raw      0.02136651 0.01377826 1.550741 0.1240917
2 beta.exposure Outlier-corrected      0.01319922 0.01218014 1.083667 0.2811445

$`MR-PRESSO results`
$`MR-PRESSO results`$`Global Test`
$`MR-PRESSO results`$`Global Test`$RSSobs
[1] 178.2107

$`MR-PRESSO results`$`Global Test`$Pvalue
[1] "<1e-04"


$`MR-PRESSO results`$`Outlier Test`
          RSSobs  Pvalue
1   7.132135e-07       1
2   2.069214e-07       1
3   9.478995e-07       1
4   1.148324e-06       1
5   1.171588e-06       1
6   3.931747e-06       1
7   6.845312e-07       1
8   9.792707e-08       1
9   8.735787e-08       1
10  6.971958e-06       1
11  2.051635e-07       1
12  2.443195e-08       1
13  2.721039e-06       1
14  1.199900e-07       1
15  1.078317e-06       1
16  1.313537e-06       1
17  3.018518e-07       1
18  4.472507e-07       1
19  8.840676e-06       1
20  2.805915e-06       1
21  4.227632e-06       1
22  1.740654e-05 <0.0102
23  4.420568e-07       1
24  3.464715e-06       1
25  4.408996e-09       1
26  1.607265e-06       1
27  2.358373e-06       1
28  1.397418e-07       1
29  2.778299e-06       1
30  9.072260e-07       1
31  1.098384e-05       1
32  1.698462e-07       1
33  1.636207e-07       1
34  3.758926e-07       1
35  7.099340e-07       1
36  1.972762e-07       1
37  2.489153e-07       1
38  6.414487e-07       1
39  1.979730e-06       1
40  2.955964e-09       1
41  1.164482e-06       1
42  7.602523e-08       1
43  1.200787e-06       1
44  5.661537e-07       1
45  1.115882e-07       1
46  8.492875e-08       1
47  6.597491e-09       1
48  2.678866e-08       1
49  1.448549e-07       1
50  3.067518e-05 <0.0102
51  5.533238e-07       1
52  1.798618e-06       1
53  2.499175e-06       1
54  2.431059e-06       1
55  2.217765e-08       1
56  8.145421e-09       1
57  1.217051e-07       1
58  9.390983e-07       1
59  4.127602e-07       1
60  2.046586e-06       1
61  3.639931e-07       1
62  2.849087e-07       1
63  8.607368e-06       1
64  3.778867e-08       1
65  3.409976e-07       1
66  1.612774e-06       1
67  2.419974e-06       1
68  2.314617e-08       1
69  4.169995e-07       1
70  4.159651e-07       1
71  4.033223e-07       1
72  2.457584e-06       1
73  2.125299e-07       1
74  1.918670e-07       1
75  2.753792e-07       1
76  5.060413e-06   0.663
77  4.352250e-06  0.8466
78  2.972457e-07       1
79  2.654937e-08       1
80  5.085001e-06       1
81  4.974365e-07       1
82  4.239406e-07       1
83  1.323029e-07       1
84  1.342537e-06       1
85  1.534652e-07       1
86  7.324418e-07       1
87  1.620618e-06       1
88  6.732503e-07       1
89  2.229193e-07       1
90  3.710417e-09       1
91  1.743586e-06       1
92  6.538188e-08       1
93  1.497659e-06       1
94  2.447558e-06       1
95  2.989798e-07       1
96  1.653367e-06       1
97  1.232137e-07       1
98  1.440849e-07       1
99  2.840253e-07       1
100 7.096976e-07       1
101 2.997641e-07       1
102 1.367148e-06       1

$`MR-PRESSO results`$`Distortion Test`
$`MR-PRESSO results`$`Distortion Test`$`Outliers Indices`
[1] 22 50

$`MR-PRESSO results`$`Distortion Test`$`Distortion Coefficient`
beta.exposure 
     61.87711 

$`MR-PRESSO results`$`Distortion Test`$Pvalue
[1] 0.2594



