$`Main MR results`
       Exposure       MR Analysis Causal Estimate         Sd     T-stat
1 beta.exposure               Raw     -0.19056009 0.19909873 -0.9571136
2 beta.exposure Outlier-corrected     -0.03353642 0.05156237 -0.6504050
    P-value
1 0.3407730
2 0.5169526

$`MR-PRESSO results`
$`MR-PRESSO results`$`Global Test`
$`MR-PRESSO results`$`Global Test`$RSSobs
[1] 2361.702

$`MR-PRESSO results`$`Global Test`$Pvalue
[1] "<1e-04"


$`MR-PRESSO results`$`Outlier Test`
          RSSobs  Pvalue
1   5.427026e-05       1
2   1.595725e-07       1
3   3.033837e-04       1
4   1.077766e-03       1
5   9.964164e-05       1
6   4.241383e-04       1
7   1.031500e-04       1
8   1.574014e-04       1
9   3.912233e-05       1
10  1.052237e-05       1
11  1.608027e-03       1
12  1.592182e-03       1
13  8.021465e-05       1
14  1.064761e-03       1
15  7.326374e-04       1
16  8.552089e-04       1
17  1.176737e-03       1
18  2.471015e-05       1
19  4.867621e-05       1
20  6.192995e-04       1
21  5.391322e-05       1
22  5.496071e-05       1
23  1.425616e-03       1
24  1.357831e-03       1
25  8.508629e-04       1
26  2.282282e-05       1
27  1.062666e-06       1
28  4.361695e-04       1
29  1.147445e-03       1
30  9.883862e-05       1
31  1.118217e-03       1
32  5.481887e-05       1
33  5.568893e-05       1
34  1.286141e-03       1
35  6.145860e-03 <0.0103
36  1.814782e-04       1
37  3.446791e-03  0.1442
38  5.268464e-06       1
39  1.434384e-03       1
40  1.591479e-04       1
41  2.293422e-06       1
42  5.418040e-03       1
43  1.085544e+00 <0.0103
44  1.114593e-03       1
45  7.591972e-04       1
46  2.986422e-03       1
47  3.352643e-04       1
48  5.179563e-04       1
49  1.185601e-02 <0.0103
50  5.162443e-05       1
51  1.345252e-03       1
52  1.915605e-03       1
53  9.661030e-04       1
54  4.241877e-04       1
55  3.376039e-05       1
56  1.282907e-04       1
57  2.648150e-03  0.9373
58  1.532045e-07       1
59  2.250691e-04       1
60  2.341180e-05       1
61  9.359001e-05       1
62  2.063000e-05       1
63  8.973029e-04       1
64  3.842867e-04       1
65  2.092260e-04       1
66  6.902810e-06       1
67  3.142780e-03       1
68  2.626674e-05       1
69  2.255539e-06       1
70  2.355763e-05       1
71  3.124252e-12       1
72  1.309606e-04       1
73  2.916081e-04       1
74  1.710381e-03       1
75  1.589777e-03       1
76  3.320529e-05       1
77  4.124524e-04       1
78  4.794186e-04       1
79  3.368518e-05       1
80  7.610922e-04       1
81  6.265720e-04       1
82  1.097249e-03       1
83  1.008815e-03       1
84  1.635020e-03       1
85  1.632434e-03       1
86  1.106421e-04       1
87  5.445653e-04       1
88  6.890654e-04       1
89  5.276793e-03  0.0206
90  1.949823e-03  0.5974
91  1.630937e-03       1
92  2.821808e-04       1
93  3.630970e-05       1
94  9.617686e-04       1
95  6.507624e-05       1
96  8.311515e-04       1
97  5.486328e-04       1
98  1.529746e-04       1
99  3.848633e-04       1
100 2.294348e-03       1
101 9.906272e-05       1
102 1.175001e-03       1
103 1.779363e-03       1

$`MR-PRESSO results`$`Distortion Test`
$`MR-PRESSO results`$`Distortion Test`$`Outliers Indices`
[1] 35 43 49 89

$`MR-PRESSO results`$`Distortion Test`$`Distortion Coefficient`
beta.exposure 
    -468.2183 

$`MR-PRESSO results`$`Distortion Test`$Pvalue
[1] 1e-04



