$`Main MR results`
       Exposure       MR Analysis Causal Estimate        Sd    T-stat   P-value
1 beta.exposure               Raw       0.0960496 0.1077705 0.8912425 0.3733646
2 beta.exposure Outlier-corrected              NA        NA        NA        NA

$`MR-PRESSO results`
$`MR-PRESSO results`$`Global Test`
$`MR-PRESSO results`$`Global Test`$RSSobs
[1] 427.3508

$`MR-PRESSO results`$`Global Test`$Pvalue
[1] 0.0498


$`MR-PRESSO results`$`Outlier Test`
          RSSobs Pvalue
1   2.448555e-05      1
2   3.854658e-05      1
3   1.813194e-04      1
4   1.544236e-06      1
5   1.001585e-06      1
6   1.635249e-06      1
7   3.735494e-05      1
8   1.164885e-04      1
9   3.576864e-06      1
10  2.011864e-05      1
11  3.453783e-03      1
12  4.702317e-05      1
13  6.667123e-05      1
14  3.456990e-06      1
15  4.465327e-07      1
16  8.644778e-05      1
17  2.281501e-07      1
18  5.976442e-05      1
19  4.218345e-04      1
20  2.358892e-04      1
21  2.574327e-04      1
22  4.270480e-04      1
23  4.339419e-04      1
24  4.803034e-05      1
25  1.411513e-06      1
26  1.839545e-04      1
27  5.081825e-05      1
28  2.199415e-04      1
29  4.658882e-09      1
30  4.456756e-04      1
31  6.129099e-05      1
32  2.876802e-04      1
33  2.984707e-05      1
34  5.426636e-05      1
35  1.029398e-06      1
36  8.659071e-06      1
37  7.358349e-08      1
38  1.586435e-04      1
39  2.302498e-04      1
40  8.265824e-05      1
41  3.721158e-05      1
42  2.025522e-05      1
43  1.653428e-04      1
44  5.995541e-04      1
45  3.139282e-04      1
46  9.644163e-06      1
47  4.907473e-04      1
48  3.442513e-06      1
49  6.431858e-06      1
50  2.388739e-07      1
51  5.039145e-03      1
52  1.794255e-05      1
53  1.420525e-03      1
54  2.228228e-04      1
55  3.455471e-04      1
56  7.038355e-05      1
57  4.822616e-04      1
58  1.234851e-04      1
59  5.923656e-05      1
60  6.987732e-08      1
61  5.156807e-06      1
62  3.803942e-05      1
63  1.765749e-04      1
64  1.292344e-04      1
65  4.153298e-05      1
66  2.500880e-09      1
67  2.150794e-04      1
68  4.840869e-04      1
69  9.238311e-05      1
70  4.790630e-04      1
71  8.097051e-06      1
72  6.313737e-05      1
73  8.553083e-05      1
74  4.879079e-05      1
75  1.438753e-07      1
76  8.375659e-05      1
77  1.540133e-05      1
78  3.590585e-06      1
79  1.133241e-04      1
80  1.026101e-04      1
81  8.449649e-08      1
82  3.225170e-05      1
83  3.111657e-04      1
84  3.745331e-04      1
85  7.408723e-05      1
86  3.125298e-04      1
87  3.560941e-05      1
88  7.813290e-07      1
89  8.231400e-09      1
90  6.265664e-05      1
91  1.386299e-04      1
92  5.614991e-04      1
93  1.390520e-04      1
94  2.040704e-05      1
95  1.093462e-04      1
96  3.217357e-05      1
97  1.650132e-05      1
98  4.490724e-05      1
99  1.311571e-05      1
100 2.037735e-05      1
101 1.018423e-07      1
102 1.571548e-05      1
103 1.793638e-05      1
104 1.469527e-04      1
105 1.265145e-05      1
106 1.411082e-04      1
107 5.404815e-05      1
108 1.365964e-05      1
109 2.536607e-08      1
110 6.745735e-07      1
111 3.857846e-08      1
112 4.088185e-04      1
113 1.610610e-06      1
114 5.185138e-04      1
115 7.689351e-07      1
116 3.949677e-04      1
117 6.253755e-04      1
118 3.876369e-04      1
119 3.689269e-07      1
120 6.218284e-05      1
121 2.093363e-05      1
122 1.779452e-04      1
123 3.294828e-05      1
124 6.313547e-04      1
125 1.251018e-04      1
126 5.836869e-07      1
127 4.051306e-06      1
128 1.329627e-05      1
129 7.643707e-06      1
130 8.871520e-05      1
131 1.359088e-05      1
132 2.682649e-04      1
133 9.745447e-05      1
134 1.188484e-05      1
135 5.077696e-05      1
136 2.057451e-04      1
137 2.227585e-02      1
138 8.127043e-05      1
139 2.326897e-04      1
140 9.639466e-06      1
141 2.535539e-04      1
142 3.428219e-04      1
143 3.703551e-04      1
144 1.482556e-04      1
145 9.851500e-07      1
146 5.745246e-05      1
147 1.549412e-06      1
148 1.377454e-04      1
149 8.827130e-04      1
150 3.565391e-04      1
151 1.047230e-04      1
152 4.709422e-05      1
153 4.129087e-04      1
154 1.357288e-06      1
155 9.237825e-05      1
156 9.519709e-05      1
157 1.144778e-04      1
158 1.364564e-04      1
159 9.622175e-06      1
160 2.656071e-04      1
161 1.240978e-04      1
162 6.934818e-06      1
163 2.765538e-05      1
164 2.251258e-04      1
165 3.096419e-04      1
166 6.521068e-05      1
167 4.748513e-06      1
168 3.056889e-05      1
169 4.368301e-05      1
170 1.925853e-05      1
171 1.437379e-05      1
172 1.417513e-04      1
173 3.538762e-06      1
174 1.582406e-04      1
175 2.066441e-05      1
176 4.929525e-06      1
177 1.000830e-05      1
178 8.967685e-06      1
179 9.182971e-07      1
180 8.529906e-05      1
181 2.922370e-05      1
182 1.762877e-05      1
183 4.897928e-06      1
184 4.151581e-04      1
185 7.944443e-05      1
186 3.208256e-06      1
187 4.134683e-04      1
188 3.192416e-07      1
189 1.639012e-06      1
190 1.242277e-04      1
191 5.542783e-04      1
192 3.684613e-04      1
193 7.594772e-05      1
194 2.930929e-04      1
195 1.482724e-04      1
196 1.096834e-05      1
197 1.129672e-04      1
198 8.351434e-05      1
199 1.902746e-06      1
200 3.735598e-05      1
201 5.543356e-05      1
202 1.293011e-04      1
203 5.138614e-04      1
204 1.279850e-04      1
205 1.111223e-04      1
206 1.948501e-04      1
207 1.383243e-04      1
208 3.075083e-05      1
209 3.325072e-04      1
210 1.855557e-04      1
211 1.748518e-06      1
212 2.911743e-05      1
213 2.194626e-04      1
214 8.638425e-05      1
215 2.764519e-04      1
216 2.702262e-05      1
217 5.139694e-05      1
218 5.645619e-06      1
219 4.714847e-06      1
220 5.167582e-06      1
221 7.667780e-04      1
222 2.436489e-06      1
223 1.523088e-05      1
224 6.395901e-05      1
225 2.037724e-04      1
226 9.937135e-05      1
227 4.972554e-07      1
228 4.041746e-06      1
229 6.263233e-05      1
230 4.015474e-04      1
231 1.430905e-04      1
232 3.673484e-07      1
233 4.167612e-06      1
234 2.393244e-04      1
235 1.289593e-04      1
236 3.049920e-05      1
237 1.090682e-04      1
238 4.861583e-05      1
239 1.283475e-03      1
240 4.998929e-05      1
241 1.030996e-04      1
242 1.232156e-03  0.076
243 1.017146e-06      1
244 9.844099e-06      1
245 2.431688e-04      1
246 7.426207e-06      1
247 6.844170e-05      1
248 1.400017e-04      1
249 1.005383e-04      1
250 7.330934e-05      1
251 2.300853e-04      1
252 6.536562e-05      1
253 1.119044e-04      1
254 1.391469e-05      1
255 2.817627e-05      1
256 3.238244e-05      1
257 2.929985e-05      1
258 1.991948e-06      1
259 3.594235e-08      1
260 1.512344e-04      1
261 2.843360e-05      1
262 9.189051e-05      1
263 4.382672e-05      1
264 3.057520e-04      1
265 4.306184e-07      1
266 4.244466e-05      1
267 5.204000e-08      1
268 2.888130e-04      1
269 1.523764e-05      1
270 1.017135e-04      1
271 1.835234e-04      1
272 3.208236e-07      1
273 2.054993e-04      1
274 2.874744e-05      1
275 2.541723e-04      1
276 3.577696e-05      1
277 2.794605e-05      1
278 2.012815e-04      1
279 4.654775e-06      1
280 8.604223e-05      1
281 3.109517e-04      1
282 3.269270e-04      1
283 6.415048e-05      1
284 1.407369e-08      1
285 1.835454e-04      1
286 4.497424e-04      1
287 3.743961e-06      1
288 2.667409e-05      1
289 1.379401e-04      1
290 3.867279e-05      1
291 1.540536e-05      1
292 4.017171e-04      1
293 2.760346e-06      1
294 1.816837e-05      1
295 4.006643e-06      1
296 1.713016e-05      1
297 2.588297e-05      1
298 2.468527e-05      1
299 7.083469e-05      1
300 2.502186e-05      1
301 5.203928e-05      1
302 4.995688e-05      1
303 3.548115e-04      1
304 1.322985e-04      1
305 6.816068e-05      1
306 1.214739e-03      1
307 2.308461e-05      1
308 5.356846e-07      1
309 3.541100e-04      1
310 4.255500e-06      1
311 3.101631e-06      1
312 1.172578e-04      1
313 7.842892e-05      1
314 2.283189e-05      1
315 2.982822e-04      1
316 7.713660e-06      1
317 1.405114e-06      1
318 1.216904e-04      1
319 1.096594e-05      1
320 2.667266e-04      1
321 1.103492e-05      1
322 6.747516e-05      1
323 5.070674e-05      1
324 8.461608e-05      1
325 1.454249e-05      1
326 2.388797e-05      1
327 1.476088e-04      1
328 2.615627e-06      1
329 1.087547e-05      1
330 7.030380e-06      1
331 7.923462e-05      1
332 1.149063e-04      1
333 1.674609e-04      1
334 3.502581e-04      1
335 2.527335e-04      1
336 4.530814e-04      1
337 4.344477e-05      1
338 2.236458e-04      1
339 4.167832e-05      1
340 9.041789e-05      1
341 4.607932e-05      1
342 1.480872e-05      1
343 2.012610e-07      1
344 8.127071e-05      1
345 1.499823e-04      1
346 1.938222e-06      1
347 2.300627e-05      1
348 7.813462e-05      1
349 4.666546e-05      1
350 1.947337e-06      1
351 2.642147e-07      1
352 2.658010e-04      1
353 6.536507e-06      1
354 7.398824e-05      1
355 3.225188e-04      1
356 6.190294e-05      1
357 1.187377e-04      1
358 3.925546e-06      1
359 9.818170e-07      1
360 2.406038e-04      1
361 1.530015e-04      1
362 2.100286e-10      1
363 2.535742e-04      1
364 6.184358e-05      1
365 4.337306e-04      1
366 2.695452e-04      1
367 4.668397e-05      1
368 3.451682e-06      1
369 1.398756e-07      1
370 1.003438e-04      1
371 4.370691e-06      1
372 3.246858e-05      1
373 1.055354e-04      1
374 1.191064e-04      1
375 1.038024e-05      1
376 8.400650e-05      1
377 1.017912e-07      1
378 1.982439e-06      1
379 2.341641e-05      1
380 2.009099e-05      1

$`MR-PRESSO results`$`Distortion Test`
$`MR-PRESSO results`$`Distortion Test`$`Outliers Indices`
[1] "No significant outliers"

$`MR-PRESSO results`$`Distortion Test`$`Distortion Coefficient`
[1] NA

$`MR-PRESSO results`$`Distortion Test`$Pvalue
[1] NA



