$`Main MR results`
       Exposure       MR Analysis Causal Estimate         Sd    T-stat
1 beta.exposure               Raw     -0.03500193 0.02676907 -1.307551
2 beta.exposure Outlier-corrected              NA         NA        NA
    P-value
1 0.1938022
2        NA

$`MR-PRESSO results`
$`MR-PRESSO results`$`Global Test`
$`MR-PRESSO results`$`Global Test`$RSSobs
[1] 156.4937

$`MR-PRESSO results`$`Global Test`$Pvalue
[1] 0.0031


$`MR-PRESSO results`$`Outlier Test`
          RSSobs Pvalue
1   2.500074e-05      1
2   2.349503e-04      1
3   3.041316e-05      1
4   3.204017e-05      1
5   7.647843e-05      1
6   5.749507e-08      1
7   5.426850e-06      1
8   1.064775e-04      1
9   1.171247e-04      1
10  1.249120e-07      1
11  9.006158e-05      1
12  1.024700e-03      1
13  4.833239e-06      1
14  3.268182e-03      1
15  7.946000e-05      1
16  1.262115e-04      1
17  5.270399e-06      1
18  2.395177e-11      1
19  1.001649e-05      1
20  2.762457e-06      1
21  9.462587e-04      1
22  2.589658e-06      1
23  2.616756e-04      1
24  8.248900e-05      1
25  3.801675e-04      1
26  5.708428e-07      1
27  7.683388e-05      1
28  7.416818e-05      1
29  1.053908e-03 0.0981
30  9.083296e-05      1
31  6.891288e-05      1
32  7.660416e-04      1
33  3.784766e-04      1
34  1.397374e-04      1
35  2.186842e-04      1
36  5.097765e-05      1
37  4.377721e-04      1
38  1.038799e-04      1
39  3.637733e-04      1
40  5.054112e-05      1
41  3.828017e-07      1
42  1.574617e-04      1
43  8.742313e-06      1
44  5.490912e-05      1
45  1.453315e-05      1
46  1.321179e-03 0.3052
47  7.432226e-06      1
48  2.116023e-03      1
49  3.725378e-05      1
50  2.159675e-06      1
51  1.099007e-04      1
52  1.283146e-04      1
53  2.865235e-05      1
54  1.909915e-05      1
55  1.188042e-03 0.4905
56  9.394684e-05      1
57  4.574700e-05      1
58  1.100086e-05      1
59  4.016012e-05      1
60  1.468992e-05      1
61  8.004477e-04      1
62  2.865197e-05      1
63  6.069768e-05      1
64  6.778594e-04 0.4142
65  3.410720e-04      1
66  7.849183e-05      1
67  5.531094e-04      1
68  1.327121e-05      1
69  6.344947e-04      1
70  3.371050e-05      1
71  1.958174e-04      1
72  3.756698e-05      1
73  1.998857e-07      1
74  1.108653e-05      1
75  7.527999e-04 0.3161
76  3.844650e-05      1
77  7.189591e-05      1
78  1.452255e-04      1
79  1.654828e-05      1
80  2.713841e-06      1
81  2.516957e-03      1
82  2.339097e-04      1
83  4.368501e-05      1
84  1.664152e-04      1
85  2.518200e-05      1
86  1.146248e-05      1
87  2.667140e-04      1
88  2.852699e-06      1
89  1.113824e-04      1
90  6.256996e-04      1
91  5.016723e-04      1
92  5.199698e-08      1
93  1.315207e-05      1
94  4.995704e-05      1
95  1.950759e-05      1
96  4.483613e-04      1
97  1.750176e-04      1
98  7.492076e-05      1
99  4.501995e-04      1
100 4.716919e-06      1
101 4.938934e-04      1
102 7.314494e-05      1
103 1.116168e-05      1
104 1.541096e-04      1
105 3.026997e-04      1
106 9.209492e-05      1
107 6.077606e-05      1
108 3.215744e-04      1
109 2.888579e-04      1

$`MR-PRESSO results`$`Distortion Test`
$`MR-PRESSO results`$`Distortion Test`$`Outliers Indices`
[1] "No significant outliers"

$`MR-PRESSO results`$`Distortion Test`$`Distortion Coefficient`
[1] NA

$`MR-PRESSO results`$`Distortion Test`$Pvalue
[1] NA



