$`Main MR results`
       Exposure       MR Analysis Causal Estimate        Sd   T-stat   P-value
1 beta.exposure               Raw      -0.0424491 0.0269691 -1.57399 0.1198141
2 beta.exposure Outlier-corrected              NA        NA       NA        NA

$`MR-PRESSO results`
$`MR-PRESSO results`$`Global Test`
$`MR-PRESSO results`$`Global Test`$RSSobs
[1] 98.26607

$`MR-PRESSO results`$`Global Test`$Pvalue
[1] 0.037


$`MR-PRESSO results`$`Outlier Test`
         RSSobs Pvalue
1  3.243111e-05      1
2  3.652338e-05      1
3  2.300443e-07      1
4  9.872661e-05      1
5  1.226862e-04      1
6  8.309344e-05      1
7  1.059167e-03      1
8  3.768835e-06      1
9  2.865619e-03      1
10 1.201628e-04      1
11 1.120535e-05      1
12 9.703436e-04      1
13 1.097194e-06      1
14 2.712708e-04      1
15 7.805746e-05      1
16 3.001934e-06      1
17 8.108687e-05      1
18 9.801613e-05      1
19 6.435652e-05      1
20 8.073510e-04      1
21 3.690123e-04      1
22 1.309889e-04      1
23 4.396132e-05      1
24 4.707244e-04      1
25 1.085397e-04      1
26 3.841841e-04      1
27 4.832272e-05      1
28 9.684336e-07      1
29 4.713396e-06      1
30 2.046186e-03      1
31 4.005710e-05      1
32 2.678688e-06      1
33 1.053164e-04      1
34 1.195172e-04      1
35 2.564210e-05      1
36 2.150502e-05      1
37 1.206083e-03 0.2812
38 9.750792e-05      1
39 4.903399e-05      1
40 1.389653e-05      1
41 4.460384e-05      1
42 8.339206e-04      1
43 6.359439e-05      1
44 6.680821e-04 0.2294
45 3.344944e-04      1
46 7.359861e-05      1
47 1.096646e-05      1
48 2.024722e-04      1
49 5.826271e-08      1
50 9.232641e-06      1
51 1.497562e-04      1
52 1.456295e-05      1
53 2.461348e-03      1
54 2.506189e-04      1
55 4.035409e-05      1
56 1.587804e-04      1
57 4.175228e-05      1
58 1.012609e-05      1
59 2.150520e-04      1
60 1.144115e-06      1
61 6.062046e-04      1
62 5.110339e-04 0.9028
63 1.197360e-05      1
64 4.533096e-05      1
65 1.782431e-05      1
66 4.792316e-04      1
67 1.835810e-04      1
68 6.907282e-05      1
69 4.630035e-04      1
70 5.895199e-06      1
71 6.939300e-05      1
72 1.056186e-04      1
73 3.146634e-04      1
74 3.080551e-04      1

$`MR-PRESSO results`$`Distortion Test`
$`MR-PRESSO results`$`Distortion Test`$`Outliers Indices`
[1] "No significant outliers"

$`MR-PRESSO results`$`Distortion Test`$`Distortion Coefficient`
[1] NA

$`MR-PRESSO results`$`Distortion Test`$Pvalue
[1] NA



