$`Main MR results`
       Exposure       MR Analysis Causal Estimate         Sd     T-stat
1 beta.exposure               Raw      -0.0162501 0.03432696 -0.4733918
2 beta.exposure Outlier-corrected      -0.0105435 0.03229733 -0.3264512
    P-value
1 0.6370312
2 0.7448165

$`MR-PRESSO results`
$`MR-PRESSO results`$`Global Test`
$`MR-PRESSO results`$`Global Test`$RSSobs
[1] 158.8556

$`MR-PRESSO results`$`Global Test`$Pvalue
[1] 3e-04


$`MR-PRESSO results`$`Outlier Test`
         RSSobs  Pvalue
1  1.316830e-04       1
2  2.611179e-04       1
3  7.339698e-05       1
4  4.064816e-05       1
5  3.770312e-09       1
6  1.611949e-05       1
7  2.459839e-04       1
8  6.094228e-06       1
9  1.908732e-04       1
10 5.800209e-05       1
11 1.223652e-05       1
12 4.176413e-07       1
13 9.950292e-06       1
14 3.154598e-04       1
15 1.123196e-04       1
16 3.990781e-04       1
17 3.585091e-05       1
18 1.549418e-04       1
19 1.742397e-03 <0.0095
20 1.904199e-04       1
21 1.440636e-06       1
22 4.632388e-05       1
23 7.723461e-04   0.912
24 5.606342e-05       1
25 3.025074e-09       1
26 2.701821e-05       1
27 8.750566e-04       1
28 6.457636e-04  0.4465
29 8.891441e-05       1
30 4.666674e-04       1
31 6.105647e-05       1
32 6.268058e-06       1
33 1.872427e-04       1
34 3.083446e-05       1
35 5.931151e-05       1
36 1.639975e-04       1
37 1.952023e-04       1
38 6.618391e-06       1
39 1.619353e-04       1
40 3.493029e-04       1
41 1.221230e-05       1
42 3.099908e-06       1
43 9.023393e-05       1
44 5.493313e-05       1
45 3.435970e-04       1
46 7.003578e-05       1
47 2.215483e-05       1
48 1.812329e-03       1
49 1.471462e-04       1
50 8.012484e-06       1
51 1.364701e-03  0.2565
52 3.019160e-06       1
53 1.170364e-07       1
54 6.437071e-05       1
55 1.885834e-04       1
56 2.379757e-04       1
57 1.243849e-04       1
58 5.991212e-04   0.665
59 4.640815e-05       1
60 8.632926e-05       1
61 4.176870e-06       1
62 3.948272e-05       1
63 3.769134e-04       1
64 4.079324e-04       1
65 2.616731e-05       1
66 1.367846e-04       1
67 1.102680e-04       1
68 3.957233e-04       1
69 7.091818e-05       1
70 2.682231e-04       1
71 1.133915e-04       1
72 1.459021e-05       1
73 5.670043e-04       1
74 8.373416e-06       1
75 1.104775e-04       1
76 6.926768e-06       1
77 8.093191e-05       1
78 1.335897e-04       1
79 6.668665e-05       1
80 6.323796e-04       1
81 5.466060e-05       1
82 6.117570e-06       1
83 5.711109e-04       1
84 8.547449e-07       1
85 8.370865e-06       1
86 1.597570e-05       1
87 4.867990e-05       1
88 1.662038e-06       1
89 8.553839e-06       1
90 3.283868e-04       1
91 6.886413e-07       1
92 2.684127e-04       1
93 4.783878e-05       1
94 2.912026e-04       1
95 3.656963e-05       1

$`MR-PRESSO results`$`Distortion Test`
$`MR-PRESSO results`$`Distortion Test`$`Outliers Indices`
[1] 19

$`MR-PRESSO results`$`Distortion Test`$`Distortion Coefficient`
beta.exposure 
    -54.12428 

$`MR-PRESSO results`$`Distortion Test`$Pvalue
[1] 0.6342



