SNP	CHROM	POS	REF	ALT	AF	BETA	SE	Z	P	N	TRAIT
rs307359	1	1280014	A	G	0.9418	0.1043	0.2047	0.509526	0.6102	4046	Neuritic_Plaques_Any
rs7796	NA	NA	NA	NA	NA	NA	NA	NA	NA	NA	NA
rs263532	1	2164116	T	C	0.4185	-0.1232	0.0726	-1.69697	0.08985	4046	Neuritic_Plaques_Any
rs2493291	1	3329384	C	T	0.1546	0.1179	0.1103	1.0689029918404354	0.285	4046	Neuritic_Plaques_Any
rs11121483	1	6263792	A	G	0.3866	0.1411	0.0903	1.56257	0.11800000000000001	4046	Neuritic_Plaques_Any
rs9661802	1	6678864	A	C	0.3197	0.0527	0.0774	0.680879	0.4961	4046	Neuritic_Plaques_Any
rs4406655	1	9205179	G	A	0.5989	0.113	0.071	1.591549295774648	0.1114	4046	Neuritic_Plaques_Any
rs1890683	1	9441477	C	T	0.4247	-0.0604	0.0727	-0.8308115543328749	0.406	4046	Neuritic_Plaques_Any
rs17035646	1	10796547	G	A	0.3446	-0.0751	0.0747	-1.0053547523427042	0.3148	4046	Neuritic_Plaques_Any
rs17037452	1	11895675	A	G	0.1585	0.0787	0.0972	0.809671	0.4182	4046	Neuritic_Plaques_Any
rs7552400	1	16035892	A	G	0.2702	0.0181	0.079	0.229114	0.8189	4046	Neuritic_Plaques_Any
rs150266910	1	23442265	C	T	0.1768	-0.0192	0.0905	-0.21215469613259666	0.8324	4046	Neuritic_Plaques_Any
rs6598886	1	27849300	T	C	0.0853	0.1056	0.1329	0.794582	0.4269	4046	Neuritic_Plaques_Any
rs143167197	1	28734372	A	G	0.0755	0.1649	0.1687	0.977475	0.3283	4046	Neuritic_Plaques_Any
rs4360494	NA	NA	NA	NA	NA	NA	NA	NA	NA	NA	NA
rs11210568	1	42514452	T	C	0.4271	0.0194	0.0713	0.27209	0.7852	4046	Neuritic_Plaques_Any
rs4660729	NA	NA	NA	NA	NA	NA	NA	NA	NA	NA	NA
rs512083	1	46027355	T	C	0.4562	0.0438	0.0722	0.606648	0.5441	4046	Neuritic_Plaques_Any
rs1278516	1	50900021	G	A	0.1004	-0.091	0.1208	-0.7533112582781456	0.4512	4046	Neuritic_Plaques_Any
rs778124	1	56606206	G	A	0.3799	0.0429	0.0746	0.5750670241286864	0.5656	4046	Neuritic_Plaques_Any
rs2492321	1	59351446	G	A	0.2248	0.019	0.0891	0.2132435465768799	0.8314	4046	Neuritic_Plaques_Any
rs17535443	1	59646056	G	A	0.2536	-0.0328	0.0817	-0.40146878824969406	0.6875	4046	Neuritic_Plaques_Any
rs949827	1	59841785	T	C	0.3196	-0.0047	0.0781	-0.0601793	0.9517	4046	Neuritic_Plaques_Any
rs20354	1	67071356	G	T	0.1341	-0.0011	0.1029	-0.010689990281827016	0.9914	4046	Neuritic_Plaques_Any
rs12034319	1	86040107	G	A	0.2284	-0.1618	0.0867	-1.8662053056516725	0.06205	4046	Neuritic_Plaques_Any
rs385437	1	86822231	A	G	0.129	0.077	0.1127	0.68323	0.4946	4046	Neuritic_Plaques_Any
rs1856047	1	87897907	A	G	0.4629	-0.0169	0.0707	-0.239038	0.8107	4046	Neuritic_Plaques_Any
rs786923	1	89242954	C	T	0.6342	0.0165	0.07400000000000001	0.22297297297297294	0.8240000000000001	4046	Neuritic_Plaques_Any
rs17516329	NA	NA	NA	NA	NA	NA	NA	NA	NA	NA	NA
rs10776752	1	113044328	G	T	0.0714	0.1001	0.1539	0.650422352176738	0.5153	4046	Neuritic_Plaques_Any
rs11585169	NA	NA	NA	NA	NA	NA	NA	NA	NA	NA	NA
rs12138150	1	169098738	C	T	0.3942	-0.062	0.0727	-0.8528198074277854	0.3938	4046	Neuritic_Plaques_Any
rs12118102	1	176634724	A	G	0.0565	-0.1862	0.1559	-1.19436	0.2326	4046	Neuritic_Plaques_Any
rs12739010	NA	NA	NA	NA	NA	NA	NA	NA	NA	NA	NA
rs3753802	NA	NA	NA	NA	NA	NA	NA	NA	NA	NA	NA
rs1043069	1	180859368	T	G	0.3751	0.03	0.07400000000000001	0.405405	0.6855	4046	Neuritic_Plaques_Any
rs10912438	NA	NA	NA	NA	NA	NA	NA	NA	NA	NA	NA
rs4559481	1	193526470	A	G	0.4978	-0.0406	0.073	-0.556164	0.5781	4046	Neuritic_Plaques_Any
rs1337005	1	197265641	C	T	0.4694	0.0516	0.0707	0.7298444130127298	0.466	4046	Neuritic_Plaques_Any
rs536070	1	201748800	T	C	0.3919	-0.0964	0.0783	-1.23116	0.2181	4046	Neuritic_Plaques_Any
rs558248	1	208047435	G	A	0.6226	0.0082	0.0729	0.11248285322359397	0.9103	4046	Neuritic_Plaques_Any
rs17042848	NA	NA	NA	NA	NA	NA	NA	NA	NA	NA	NA
rs2820443	1	219753509	T	C	0.2826	0.0402	0.0796	0.505025	0.6135	4046	Neuritic_Plaques_Any
rs57657087	NA	NA	NA	NA	NA	NA	NA	NA	NA	NA	NA
rs2493134	1	230849359	T	C	0.4065	0.002	0.0721	0.0277393	0.9781	4046	Neuritic_Plaques_Any
rs2175337	2	9298590	C	A	0.619	-0.0935	0.0754	-1.2400530503978782	0.2151	4046	Neuritic_Plaques_Any
rs1344652	2	19731180	A	G	0.6884	-0.1352	0.0769	-1.75813	0.07882	4046	Neuritic_Plaques_Any
rs6531174	NA	NA	NA	NA	NA	NA	NA	NA	NA	NA	NA
rs62111832	2	19850924	G	A	0.0641	0.0808	0.1523	0.5305318450426789	0.5959	4046	Neuritic_Plaques_Any
rs7255	2	20878820	T	C	0.5409	-0.0315	0.0705	-0.446809	0.6552	4046	Neuritic_Plaques_Any
rs10779936	2	23950200	G	A	0.7217	0.0493	0.0793	0.6216897856242118	0.5342	4046	Neuritic_Plaques_Any
rs2384063	2	25187115	C	T	0.7712	-0.0561	0.0875	-0.6411428571428571	0.5217	4046	Neuritic_Plaques_Any
rs1275988	2	26914364	C	T	0.6117	-0.0612	0.0725	-0.8441379310344828	0.3983	4046	Neuritic_Plaques_Any
rs7562	2	28635740	T	C	0.4705	-0.0584	0.0748	-0.780749	0.4348	4046	Neuritic_Plaques_Any
rs1545552	2	33360338	A	G	0.7015	0.0368	0.0789	0.466413	0.6411	4046	Neuritic_Plaques_Any
rs6734118	2	37559355	C	A	0.2272	-0.1121	0.0837	-1.3393070489844685	0.1802	4046	Neuritic_Plaques_Any
rs115262049	NA	NA	NA	NA	NA	NA	NA	NA	NA	NA	NA
rs6544652	2	43626212	C	T	0.2327	-0.0397	0.0847	-0.46871310507674147	0.6393	4046	Neuritic_Plaques_Any
rs11690961	2	46363336	A	C	0.1136	-0.0841	0.1098	-0.765938	0.4438	4046	Neuritic_Plaques_Any
rs11899888	2	56102744	A	G	0.1532	0.1708	0.1032	1.65504	0.09805	4046	Neuritic_Plaques_Any
rs925484	NA	NA	NA	NA	NA	NA	NA	NA	NA	NA	NA
rs6735330	2	61731478	G	A	0.1422	0.034	0.1012	0.3359683794466403	0.7369	4046	Neuritic_Plaques_Any
rs2540951	2	65276736	A	G	0.3806	-0.026	0.0724	-0.359116	0.7198	4046	Neuritic_Plaques_Any
rs268882	2	65502802	G	A	0.8479	-0.053900000000000003	0.1	-0.539	0.5898	4046	Neuritic_Plaques_Any
rs6731373	2	68503044	G	A	0.3506	-0.003	0.0789	-0.03802281368821293	0.9697	4046	Neuritic_Plaques_Any
rs7578166	2	71630041	A	C	0.6151	-0.04	0.0725	-0.551724	0.5814	4046	Neuritic_Plaques_Any
rs11689667	2	85491365	T	C	0.4504	0.0764	0.0733	1.04229	0.2975	4046	Neuritic_Plaques_Any
rs7058	2	96917588	T	G	0.5331	-0.0438	0.0706	-0.620397	0.5351	4046	Neuritic_Plaques_Any
rs6747874	2	101578489	G	A	0.2171	0.0553	0.0871	0.6349024110218141	0.526	4046	Neuritic_Plaques_Any
rs150194832	NA	NA	NA	NA	NA	NA	NA	NA	NA	NA	NA
rs4664080	2	152978341	G	A	0.4024	0.0395	0.0722	0.5470914127423823	0.5838	4046	Neuritic_Plaques_Any
rs55732192	2	162278233	G	T	0.0922	0.057	0.1303	0.43745203376822717	0.6617	4046	Neuritic_Plaques_Any
rs72874178	2	164924573	G	A	0.2616	-0.1094	0.0849	-1.288574793875147	0.1977	4046	Neuritic_Plaques_Any
rs75758489	2	165043823	T	C	0.1228	0.0672	0.1553	0.432711	0.6652	4046	Neuritic_Plaques_Any
rs560887	2	169763148	T	C	0.7024	0.0289	0.0768	0.376302	0.7064	4046	Neuritic_Plaques_Any
rs151054210	2	172381487	G	A	0.1725	0.0691	0.0977	0.7072671443193449	0.4795	4046	Neuritic_Plaques_Any
rs11695888	NA	NA	NA	NA	NA	NA	NA	NA	NA	NA	NA
rs72914576	NA	NA	NA	NA	NA	NA	NA	NA	NA	NA	NA
rs11888604	2	177004026	C	T	0.2518	-0.0443	0.0884	-0.501131221719457	0.616	4046	Neuritic_Plaques_Any
rs1837164	NA	NA	NA	NA	NA	NA	NA	NA	NA	NA	NA
rs80271311	2	179734144	C	T	0.0546	-0.1749	0.1876	-0.9323027718550108	0.3513	4046	Neuritic_Plaques_Any
rs10497529	2	179839888	G	A	0.0381	0.1982	0.2344	0.8455631399317406	0.3977	4046	Neuritic_Plaques_Any
rs6732308	2	182996188	A	G	0.2072	-0.1755	0.0897	-1.95652	0.05047	4046	Neuritic_Plaques_Any
rs11901929	2	189643316	A	G	0.6755	0.0402	0.0759	0.529644	0.5966	4046	Neuritic_Plaques_Any
rs7603849	2	191438741	A	C	0.5207	-0.0051	0.068	-0.075	0.9407	4046	Neuritic_Plaques_Any
rs295118	2	201144004	C	T	0.6143	-0.1206	0.0739	-1.6319350473612992	0.1028	4046	Neuritic_Plaques_Any
rs1469760	2	204125426	T	C	0.3862	0.0037	0.0748	0.0494652	0.9601	4046	Neuritic_Plaques_Any
rs3845811	NA	NA	NA	NA	NA	NA	NA	NA	NA	NA	NA
rs1250259	NA	NA	NA	NA	NA	NA	NA	NA	NA	NA	NA
rs4674114	2	217659266	A	G	0.8077	0.0793	0.0897	0.884058	0.3765	4046	Neuritic_Plaques_Any
rs2161967	2	218680529	T	G	0.5727	-0.0126	0.0748	-0.168449	0.8658	4046	Neuritic_Plaques_Any
rs2891076	2	219184398	C	T	0.6141	0.0229	0.0738	0.3102981029810298	0.7561	4046	Neuritic_Plaques_Any
rs13423088	NA	NA	NA	NA	NA	NA	NA	NA	NA	NA	NA
rs4441458	2	228293218	T	C	0.7075	0.0727	0.0789	0.92142	0.3572	4046	Neuritic_Plaques_Any
rs12052878	2	238227594	G	A	0.3173	0.0354	0.0793	0.44640605296343006	0.6555	4046	Neuritic_Plaques_Any
rs1995496	2	242445336	A	G	0.5231	-0.0171	0.0741	-0.230769	0.8171	4046	Neuritic_Plaques_Any
rs9848170	NA	NA	NA	NA	NA	NA	NA	NA	NA	NA	NA
rs729639	3	13826854	T	C	0.6457	-0.0526	0.0756	-0.695767	0.4869	4046	Neuritic_Plaques_Any
rs13070927	3	14919646	G	T	0.5374	0.0149	0.0705	0.21134751773049648	0.8328	4046	Neuritic_Plaques_Any
rs189267552	NA	NA	NA	NA	NA	NA	NA	NA	NA	NA	NA
rs2055120	3	27548040	A	G	0.026	0.0575	0.2609	0.220391	0.8255	4046	Neuritic_Plaques_Any
rs75487052	NA	NA	NA	NA	NA	NA	NA	NA	NA	NA	NA
rs11710131	3	37282685	G	A	0.3817	-0.0594	0.0742	-0.8005390835579514	0.4235	4046	Neuritic_Plaques_Any
rs6801957	3	38767315	T	C	0.5939	-0.1743	0.0768	-2.26953	0.02323	4046	Neuritic_Plaques_Any
rs6788984	3	41107173	A	G	0.1619	-0.1964	0.0951	-2.06519	0.03893	4046	Neuritic_Plaques_Any
rs9839213	3	41918992	T	C	0.8299	0.1115	0.0937	1.18997	0.2343	4046	Neuritic_Plaques_Any
rs10433615	3	52638482	C	T	0.4113	-0.113	0.0725	-1.5586206896551726	0.1193	4046	Neuritic_Plaques_Any
rs2241823	3	63965093	C	A	0.3053	-0.0935	0.076	-1.230263157894737	0.2185	4046	Neuritic_Plaques_Any
rs7630745	3	66427029	T	C	0.3422	-0.0797	0.0748	-1.06551	0.2872	4046	Neuritic_Plaques_Any
rs12634194	NA	NA	NA	NA	NA	NA	NA	NA	NA	NA	NA
rs729448	3	73260545	G	A	0.5478	-0.1076	0.0728	-1.4780219780219779	0.1392	4046	Neuritic_Plaques_Any
rs9835724	3	84964976	A	G	0.3298	-0.1792	0.0743	-2.41184	0.01595	4046	Neuritic_Plaques_Any
rs9860290	3	99839106	G	A	0.2062	-0.0424	0.0866	-0.489607390300231	0.6241	4046	Neuritic_Plaques_Any
rs1882289	3	114461208	G	A	0.8846	0.0823	0.1125	0.7315555555555555	0.4646	4046	Neuritic_Plaques_Any
rs6806529	3	123049938	A	C	0.5707	0.0958	0.0752	1.27394	0.2025	4046	Neuritic_Plaques_Any
rs12631961	3	124561848	C	T	0.4143	0.0429	0.0721	0.5950069348127601	0.5517	4046	Neuritic_Plaques_Any
rs60672471	3	128125718	T	C	0.108	-0.0697	0.1174	-0.593697	0.5524	4046	Neuritic_Plaques_Any
rs62270945	3	128201889	C	T	0.019	0.4008	0.4764	0.8413098236775819	0.4002	4046	Neuritic_Plaques_Any
rs11915143	3	133985901	G	A	0.4253	-0.0101	0.0739	-0.13667117726657646	0.8916	4046	Neuritic_Plaques_Any
rs73230648	3	141628963	A	C	0.1918	-0.0972	0.0929	-1.04629	0.2956	4046	Neuritic_Plaques_Any
rs62278541	3	142631909	A	G	0.3476	-0.0597	0.0736	-0.811141	0.4168	4046	Neuritic_Plaques_Any
rs9851265	3	149667426	C	A	0.314	-0.0765	0.0763	-1.00262123197903	0.316	4046	Neuritic_Plaques_Any
rs62271373	NA	NA	NA	NA	NA	NA	NA	NA	NA	NA	NA
rs677910	3	151872154	A	G	0.1715	0.042	0.0999	0.42042	0.6738	4046	Neuritic_Plaques_Any
rs56213443	3	160309043	C	A	0.546	0.0437	0.0718	0.6086350974930362	0.5426	4046	Neuritic_Plaques_Any
rs9835962	3	168693089	C	A	0.0819	-0.024	0.1245	-0.1927710843373494	0.8472	4046	Neuritic_Plaques_Any
rs1918973	3	169165173	A	G	0.5373	-0.0955	0.0727	-1.31362	0.18899999999999997	4046	Neuritic_Plaques_Any
rs12630450	3	169480204	A	G	0.2691	0.0091	0.0913	0.0996714	0.9208	4046	Neuritic_Plaques_Any
rs4894535	3	171995605	C	T	0.1562	-0.0278	0.0988	-0.2813765182186235	0.7786	4046	Neuritic_Plaques_Any
rs73171158	3	176927949	T	C	0.5485	0.0642	0.0856	0.75	0.4532	4046	Neuritic_Plaques_Any
rs263017	3	183503017	A	G	0.5242	-0.0109	0.0713	-0.152875	0.8782	4046	Neuritic_Plaques_Any
rs9855673	3	186207805	T	G	0.4655	0.0583	0.0722	0.807479	0.4197	4046	Neuritic_Plaques_Any
rs3821817	NA	NA	NA	NA	NA	NA	NA	NA	NA	NA	NA
rs1773242	NA	NA	NA	NA	NA	NA	NA	NA	NA	NA	NA
rs1250129	4	1254930	A	G	0.8894	0.0577	0.1167	0.49443	0.6212	4046	Neuritic_Plaques_Any
rs231708	NA	NA	NA	NA	NA	NA	NA	NA	NA	NA	NA
rs2498323	4	3451109	G	A	0.1088	-0.1225	0.1168	-1.0488013698630136	0.2943	4046	Neuritic_Plaques_Any
rs3796822	NA	NA	NA	NA	NA	NA	NA	NA	NA	NA	NA
rs4303974	4	15375984	C	A	0.2713	-5e-4	0.0767	-0.006518904823989569	0.9944	4046	Neuritic_Plaques_Any
rs11730129	4	16032948	T	C	0.7915	0.2183	0.0897	2.4336700000000002	0.01491	4046	Neuritic_Plaques_Any
rs2610990	4	18008232	A	G	0.7378	0.0492	0.08199999999999999	0.6	0.5482	4046	Neuritic_Plaques_Any
rs28702684	NA	NA	NA	NA	NA	NA	NA	NA	NA	NA	NA
rs2102397	4	48656326	A	C	0.5029	0.0469	0.0722	0.649584	0.5165	4046	Neuritic_Plaques_Any
rs61794248	NA	NA	NA	NA	NA	NA	NA	NA	NA	NA	NA
rs60991988	4	54801228	T	G	0.1	-0.0903	0.1297	-0.696222	0.4862	4046	Neuritic_Plaques_Any
rs6851147	NA	NA	NA	NA	NA	NA	NA	NA	NA	NA	NA
rs62308665	4	56477797	C	T	0.2642	-0.1371	0.0798	-1.718045112781955	0.08571000000000001	4046	Neuritic_Plaques_Any
rs28418670	NA	NA	NA	NA	NA	NA	NA	NA	NA	NA	NA
rs10857147	NA	NA	NA	NA	NA	NA	NA	NA	NA	NA	NA
rs6823199	4	83925895	T	C	0.2695	0.0384	0.0814	0.471744	0.6371	4046	Neuritic_Plaques_Any
rs17010957	4	86719165	T	C	0.1315	0.0371	0.1082	0.342884	0.7317	4046	Neuritic_Plaques_Any
rs13149209	4	89750668	T	C	0.2148	-0.069	0.0902	-0.764967	0.444	4046	Neuritic_Plaques_Any
rs4699299	4	95501166	T	C	0.1035	-0.2303	0.1674	-1.37575	0.16899999999999998	4046	Neuritic_Plaques_Any
rs1229984	4	100239319	T	C	0.9558	-0.0041	0.2024	-0.0202569	0.9839	4046	Neuritic_Plaques_Any
rs223408	NA	NA	NA	NA	NA	NA	NA	NA	NA	NA	NA
rs2726478	NA	NA	NA	NA	NA	NA	NA	NA	NA	NA	NA
rs56388530	4	106910958	C	T	0.7488	-0.1382	0.0904	-1.5287610619469025	0.1262	4046	Neuritic_Plaques_Any
rs77301788	4	120935531	T	C	0.316	0.0131	0.0762	0.171916	0.8631	4046	Neuritic_Plaques_Any
rs10010247	4	138466213	T	C	0.4086	0.0815	0.0752	1.08378	0.2784	4046	Neuritic_Plaques_Any
rs11933087	NA	NA	NA	NA	NA	NA	NA	NA	NA	NA	NA
rs77866798	4	146660884	A	G	0.137	-0.0445	0.1235	-0.360324	0.7184	4046	Neuritic_Plaques_Any
rs4835266	4	146821725	T	C	0.4717	0.068	0.0762	0.892388	0.3727	4046	Neuritic_Plaques_Any
rs10305838	4	148400256	T	C	0.1398	-0.0161	0.1036	-0.155405	0.8768	4046	Neuritic_Plaques_Any
rs10002709	4	151156761	C	A	0.3377	0.1066	0.0785	1.3579617834394904	0.1745	4046	Neuritic_Plaques_Any
rs4691670	4	156403247	C	T	0.5415	0.1365	0.0715	1.9090909090909094	0.056260000000000004	4046	Neuritic_Plaques_Any
rs3796584	4	156641047	G	A	0.3766	0.0204	0.0724	0.281767955801105	0.7781	4046	Neuritic_Plaques_Any
rs999958	4	169698873	C	A	0.4954	0.1373	0.0734	1.8705722070844686	0.061529999999999994	4046	Neuritic_Plaques_Any
rs67846163	4	174656889	A	G	0.2069	-0.0179	0.0933	-0.191854	0.8475	4046	Neuritic_Plaques_Any
rs2242652	5	1280028	G	A	0.2096	-0.0447	0.1859	-0.2404518558364712	0.8101	4046	Neuritic_Plaques_Any
rs7707563	5	15695932	T	C	0.7518	-0.0583	0.0855	-0.681871	0.495	4046	Neuritic_Plaques_Any
rs7733331	5	32828846	T	C	0.601	0.0146	0.0727	0.200825	0.8411	4046	Neuritic_Plaques_Any
rs10941043	NA	NA	NA	NA	NA	NA	NA	NA	NA	NA	NA
rs10939913	NA	NA	NA	NA	NA	NA	NA	NA	NA	NA	NA
rs6867399	5	52135543	C	A	0.2775	-0.0247	0.0853	-0.2895662368112544	0.7725	4046	Neuritic_Plaques_Any
rs1694068	NA	NA	NA	NA	NA	NA	NA	NA	NA	NA	NA
rs464605	5	55807370	C	T	0.743	-0.1435	0.0866	-1.6570438799076213	0.09736	4046	Neuritic_Plaques_Any
rs9291825	5	64084524	A	G	0.5155	0.0203	0.0736	0.275815	0.7829	4046	Neuritic_Plaques_Any
rs26683	NA	NA	NA	NA	NA	NA	NA	NA	NA	NA	NA
rs72761109	5	71506529	C	T	0.2935	0.0483	0.0807	0.5985130111524164	0.5491	4046	Neuritic_Plaques_Any
rs4443403	5	72654304	T	C	0.1021	-0.1045	0.1157	-0.903198	0.3666	4046	Neuritic_Plaques_Any
rs10076149	NA	NA	NA	NA	NA	NA	NA	NA	NA	NA	NA
rs6452769	5	87389027	G	A	0.2075	-0.1039	0.0849	-1.2237926972909305	0.2207	4046	Neuritic_Plaques_Any
rs76443575	NA	NA	NA	NA	NA	NA	NA	NA	NA	NA	NA
rs79409628	5	108113740	G	T	0.0838	0.0764	0.1399	0.5461043602573267	0.585	4046	Neuritic_Plaques_Any
rs4487481	5	114381312	T	C	0.506	0.0508	0.071	0.715493	0.4745	4046	Neuritic_Plaques_Any
rs9885577	5	121194226	C	T	0.3089	0.1079	0.0897	1.2028985507246377	0.2294	4046	Neuritic_Plaques_Any
rs71594307	5	122156060	G	A	0.0445	-0.0735	0.1928	-0.38122406639004147	0.7029	4046	Neuritic_Plaques_Any
rs1644318	5	122471989	T	C	0.3984	-0.0038	0.0715	-0.0531469	0.9581	4046	Neuritic_Plaques_Any
rs75887402	5	122674563	T	C	0.0272	0.2317	0.2367	0.978876	0.3277	4046	Neuritic_Plaques_Any
rs13189347	5	122828560	A	C	0.4354	0.0612	0.0723	0.846473	0.3972	4046	Neuritic_Plaques_Any
rs58595196	NA	NA	NA	NA	NA	NA	NA	NA	NA	NA	NA
rs1435514	5	127842419	C	T	0.3799	0.035	0.071	0.4929577464788733	0.6226	4046	Neuritic_Plaques_Any
rs702395	5	140086677	C	T	0.4035	-0.0046	0.0762	-0.06036745406824147	0.9520000000000001	4046	Neuritic_Plaques_Any
rs853170	5	142537474	T	C	0.266	0.067	0.0793	0.844893	0.3983	4046	Neuritic_Plaques_Any
rs2400509	5	147696018	G	A	0.2684	-0.0024	0.0787	-0.03049555273189326	0.9758	4046	Neuritic_Plaques_Any
rs4705324	5	148517441	C	A	0.7451	0.0114	0.0833	0.1368547418967587	0.8914	4046	Neuritic_Plaques_Any
rs157678	NA	NA	NA	NA	NA	NA	NA	NA	NA	NA	NA
rs10076730	5	157816992	T	C	0.3753	-0.1266	0.0742	-1.7062	0.08814	4046	Neuritic_Plaques_Any
rs10052777	5	158269081	T	C	0.3953	0.0931	0.0718	1.29666	0.1953	4046	Neuritic_Plaques_Any
rs193986	5	172500742	G	A	0.5708	0.0282	0.0727	0.3878954607977992	0.6985	4046	Neuritic_Plaques_Any
rs12153395	5	179411477	G	A	0.1158	0.1451	0.124	1.1701612903225806	0.2422	4046	Neuritic_Plaques_Any
rs2569842	6	1649032	C	T	0.2865	0.0802	0.0808	0.9925742574257426	0.3211	4046	Neuritic_Plaques_Any
rs6920534	6	7519183	T	C	0.0924	-0.0179	0.1411	-0.12686	0.8993	4046	Neuritic_Plaques_Any
rs9392172	NA	NA	NA	NA	NA	NA	NA	NA	NA	NA	NA
rs1630736	6	12295987	C	T	0.479	-0.0653	0.0818	-0.7982885085574571	0.4247	4046	Neuritic_Plaques_Any
rs9349379	6	12903957	A	G	0.3914	-0.0558	0.0769	-0.725618	0.4678	4046	Neuritic_Plaques_Any
rs11969405	6	16289538	G	A	0.2118	-0.0528	0.0919	-0.5745375408052231	0.5658	4046	Neuritic_Plaques_Any
rs12216497	6	19028623	C	T	0.5493	0.0032	0.0729	0.0438957475994513	0.9655	4046	Neuritic_Plaques_Any
rs2744133	6	22392260	A	G	0.2695	0.0337	0.0824	0.408981	0.6828	4046	Neuritic_Plaques_Any
rs1028885	6	25434518	G	A	0.7706	-0.1946	0.0888	-2.1914414414414414	0.0283	4046	Neuritic_Plaques_Any
rs1056314	6	26114653	G	A	0.4571	0.0018	0.0737	0.024423337856173677	0.9801	4046	Neuritic_Plaques_Any
rs200997	6	27811815	G	A	0.2893	0.0758	0.0854	0.8875878220140515	0.3748	4046	Neuritic_Plaques_Any
rs736466	6	29176296	C	T	0.5632	0.0747	0.075	0.9960000000000001	0.3195	4046	Neuritic_Plaques_Any
rs3129077	6	29610435	C	T	0.3845	0.0787	0.0786	1.0012722646310432	0.3165	4046	Neuritic_Plaques_Any
rs3132555	NA	NA	NA	NA	NA	NA	NA	NA	NA	NA	NA
rs9267575	6	31811850	T	C	0.4028	-0.0928	0.0779	-1.19127	0.2335	4046	Neuritic_Plaques_Any
rs3134950	6	32127477	C	A	0.6208	0.0352	0.0767	0.45893089960886574	0.6461	4046	Neuritic_Plaques_Any
rs3176336	NA	NA	NA	NA	NA	NA	NA	NA	NA	NA	NA
rs9471008	6	39185482	G	A	0.1295	-0.0282	0.11	-0.25636363636363635	0.7974	4046	Neuritic_Plaques_Any
rs1563788	6	43308363	C	T	0.2893	0.0425	0.0791	0.5372945638432364	0.5906	4046	Neuritic_Plaques_Any
rs631441	6	53994626	T	G	0.2973	-0.0461	0.0783	-0.588761	0.5562	4046	Neuritic_Plaques_Any
rs12201429	6	55993585	C	T	0.1355	0.1673	0.1065	1.5708920187793427	0.1161	4046	Neuritic_Plaques_Any
rs12195276	6	73657714	C	T	0.741	0.0432	0.0836	0.5167464114832536	0.605	4046	Neuritic_Plaques_Any
rs9361836	6	82235408	C	T	0.3089	0.0328	0.0776	0.422680412371134	0.6724	4046	Neuritic_Plaques_Any
rs60255247	6	85283253	A	C	0.124	-0.064	0.1212	-0.528053	0.5975	4046	Neuritic_Plaques_Any
rs2983896	6	97029871	G	A	0.2409	0.0014	0.084	0.016666666666666666	0.9864	4046	Neuritic_Plaques_Any
rs72943207	6	99522316	G	A	0.1984	-0.0124	0.0928	-0.13362068965517243	0.8941	4046	Neuritic_Plaques_Any
rs9486916	6	109013930	C	T	0.197	-0.0846	0.0872	-0.970183486238532	0.3317	4046	Neuritic_Plaques_Any
rs12192632	NA	NA	NA	NA	NA	NA	NA	NA	NA	NA	NA
rs4946265	6	117863175	A	G	0.4796	0.0503	0.0711	0.707454	0.4795	4046	Neuritic_Plaques_Any
rs12211121	NA	NA	NA	NA	NA	NA	NA	NA	NA	NA	NA
rs1919872	6	122182186	A	G	0.0997	0.0555	0.1244	0.446141	0.6554	4046	Neuritic_Plaques_Any
rs10782230	6	126228512	G	A	0.4879	0.0714	0.0728	0.9807692307692308	0.3266	4046	Neuritic_Plaques_Any
rs13199674	6	127185489	G	A	0.4281	-0.0237	0.0721	-0.3287101248266297	0.7421	4046	Neuritic_Plaques_Any
rs9885632	6	131311909	C	T	0.725	0.0239	0.0804	0.2972636815920398	0.7662	4046	Neuritic_Plaques_Any
rs4896104	6	135119089	C	T	0.5599	-0.1159	0.075	-1.5453333333333334	0.1223	4046	Neuritic_Plaques_Any
rs7763294	6	140383733	T	G	0.6867	0.0296	0.0778	0.380463	0.7035	4046	Neuritic_Plaques_Any
rs6941056	NA	NA	NA	NA	NA	NA	NA	NA	NA	NA	NA
rs17080102	NA	NA	NA	NA	NA	NA	NA	NA	NA	NA	NA
rs117524059	6	152099420	G	A	0.0675	-0.2021	0.1983	-1.0191628845184064	0.3081	4046	Neuritic_Plaques_Any
rs9340985	6	152341587	T	C	0.117	-0.1394	0.1086	-1.28361	0.19899999999999998	4046	Neuritic_Plaques_Any
rs13206305	6	152549309	C	T	0.1844	0.0522	0.0929	0.5618945102260495	0.5743	4046	Neuritic_Plaques_Any
rs2102244	NA	NA	NA	NA	NA	NA	NA	NA	NA	NA	NA
rs555754	6	160769423	G	A	0.5107	0.1021	0.0714	1.429971988795518	0.1524	4046	Neuritic_Plaques_Any
rs9766666	6	169613541	G	T	0.2675	0.0614	0.0825	0.7442424242424243	0.4567	4046	Neuritic_Plaques_Any
rs9294987	6	169720237	T	C	0.4919	0.0037	0.0737	0.0502035	0.9603	4046	Neuritic_Plaques_Any
rs2969036	7	2534901	T	G	0.6798	-0.122	0.0842	-1.44893	0.1473	4046	Neuritic_Plaques_Any
rs2107595	7	19049388	G	A	0.162	-0.0263	0.0957	-0.27481713688610243	0.7834	4046	Neuritic_Plaques_Any
rs1800795	NA	NA	NA	NA	NA	NA	NA	NA	NA	NA	NA
rs2529055	7	24590331	A	G	0.1785	-0.018	0.0949	-0.189673	0.8493	4046	Neuritic_Plaques_Any
rs2290263	7	25887278	G	A	0.7354	-0.0475	0.0844	-0.5627962085308057	0.5735	4046	Neuritic_Plaques_Any
rs1859168	7	27242359	A	C	0.9263	0.0345	0.1382	0.249638	0.8029999999999999	4046	Neuritic_Plaques_Any
rs6961048	NA	NA	NA	NA	NA	NA	NA	NA	NA	NA	NA
rs977184	7	28650761	T	C	0.3675	-0.0794	0.0749	-1.06008	0.2888	4046	Neuritic_Plaques_Any
rs2052263	7	36225818	G	A	0.1096	0.1376	0.1324	1.039274924471299	0.2987	4046	Neuritic_Plaques_Any
rs17171710	7	40440233	C	T	0.1034	-0.0687	0.1118	-0.6144901610017889	0.539	4046	Neuritic_Plaques_Any
rs1004558	7	44240407	C	T	0.172	-0.0846	0.0958	-0.883089770354906	0.3776	4046	Neuritic_Plaques_Any
rs11977526	7	46008110	G	A	0.4031	-0.008	0.0758	-0.10554089709762532	0.9156	4046	Neuritic_Plaques_Any
rs1486141	NA	NA	NA	NA	NA	NA	NA	NA	NA	NA	NA
rs12668436	7	47548893	T	C	0.2514	-0.2098	0.0814	-2.5774	0.009956999999999999	4046	Neuritic_Plaques_Any
rs1091811	7	73491212	A	G	0.844	0.1479	0.0966	1.53106	0.1257	4046	Neuritic_Plaques_Any
rs848445	7	77572461	T	C	0.7089	-0.0572	0.0829	-0.689988	0.4902	4046	Neuritic_Plaques_Any
rs11770630	NA	NA	NA	NA	NA	NA	NA	NA	NA	NA	NA
rs4475412	NA	NA	NA	NA	NA	NA	NA	NA	NA	NA	NA
rs42377	7	92243672	G	A	0.064	-0.237	0.2418	-0.9801488833746899	0.3271	4046	Neuritic_Plaques_Any
rs12705090	7	100467700	C	T	0.1861	0.0164	0.0915	0.17923497267759564	0.8575	4046	Neuritic_Plaques_Any
rs12536419	7	106419296	A	C	0.1548	-0.0886	0.0954	-0.928721	0.3531	4046	Neuritic_Plaques_Any
rs1997571	7	116198621	G	A	0.5723	0.0032	0.0708	0.04519774011299435	0.9643	4046	Neuritic_Plaques_Any
rs11770163	NA	NA	NA	NA	NA	NA	NA	NA	NA	NA	NA
rs3757387	7	128576086	T	C	0.4447	-0.0933	0.0739	-1.26252	0.2064	4046	Neuritic_Plaques_Any
rs13234269	NA	NA	NA	NA	NA	NA	NA	NA	NA	NA	NA
rs35680304	7	130973495	C	T	0.5769	-0.0024	0.0751	-0.03195739014647137	0.9745	4046	Neuritic_Plaques_Any
rs10267979	NA	NA	NA	NA	NA	NA	NA	NA	NA	NA	NA
rs141212865	7	139404666	A	C	0.1879	0.0996	0.0957	1.04075	0.2979	4046	Neuritic_Plaques_Any
rs73727605	7	149474622	G	A	0.0624	-0.0396	0.196	-0.20204081632653062	0.84	4046	Neuritic_Plaques_Any
rs73158180	7	151402852	A	C	0.2945	-0.0089	0.086	-0.103488	0.9176	4046	Neuritic_Plaques_Any
rs4716908	7	155561010	T	C	0.2339	-0.0839	0.0834	-1.006	0.3144	4046	Neuritic_Plaques_Any
rs7015858	8	1724307	C	T	0.6924	0.0501	0.0786	0.6374045801526718	0.5237	4046	Neuritic_Plaques_Any
rs907183	NA	NA	NA	NA	NA	NA	NA	NA	NA	NA	NA
rs6601523	8	10635141	G	A	0.5951	0.0146	0.0737	0.19810040705563092	0.8432	4046	Neuritic_Plaques_Any
rs4840581	8	11635569	T	C	0.5646	0.0624	0.0725	0.86069	0.3895	4046	Neuritic_Plaques_Any
rs13279822	NA	NA	NA	NA	NA	NA	NA	NA	NA	NA	NA
rs7821832	8	25889446	T	G	0.2491	-0.122	0.0792	-1.5404	0.1235	4046	Neuritic_Plaques_Any
rs62502006	8	30319467	A	G	0.259	-0.0383	0.0812	-0.471675	0.6371	4046	Neuritic_Plaques_Any
rs11991469	NA	NA	NA	NA	NA	NA	NA	NA	NA	NA	NA
rs7845722	8	33309993	G	A	0.5903	0.0294	0.0726	0.4049586776859504	0.6859999999999999	4046	Neuritic_Plaques_Any
rs10101096	8	38292147	A	C	0.2259	-0.0023	0.0867	-0.0265283	0.9791	4046	Neuritic_Plaques_Any
rs2978456	8	42324765	T	C	0.4453	-0.1278	0.0773	-1.6533	0.09801	4046	Neuritic_Plaques_Any
rs4873492	8	51947549	C	T	0.1788	0.1081	0.0963	1.122533748701973	0.2617	4046	Neuritic_Plaques_Any
rs2354862	8	64501744	A	C	0.3624	-0.0604	0.0753	-0.802125	0.4225	4046	Neuritic_Plaques_Any
rs10089500	8	74617061	G	A	0.0647	-0.053	0.142	-0.3732394366197183	0.7087	4046	Neuritic_Plaques_Any
rs117403674	NA	NA	NA	NA	NA	NA	NA	NA	NA	NA	NA
rs1350100	8	76054904	A	G	0.5514	-0.012	0.073	-0.164384	0.87	4046	Neuritic_Plaques_Any
rs1449544	8	76591880	A	C	0.4686	-0.0098	0.069	-0.142029	0.8869	4046	Neuritic_Plaques_Any
rs6985531	8	77695388	T	C	0.1582	-0.0058	0.1003	-0.0578265	0.9536	4046	Neuritic_Plaques_Any
rs7009170	8	92149429	T	C	0.6822	0.0734	0.0759	0.967062	0.3333	4046	Neuritic_Plaques_Any
rs34917849	NA	NA	NA	NA	NA	NA	NA	NA	NA	NA	NA
rs13263821	NA	NA	NA	NA	NA	NA	NA	NA	NA	NA	NA
rs28499085	8	110107161	A	G	0.2727	0.0423	0.0823	0.513973	0.6074	4046	Neuritic_Plaques_Any
rs2205260	8	116959837	A	C	0.8416	0.0978	0.0971	1.00721	0.3138	4046	Neuritic_Plaques_Any
rs7341594	8	120409477	G	A	0.2295	0.0619	0.0865	0.715606936416185	0.4739	4046	Neuritic_Plaques_Any
rs4909595	NA	NA	NA	NA	NA	NA	NA	NA	NA	NA	NA
rs4440615	8	141057641	G	A	0.6246	0.0293	0.0726	0.4035812672176309	0.6864	4046	Neuritic_Plaques_Any
rs7011889	8	144005260	A	C	0.46	-0.0297	0.0714	-0.415966	0.6777	4046	Neuritic_Plaques_Any
rs7042232	9	14533251	G	A	0.3474	-0.0723	0.077	-0.938961038961039	0.3476	4046	Neuritic_Plaques_Any
rs4977492	9	19057551	T	C	0.3308	0.1944	0.0748	2.59893	0.009351	4046	Neuritic_Plaques_Any
rs4977575	NA	NA	NA	NA	NA	NA	NA	NA	NA	NA	NA
rs4553000	9	34223553	C	T	0.5135	-0.0499	0.0716	-0.696927374301676	0.486	4046	Neuritic_Plaques_Any
rs113276784	9	35225357	A	G	0.2283	-0.0729	0.0844	-0.863744	0.3875	4046	Neuritic_Plaques_Any
rs7047650	NA	NA	NA	NA	NA	NA	NA	NA	NA	NA	NA
rs34587684	9	85076420	C	T	0.1916	0.0339	0.0918	0.36928104575163395	0.7115	4046	Neuritic_Plaques_Any
rs7045409	NA	NA	NA	NA	NA	NA	NA	NA	NA	NA	NA
rs10988442	9	101739709	A	G	0.3941	0.0065	0.0728	0.0892857	0.9286	4046	Neuritic_Plaques_Any
rs76038906	9	113250200	G	T	0.0415	0.2777	0.1925	1.4425974025974027	0.1492	4046	Neuritic_Plaques_Any
rs13290326	9	116696625	C	T	0.5014	0.0347	0.0713	0.48667601683029454	0.627	4046	Neuritic_Plaques_Any
rs3827676	9	116941019	C	T	0.4116	0.0579	0.0737	0.7856173677069199	0.4322	4046	Neuritic_Plaques_Any
rs10982910	9	118534500	T	G	0.0951	0.1322	0.1284	1.0296	0.3031	4046	Neuritic_Plaques_Any
rs2241003	NA	NA	NA	NA	NA	NA	NA	NA	NA	NA	NA
rs7854147	9	125863350	A	G	0.1092	0.093	0.1229	0.756713	0.4493	4046	Neuritic_Plaques_Any
rs142378207	9	127825168	G	A	0.1348	-0.0025	0.1133	-0.02206531332744925	0.9826	4046	Neuritic_Plaques_Any
rs7869756	9	131210410	A	G	0.1732	-0.1591	0.0992	-1.60383	0.1087	4046	Neuritic_Plaques_Any
rs3780190	9	139099073	A	G	0.5276	0.1176	0.0752	1.56383	0.1178	4046	Neuritic_Plaques_Any
rs36006409	10	10876943	T	G	0.207	0.1398	0.0969	1.44272	0.1492	4046	Neuritic_Plaques_Any
rs11257655	10	12307894	C	T	0.2	0.0432	0.0913	0.47316538882803943	0.636	4046	Neuritic_Plaques_Any
rs1779240	10	18476313	G	A	0.7661	0.1556	0.0818	1.902200488997555	0.05711	4046	Neuritic_Plaques_Any
rs12258967	NA	NA	NA	NA	NA	NA	NA	NA	NA	NA	NA
rs11010905	NA	NA	NA	NA	NA	NA	NA	NA	NA	NA	NA
rs11011915	10	20545971	G	A	0.2073	-0.0264	0.0851	-0.3102232667450059	0.7567	4046	Neuritic_Plaques_Any
rs10732433	10	21037294	C	T	0.4261	0.0545	0.0721	0.7558945908460472	0.4499	4046	Neuritic_Plaques_Any
rs11006778	10	28228037	A	G	0.4675	-0.0141	0.0713	-0.197756	0.8434	4046	Neuritic_Plaques_Any
rs9337951	10	30317073	G	A	0.3389	0.1521	0.0889	1.7109111361079865	0.08703999999999999	4046	Neuritic_Plaques_Any
rs3006576	10	31244928	T	C	0.3057	0.0169	0.0769	0.219766	0.8261	4046	Neuritic_Plaques_Any
rs211359	10	32316360	A	C	0.2154	-0.0365	0.0899	-0.406007	0.6843	4046	Neuritic_Plaques_Any
rs4948524	10	60351224	C	A	0.5291	-0.1704	0.0727	-2.343878954607978	0.019119999999999998	4046	Neuritic_Plaques_Any
rs7099368	10	61566323	T	C	0.4005	0.0921	0.0717	1.28452	0.1992	4046	Neuritic_Plaques_Any
rs57946343	10	63499951	T	C	0.1382	-0.0405	0.1022	-0.396282	0.6922	4046	Neuritic_Plaques_Any
rs6415872	10	63660689	G	A	0.4853	0.1153	0.0716	1.6103351955307263	0.107	4046	Neuritic_Plaques_Any
rs4746726	10	69820644	T	C	0.3442	0.0023	0.0752	0.0305851	0.9757	4046	Neuritic_Plaques_Any
rs4746150	10	75565935	A	G	0.1222	-0.1197	0.1103	-1.08522	0.2779	4046	Neuritic_Plaques_Any
rs55947600	10	75797672	G	A	0.4554	0.1767	0.0728	2.427197802197802	0.015130000000000001	4046	Neuritic_Plaques_Any
rs10887914	10	82215288	T	C	0.512	-0.0384	0.071	-0.540845	0.5883	4046	Neuritic_Plaques_Any
rs148994653	10	89615562	A	G	0.2007	-0.1671	0.0891	-1.87542	0.06071	4046	Neuritic_Plaques_Any
rs12240758	10	89807339	C	T	0.2761	0.012	0.0832	0.14423076923076925	0.8853	4046	Neuritic_Plaques_Any
rs111866816	10	94441507	C	T	0.0753	0.0711	0.1473	0.48268839103869654	0.6293	4046	Neuritic_Plaques_Any
rs7070115	10	95900004	A	G	0.4354	0.1319	0.0731	1.80438	0.07111	4046	Neuritic_Plaques_Any
rs11187998	10	96278395	G	A	0.4382	-0.0979	0.0706	-1.386685552407932	0.1659	4046	Neuritic_Plaques_Any
rs11190709	10	102552663	G	A	0.8945	-0.1631	0.1178	-1.3845500848896435	0.1663	4046	Neuritic_Plaques_Any
rs11191156	10	103702763	A	G	0.3296	-0.1186	0.0771	-1.53826	0.1243	4046	Neuritic_Plaques_Any
rs138112129	NA	NA	NA	NA	NA	NA	NA	NA	NA	NA	NA
rs112913898	10	104958900	G	A	0.0952	-0.061	0.1209	-0.5045492142266336	0.6137	4046	Neuritic_Plaques_Any
rs10883942	10	105651386	T	C	0.4889	0.0706	0.0734	0.961853	0.3356	4046	Neuritic_Plaques_Any
rs10885409	10	114808072	T	C	0.464	0.077	0.0737	1.04478	0.2957	4046	Neuritic_Plaques_Any
rs10787515	10	115790005	T	C	0.4797	0.0861	0.0714	1.20588	0.228	4046	Neuritic_Plaques_Any
rs72830615	10	122988575	A	G	0.4042	-0.0372	0.0737	-0.504749	0.6135	4046	Neuritic_Plaques_Any
rs1133400	10	134459388	A	G	0.2139	-0.0802	0.0866	-0.926097	0.3545	4046	Neuritic_Plaques_Any
rs72844798	11	809666	G	A	0.2379	-0.0433	0.0963	-0.44963655244029077	0.6528	4046	Neuritic_Plaques_Any
rs686722	11	1891722	C	T	0.3638	0.1244	0.0791	1.572692793931732	0.1158	4046	Neuritic_Plaques_Any
rs74048200	11	2120298	A	G	0.068	0.0131	0.2106	0.0622032	0.9503	4046	Neuritic_Plaques_Any
rs143435810	11	9782346	A	G	0.03	-0.069	0.2748	-0.251092	0.8018	4046	Neuritic_Plaques_Any
rs138546576	11	10194152	G	A	0.0884	0.09	0.1471	0.6118286879673691	0.5404	4046	Neuritic_Plaques_Any
rs7131442	NA	NA	NA	NA	NA	NA	NA	NA	NA	NA	NA
rs10832778	NA	NA	NA	NA	NA	NA	NA	NA	NA	NA	NA
rs10766533	NA	NA	NA	NA	NA	NA	NA	NA	NA	NA	NA
rs2582908	NA	NA	NA	NA	NA	NA	NA	NA	NA	NA	NA
rs11031051	11	30355707	A	C	0.3076	-0.0047	0.0766	-0.0613577	0.9512	4046	Neuritic_Plaques_Any
rs4922591	11	32374199	T	C	0.5926	-0.0091	0.0777	-0.117117	0.9063	4046	Neuritic_Plaques_Any
rs10838212	11	44019715	G	A	0.1362	-0.1344	0.1131	-1.1883289124668435	0.2348	4046	Neuritic_Plaques_Any
rs714417	11	45247176	T	C	0.6927	-0.0106	0.0758	-0.139842	0.8889	4046	Neuritic_Plaques_Any
rs7107356	11	47676170	A	G	0.5179	0.0146	0.0718	0.203343	0.8386	4046	Neuritic_Plaques_Any
rs9667596	11	48691193	T	C	0.1346	0.0745	0.109	0.683486	0.4946	4046	Neuritic_Plaques_Any
rs6486003	NA	NA	NA	NA	NA	NA	NA	NA	NA	NA	NA
rs7127896	11	51519416	C	T	0.8325	-0.0659	0.0978	-0.6738241308793457	0.5004	4046	Neuritic_Plaques_Any
rs11229252	11	55129640	C	T	0.0895	0.3357	0.16	2.098125	0.03587	4046	Neuritic_Plaques_Any
rs4939043	11	56171183	A	C	0.8786	-0.0867	0.113	-0.767257	0.4429	4046	Neuritic_Plaques_Any
rs11607056	11	57496820	C	T	0.0686	0.8468	0.4285	1.976196032672112	0.04815	4046	Neuritic_Plaques_Any
rs174566	11	61592362	A	G	0.343	-0.0376	0.0737	-0.510176	0.6093	4046	Neuritic_Plaques_Any
rs4980515	11	63744609	T	C	0.5172	-0.0863	0.0711	-1.21378	0.2243	4046	Neuritic_Plaques_Any
rs588177	11	64024056	C	A	0.6678	-0.0323	0.0763	-0.4233289646133683	0.6725	4046	Neuritic_Plaques_Any
rs144822931	11	65398943	T	C	0.0203	0.0763	0.2734	0.279078	0.7802	4046	Neuritic_Plaques_Any
rs7119612	11	65570517	C	T	0.0947	0.1597	0.1353	1.180339985218034	0.23800000000000002	4046	Neuritic_Plaques_Any
rs7395791	11	69262916	G	A	0.4396	-0.0604	0.0758	-0.7968337730870712	0.4256	4046	Neuritic_Plaques_Any
rs72931748	11	69825414	A	G	0.0912	-0.0724	0.1348	-0.537092	0.5913	4046	Neuritic_Plaques_Any
rs1687692	11	76512416	G	A	0.203	-0.001	0.0925	-0.010810810810810811	0.9918	4046	Neuritic_Plaques_Any
rs2289125	11	89224453	A	C	0.7959	-0.0775	0.09699999999999999	-0.798969	0.424	4046	Neuritic_Plaques_Any
rs10830963	NA	NA	NA	NA	NA	NA	NA	NA	NA	NA	NA
rs11021221	NA	NA	NA	NA	NA	NA	NA	NA	NA	NA	NA
rs604723	11	100610546	T	C	0.7174	0.0481	0.0786	0.611959	0.5404	4046	Neuritic_Plaques_Any
rs12807220	11	102077200	G	A	0.3568	0.0073	0.0773	0.09443725743855111	0.9245	4046	Neuritic_Plaques_Any
rs4754196	11	107096777	A	G	0.4604	-0.1694	0.0716	-2.36592	0.01798	4046	Neuritic_Plaques_Any
rs11214503	11	112986754	C	T	0.5435	-0.0244	0.0705	-0.3460992907801419	0.7289	4046	Neuritic_Plaques_Any
rs641620	11	117074229	T	C	0.1326	0.2578	0.1127	2.28749	0.02215	4046	Neuritic_Plaques_Any
rs573455	11	117267884	A	G	0.543	0.111	0.0717	1.54812	0.1215	4046	Neuritic_Plaques_Any
rs78799967	11	118266523	C	T	0.0436	-0.1258	0.2576	-0.4883540372670807	0.6251	4046	Neuritic_Plaques_Any
rs11222084	NA	NA	NA	NA	NA	NA	NA	NA	NA	NA	NA
rs10736585	11	130465785	C	T	0.6631	-0.0634	0.0747	-0.8487282463186077	0.396	4046	Neuritic_Plaques_Any
rs11603014	11	130730825	G	A	0.2287	-0.1228	0.0825	-1.4884848484848485	0.1367	4046	Neuritic_Plaques_Any
rs486098	12	388657	C	T	0.259	-0.0174	0.0815	-0.2134969325153374	0.8307	4046	Neuritic_Plaques_Any
rs3819532	12	2436837	T	C	0.6018	-0.0033	0.0751	-0.0439414	0.9646	4046	Neuritic_Plaques_Any
rs117233107	12	4328521	G	A	0.0249	-0.0542	0.461	-0.11757049891540129	0.9064	4046	Neuritic_Plaques_Any
rs11609905	12	12656760	C	T	0.2718	-0.0564	0.0788	-0.7157360406091371	0.4747	4046	Neuritic_Plaques_Any
rs4763297	NA	NA	NA	NA	NA	NA	NA	NA	NA	NA	NA
rs7313556	12	15297359	A	G	0.6649	-0.0295	0.0782	-0.377238	0.7058	4046	Neuritic_Plaques_Any
rs10841389	12	20017599	G	A	0.2146	-0.1953	0.0852	-2.2922535211267605	0.02185	4046	Neuritic_Plaques_Any
rs10770612	12	20230639	A	G	0.202	-0.0392	0.0861	-0.455285	0.6493	4046	Neuritic_Plaques_Any
rs34085523	12	20760410	G	A	0.4578	0.1461	0.0747	1.9558232931726909	0.050480000000000004	4046	Neuritic_Plaques_Any
rs704191	12	22015022	T	C	0.5491	0.0723	0.0737	0.981004	0.3263	4046	Neuritic_Plaques_Any
rs17287293	12	24770878	A	G	0.1625	0.142	0.0982	1.44603	0.1481	4046	Neuritic_Plaques_Any
rs10842991	12	27962103	C	T	0.1937	-0.0358	0.0942	-0.3800424628450106	0.7037	4046	Neuritic_Plaques_Any
rs11052722	12	33626530	G	A	0.5367	-0.0882	0.0715	-1.2335664335664336	0.2173	4046	Neuritic_Plaques_Any
rs2261608	NA	NA	NA	NA	NA	NA	NA	NA	NA	NA	NA
rs150857355	NA	NA	NA	NA	NA	NA	NA	NA	NA	NA	NA
rs117945311	NA	NA	NA	NA	NA	NA	NA	NA	NA	NA	NA
rs7315980	12	53449321	G	A	0.0985	-0.031	0.1212	-0.25577557755775576	0.7983	4046	Neuritic_Plaques_Any
rs117928258	12	53457585	C	T	0.015	-0.7114	0.8647	-0.8227130796808142	0.4107	4046	Neuritic_Plaques_Any
rs67772913	12	54435716	A	G	0.2903	0.1789	0.0845	2.11716	0.03431	4046	Neuritic_Plaques_Any
rs7968719	NA	NA	NA	NA	NA	NA	NA	NA	NA	NA	NA
rs1351394	12	66351826	T	C	0.5076	-0.088	0.0714	-1.23249	0.2174	4046	Neuritic_Plaques_Any
rs4842266	12	79951566	G	A	0.6697	0.0806	0.0748	1.0775401069518717	0.2813	4046	Neuritic_Plaques_Any
rs111478946	12	90058842	G	A	0.1751	-0.0176	0.0893	-0.19708846584546472	0.8435	4046	Neuritic_Plaques_Any
rs10859568	NA	NA	NA	NA	NA	NA	NA	NA	NA	NA	NA
rs114697502	12	94677559	C	T	0.0838	-0.0421	0.1313	-0.32063975628332064	0.7482	4046	Neuritic_Plaques_Any
rs7977311	12	95487226	C	T	0.1212	0.032	0.10780000000000001	0.29684601113172543	0.7666	4046	Neuritic_Plaques_Any
rs1520222	12	102797293	G	A	0.7356	-0.0447	0.0796	-0.5615577889447235	0.5741	4046	Neuritic_Plaques_Any
rs7956131	12	110340053	A	G	0.0715	0.0541	0.1391	0.388929	0.6976	4046	Neuritic_Plaques_Any
rs11065861	12	111752211	A	G	0.2177	0.1067	0.0907	1.17641	0.2395	4046	Neuritic_Plaques_Any
rs35429	12	115555867	A	G	0.3771	0.1457	0.0764	1.90707	0.056589999999999994	4046	Neuritic_Plaques_Any
rs6490019	12	115920472	A	G	0.6154	-0.0428	0.0754	-0.567639	0.5701	4046	Neuritic_Plaques_Any
rs61935847	12	116630136	T	G	0.2314	0.0991	0.0888	1.11599	0.2645	4046	Neuritic_Plaques_Any
rs606950	13	22298923	G	A	0.6249	-0.0054	0.0746	-0.07238605898123325	0.9423	4046	Neuritic_Plaques_Any
rs7338758	13	30137828	T	C	0.7634	-0.2479	0.0891	-2.78227	0.0053939999999999995	4046	Neuritic_Plaques_Any
rs9525471	13	41886568	A	G	0.7381	0.0125	0.0824	0.151699	0.8789	4046	Neuritic_Plaques_Any
rs7491248	13	47180671	G	A	0.2232	-0.0098	0.0828	-0.11835748792270531	0.9062	4046	Neuritic_Plaques_Any
rs4304924	13	79238925	G	A	0.5848	-0.0323	0.0752	-0.4295212765957447	0.6679	4046	Neuritic_Plaques_Any
rs4287430	NA	NA	NA	NA	NA	NA	NA	NA	NA	NA	NA
rs3742182	13	111375132	C	T	0.8058	-0.0682	0.0954	-0.7148846960167715	0.4744	4046	Neuritic_Plaques_Any
rs9549328	13	113636156	C	T	0.2312	0.1062	0.0894	1.1879194630872485	0.235	4046	Neuritic_Plaques_Any
rs7331680	13	115000650	G	T	0.1893	-0.013000000000000001	0.0883	-0.14722536806342015	0.8831	4046	Neuritic_Plaques_Any
rs365990	14	23861811	A	G	0.3642	0.1156	0.0766	1.50914	0.1312	4046	Neuritic_Plaques_Any
rs696	14	35871093	C	T	0.3933	0.0501	0.0718	0.6977715877437325	0.4849	4046	Neuritic_Plaques_Any
rs34983854	14	39858442	A	G	0.3623	0.0467	0.0781	0.597951	0.5498	4046	Neuritic_Plaques_Any
rs142004400	14	50829560	A	C	0.0285	-0.9384	0.2615	-3.58853	3.323e-4	4046	Neuritic_Plaques_Any
rs8009633	NA	NA	NA	NA	NA	NA	NA	NA	NA	NA	NA
rs9323466	NA	NA	NA	NA	NA	NA	NA	NA	NA	NA	NA
rs8003103	14	71451265	G	A	0.3417	-0.0296	0.0755	-0.3920529801324504	0.6955	4046	Neuritic_Plaques_Any
rs2215590	14	73297741	C	T	0.2634	-0.0016	0.08199999999999999	-0.019512195121951223	0.9849	4046	Neuritic_Plaques_Any
rs11159091	14	75074316	G	A	0.4626	-0.0499	0.076	-0.656578947368421	0.5114	4046	Neuritic_Plaques_Any
rs11627326	NA	NA	NA	NA	NA	NA	NA	NA	NA	NA	NA
rs4904503	14	89565130	C	T	0.2977	0.0714	0.0769	0.928478543563069	0.3535	4046	Neuritic_Plaques_Any
rs8023114	14	92391955	G	A	0.3543	0.1011	0.0791	1.2781289506953222	0.201	4046	Neuritic_Plaques_Any
rs11160085	14	93112102	T	C	0.2929	0.1318	0.0851	1.54877	0.1215	4046	Neuritic_Plaques_Any
rs8013933	14	94465789	T	C	0.3039	0.1982	0.0827	2.39661	0.01653	4046	Neuritic_Plaques_Any
rs7154431	NA	NA	NA	NA	NA	NA	NA	NA	NA	NA	NA
rs9324011	14	100136575	A	C	0.6152	-0.1423	0.0782	-1.81969	0.0687	4046	Neuritic_Plaques_Any
rs11160546	14	100233353	C	T	0.6669	0.0497	0.0741	0.6707152496626181	0.5023	4046	Neuritic_Plaques_Any
rs11626434	NA	NA	NA	NA	NA	NA	NA	NA	NA	NA	NA
rs8017780	14	103987305	C	A	0.2342	0.1163	0.0847	1.3730814639905549	0.1695	4046	Neuritic_Plaques_Any
rs11629850	15	40317075	G	A	0.5506	-0.1323	0.0729	-1.8148148148148147	0.0695	4046	Neuritic_Plaques_Any
rs7178506	15	41096097	T	C	0.388	-0.0452	0.0781	-0.578745	0.5625	4046	Neuritic_Plaques_Any
rs2015637	15	48716853	T	C	0.1099	0.0603	0.1206	0.5	0.6169	4046	Neuritic_Plaques_Any
rs3098186	15	50810621	C	T	0.5081	-0.2022	0.0708	-2.8559322033898304	0.004268	4046	Neuritic_Plaques_Any
rs17271730	15	62757722	A	G	0.3586	0.0557	0.0759	0.73386	0.4632	4046	Neuritic_Plaques_Any
rs55962736	15	63333892	G	T	0.506	0.0805	0.0724	1.111878453038674	0.2666	4046	Neuritic_Plaques_Any
rs832890	15	65166309	C	T	0.4602	0.0225	0.0726	0.30991735537190085	0.7566	4046	Neuritic_Plaques_Any
rs2289261	NA	NA	NA	NA	NA	NA	NA	NA	NA	NA	NA
rs4337253	NA	NA	NA	NA	NA	NA	NA	NA	NA	NA	NA
rs8042039	15	74225518	C	T	0.1546	0.1293	0.1029	1.2565597667638484	0.2092	4046	Neuritic_Plaques_Any
rs9210	15	75128501	T	C	0.7265	-0.0132	0.08	-0.165	0.8691	4046	Neuritic_Plaques_Any
rs61157089	15	79155412	T	C	0.1473	0.0304	0.1036	0.293436	0.7695	4046	Neuritic_Plaques_Any
rs11634851	NA	NA	NA	NA	NA	NA	NA	NA	NA	NA	NA
rs17158080	15	83798496	C	T	0.3026	0.0968	0.0797	1.2145545796737767	0.2244	4046	Neuritic_Plaques_Any
rs3743157	15	85680532	C	A	0.1753	0.0227	0.0946	0.23995771670190275	0.8104	4046	Neuritic_Plaques_Any
rs8024518	15	85961551	G	A	0.1559	-0.0771	0.0977	-0.7891504605936541	0.4299	4046	Neuritic_Plaques_Any
rs28547445	15	89576961	T	C	0.0776	-0.4891	0.1912	-2.55805	0.01053	4046	Neuritic_Plaques_Any
rs28611491	15	90641809	C	T	0.0837	0.1879	0.1569	1.1975780752071383	0.2311	4046	Neuritic_Plaques_Any
rs7497304	15	91429176	G	T	0.3164	0.0057	0.0787	0.0724269377382465	0.9421	4046	Neuritic_Plaques_Any
rs11074093	15	93222897	C	T	0.5784	0.0617	0.0747	0.8259705488621151	0.4093	4046	Neuritic_Plaques_Any
rs11632112	NA	NA	NA	NA	NA	NA	NA	NA	NA	NA	NA
rs11248862	16	1344291	A	G	0.8917	0.0975	0.11900000000000001	0.819328	0.4128	4046	Neuritic_Plaques_Any
rs17694688	16	4349011	G	A	0.1842	-0.1547	0.1206	-1.2827529021558872	0.1995	4046	Neuritic_Plaques_Any
rs6500601	NA	NA	NA	NA	NA	NA	NA	NA	NA	NA	NA
rs10500326	16	4918326	G	T	0.244	-0.0287	0.0835	-0.3437125748502994	0.731	4046	Neuritic_Plaques_Any
rs30229	16	14404222	G	T	0.6365	0.11	0.0739	1.4884979702300407	0.1364	4046	Neuritic_Plaques_Any
rs3915425	16	15912544	T	C	0.3194	-0.0309	0.0777	-0.397683	0.6914	4046	Neuritic_Plaques_Any
rs200528	16	24759131	A	G	0.8051	0.0011	0.1083	0.010157	0.9918	4046	Neuritic_Plaques_Any
rs55861648	16	30833896	G	A	0.2112	0.0143	0.095	0.15052631578947367	0.8807	4046	Neuritic_Plaques_Any
rs34941092	16	50550137	G	A	0.1691	0.0507	0.0992	0.5110887096774194	0.6094	4046	Neuritic_Plaques_Any
rs9937815	16	56330832	A	G	0.3181	0.009	0.0759	0.118577	0.9055	4046	Neuritic_Plaques_Any
rs37060	16	58566304	G	A	0.26	-0.0838	0.0822	-1.0194647201946472	0.3078	4046	Neuritic_Plaques_Any
rs28633979	16	65282820	A	C	0.5643	0.1162	0.0726	1.60055	0.1093	4046	Neuritic_Plaques_Any
rs12149704	16	69789516	G	A	0.0884	0.0557	0.1523	0.365725541694025	0.7143	4046	Neuritic_Plaques_Any
rs62048010	16	70803755	T	C	0.0715	-0.1646	0.1549	-1.06262	0.2879	4046	Neuritic_Plaques_Any
rs62053796	16	71966463	G	A	0.0527	-0.3823	0.1919	-1.9921834288692026	0.04641	4046	Neuritic_Plaques_Any
rs6416749	16	73100308	C	T	0.6965	-0.0276	0.094	-0.2936170212765957	0.7691	4046	Neuritic_Plaques_Any
rs4888408	16	75432824	G	A	0.5871	0.0264	0.0723	0.3651452282157676	0.7152	4046	Neuritic_Plaques_Any
rs56844452	16	80864776	C	T	0.0747	0.0476	0.1479	0.3218390804597701	0.7478	4046	Neuritic_Plaques_Any
rs7500448	16	83045790	A	G	0.2516	0.1504	0.087	1.72874	0.08377000000000001	4046	Neuritic_Plaques_Any
rs28651151	16	83413352	T	G	0.2733	0.0966	0.081	1.19259	0.233	4046	Neuritic_Plaques_Any
rs3950627	16	86436343	C	A	0.5104	-0.0411	0.075	-0.548	0.5835	4046	Neuritic_Plaques_Any
rs7499959	NA	NA	NA	NA	NA	NA	NA	NA	NA	NA	NA
rs35613341	NA	NA	NA	NA	NA	NA	NA	NA	NA	NA	NA
rs2434865	NA	NA	NA	NA	NA	NA	NA	NA	NA	NA	NA
rs12948875	17	1347649	A	C	0.7052	0.0174	0.0767	0.226858	0.8209	4046	Neuritic_Plaques_Any
rs4480845	17	1958609	T	C	0.6269	0.0261	0.0787	0.331639	0.7403	4046	Neuritic_Plaques_Any
rs4796514	17	6475090	T	C	0.3944	0.1266	0.0734	1.7248000000000001	0.08446000000000001	4046	Neuritic_Plaques_Any
rs2074216	17	7133609	G	A	0.3523	-0.0366	0.0823	-0.44471445929526127	0.6561	4046	Neuritic_Plaques_Any
rs78378222	17	7571752	T	G	0.0118	-0.7857	1.3198	-0.595317	0.5516	4046	Neuritic_Plaques_Any
rs62062618	17	7658587	G	A	0.1207	0.1233	0.1376	0.8960755813953489	0.3703	4046	Neuritic_Plaques_Any
rs138285687	17	27195674	C	T	0.036	-0.102	0.2219	-0.4596665164488508	0.6459	4046	Neuritic_Plaques_Any
rs9900089	17	30772577	C	T	0.5954	0.053900000000000003	0.0728	0.7403846153846154	0.4588	4046	Neuritic_Plaques_Any
rs12150495	17	40388430	G	A	0.0649	0.1017	0.26	0.39115384615384613	0.6957	4046	Neuritic_Plaques_Any
rs324075	17	41026523	A	G	0.1734	-0.0557	0.1137	-0.489886	0.6239	4046	Neuritic_Plaques_Any
rs150055076	17	42009211	G	A	0.1854	-0.0998	0.0944	-1.0572033898305084	0.2907	4046	Neuritic_Plaques_Any
rs12603813	17	43196584	T	C	0.2597	0.1675	0.0863	1.9409	0.05214	4046	Neuritic_Plaques_Any
rs17608766	17	45013271	T	C	0.1217	0.0023	0.1215	0.01893	0.9846	4046	Neuritic_Plaques_Any
rs62065796	17	46508156	G	A	0.022	-0.3997	0.3042	-1.313938198553583	0.1888	4046	Neuritic_Plaques_Any
rs9221	17	46675813	C	T	0.9059	-0.009000000000000001	0.1232	-0.07305194805194806	0.9421	4046	Neuritic_Plaques_Any
rs80080721	17	47777540	G	T	0.1314	-0.1234	0.1042	-1.1842610364683301	0.2362	4046	Neuritic_Plaques_Any
rs12325702	NA	NA	NA	NA	NA	NA	NA	NA	NA	NA	NA
rs2645490	17	57878509	G	A	0.2381	0.0036	0.099	0.03636363636363636	0.9713	4046	Neuritic_Plaques_Any
rs2109019	17	59475888	A	C	0.7791	0.0886	0.0899	0.985539	0.3242	4046	Neuritic_Plaques_Any
rs56288724	17	60767135	A	G	0.4211	0.0379	0.0769	0.492848	0.6219	4046	Neuritic_Plaques_Any
rs1991401	17	62502435	A	G	0.3348	-0.0105	0.0783	-0.1341	0.8932	4046	Neuritic_Plaques_Any
rs112699970	17	64257958	A	G	0.0281	-0.0047	0.2243	-0.0209541	0.9832	4046	Neuritic_Plaques_Any
rs35504735	17	74686809	A	G	0.4433	-0.0491	0.0713	-0.68864	0.4912	4046	Neuritic_Plaques_Any
rs34587622	17	75398498	C	T	0.1135	0.073	0.1675	0.435820895522388	0.6628	4046	Neuritic_Plaques_Any
rs9302885	17	76799898	A	G	0.5501	-0.0268	0.07400000000000001	-0.362162	0.7175	4046	Neuritic_Plaques_Any
rs9901265	17	79415766	G	A	0.3992	0.0481	0.0968	0.496900826446281	0.6192	4046	Neuritic_Plaques_Any
rs34413141	NA	NA	NA	NA	NA	NA	NA	NA	NA	NA	NA
rs929581	18	20069699	T	C	0.3554	-0.0435	0.0763	-0.570118	0.5687	4046	Neuritic_Plaques_Any
rs61735998	18	34289285	G	T	0.0163	-0.0211	0.5243	-0.04024413503719245	0.9679	4046	Neuritic_Plaques_Any
rs9949727	18	42088422	G	A	0.315	-0.0342	0.078	-0.43846153846153846	0.6613	4046	Neuritic_Plaques_Any
rs11874246	18	42596789	C	T	0.3122	0.0448	0.0779	0.5750962772785623	0.5651	4046	Neuritic_Plaques_Any
rs7236548	18	43097750	C	A	0.1676	0.0518	0.098	0.5285714285714286	0.597	4046	Neuritic_Plaques_Any
rs11872627	18	48287818	C	T	0.1339	0.1124	0.1144	0.9825174825174825	0.3257	4046	Neuritic_Plaques_Any
rs10048404	18	54578482	C	T	0.4044	-0.1122	0.0833	-1.346938775510204	0.17800000000000002	4046	Neuritic_Plaques_Any
rs663640	18	57846077	C	T	0.2192	0.0897	0.0907	0.9889746416758545	0.3225	4046	Neuritic_Plaques_Any
rs12172847	18	60223017	G	A	0.3358	0.0692	0.0764	0.9057591623036649	0.3653	4046	Neuritic_Plaques_Any
rs1047922	18	74070562	T	C	0.1419	-0.0839	0.1207	-0.695112	0.48700000000000004	4046	Neuritic_Plaques_Any
rs7250835	19	670234	T	C	0.8419	0.2425	0.115	2.1087	0.03499	4046	Neuritic_Plaques_Any
rs3760994	19	1435771	G	A	0.4833	-0.1163	0.0969	-1.2002063983488132	0.2297	4046	Neuritic_Plaques_Any
rs8102624	19	2161443	G	A	0.0746	-0.0792	0.1377	-0.5751633986928105	0.5652	4046	Neuritic_Plaques_Any
rs35502362	19	4966041	C	T	0.3465	0.0335	0.0776	0.43170103092783507	0.6658	4046	Neuritic_Plaques_Any
rs10420008	19	7234575	A	G	0.2359	-0.0668	0.0895	-0.746369	0.4556	4046	Neuritic_Plaques_Any
rs12978472	NA	NA	NA	NA	NA	NA	NA	NA	NA	NA	NA
rs10409243	19	10332988	C	T	0.5969	-0.0729	0.0754	-0.9668435013262601	0.3332	4046	Neuritic_Plaques_Any
rs167479	19	11526765	G	T	0.4041	0.2654	0.244	1.087704918032787	0.2767	4046	Neuritic_Plaques_Any
rs7408868	NA	NA	NA	NA	NA	NA	NA	NA	NA	NA	NA
rs8111708	19	18558876	A	G	0.3367	0.0809	0.0761	1.06307	0.28800000000000003	4046	Neuritic_Plaques_Any
rs28572357	19	31867447	A	C	0.369	0.0248	0.076	0.326316	0.7444	4046	Neuritic_Plaques_Any
rs7256564	19	33889593	A	G	0.6787	0.0475	0.0772	0.615285	0.5379	4046	Neuritic_Plaques_Any
rs2303040	19	39138608	T	C	0.4713	-0.0743	0.0743	-1	0.3177	4046	Neuritic_Plaques_Any
rs117557920	19	41078591	G	A	0.1732	-0.0282	0.1259	-0.2239872915011914	0.8226	4046	Neuritic_Plaques_Any
rs1800470	19	41858921	G	A	0.6105	0.0749	0.075	0.9986666666666666	0.318	4046	Neuritic_Plaques_Any
rs7412	19	45412079	C	T	0.0661	-0.7582	0.1946	-3.896197327852004	9.818e-5	4046	Neuritic_Plaques_Any
rs17571725	19	46290822	C	T	0.3512	-0.1861	0.0753	-2.47144754316069	0.01348	4046	Neuritic_Plaques_Any
rs73046792	19	49605705	G	A	0.1804	-0.1325	0.1043	-1.2703739213806329	0.2037	4046	Neuritic_Plaques_Any
rs2143635	20	2793063	T	C	0.1046	-0.0854	0.1226	-0.696574	0.4864	4046	Neuritic_Plaques_Any
rs11087740	20	6657554	T	C	0.495	-0.0471	0.0735	-0.640816	0.5212	4046	Neuritic_Plaques_Any
rs6056341	NA	NA	NA	NA	NA	NA	NA	NA	NA	NA	NA
rs2143618	20	10614420	A	G	0.1622	-0.1041	0.0975	-1.06769	0.2856	4046	Neuritic_Plaques_Any
rs2206815	20	10669188	C	A	0.4864	0.0486	0.0734	0.6621253405994549	0.5074	4046	Neuritic_Plaques_Any
rs6078000	20	10977631	A	G	0.2909	-0.0145	0.0784	-0.184949	0.8537	4046	Neuritic_Plaques_Any
rs6132154	NA	NA	NA	NA	NA	NA	NA	NA	NA	NA	NA
rs6035355	NA	NA	NA	NA	NA	NA	NA	NA	NA	NA	NA
rs6141767	NA	NA	NA	NA	NA	NA	NA	NA	NA	NA	NA
rs6060355	20	33890061	G	A	0.3844	-0.0696	0.0754	-0.9230769230769231	0.3564	4046	Neuritic_Plaques_Any
rs4811601	20	36849007	C	T	0.4399	0.0057	0.0736	0.07744565217391305	0.9387	4046	Neuritic_Plaques_Any
rs4812536	20	40258709	A	G	0.3351	-0.0898	0.0778	-1.15424	0.2483	4046	Neuritic_Plaques_Any
rs6031431	20	42795152	A	G	0.4676	0.1041	0.0727	1.43191	0.1523	4046	Neuritic_Plaques_Any
rs11906149	NA	NA	NA	NA	NA	NA	NA	NA	NA	NA	NA
rs8118848	20	62461572	G	A	0.2734	-0.0203	0.0811	-0.250308261405672	0.8025	4046	Neuritic_Plaques_Any
rs2229742	NA	NA	NA	NA	NA	NA	NA	NA	NA	NA	NA
rs11909120	NA	NA	NA	NA	NA	NA	NA	NA	NA	NA	NA
rs9976596	21	35596842	T	C	0.1545	-0.0259	0.1103	-0.234814	0.8143	4046	Neuritic_Plaques_Any
rs112005532	NA	NA	NA	NA	NA	NA	NA	NA	NA	NA	NA
rs2277788	NA	NA	NA	NA	NA	NA	NA	NA	NA	NA	NA
rs12627651	21	44760603	G	A	0.2994	-0.0913	0.0877	-1.0410490307867732	0.2977	4046	Neuritic_Plaques_Any
rs35796750	21	47422412	C	T	0.6034	-0.0619	0.0901	-0.6870144284128745	0.4923	4046	Neuritic_Plaques_Any
rs11701512	21	47962811	A	G	0.8273	-0.1824	0.1	-1.824	0.06812	4046	Neuritic_Plaques_Any
rs4819852	22	19988167	G	A	0.2818	-0.0964	0.0788	-1.2233502538071066	0.2214	4046	Neuritic_Plaques_Any
rs62235149	22	22196532	G	A	0.3762	-0.0857	0.0751	-1.141145139813582	0.2537	4046	Neuritic_Plaques_Any
rs134092	NA	NA	NA	NA	NA	NA	NA	NA	NA	NA	NA
rs16986825	22	29300306	C	T	0.1523	-0.0285	0.0986	-0.28904665314401623	0.7725	4046	Neuritic_Plaques_Any
rs5753103	22	30768777	G	A	0.4498	-0.0195	0.0718	-0.27158774373259054	0.7863	4046	Neuritic_Plaques_Any
rs5750482	22	38117943	T	C	0.6009	-0.0069	0.0761	-0.0906702	0.9278	4046	Neuritic_Plaques_Any
rs139919	22	40726183	T	C	0.1621	0.0835	0.1037	0.805207	0.4204	4046	Neuritic_Plaques_Any
rs73161324	22	42038786	C	T	0.0671	-0.1115	0.1947	-0.5726759116589625	0.5670000000000001	4046	Neuritic_Plaques_Any
rs6007594	22	45728370	G	A	0.2786	-0.0634	0.0787	-0.8055908513341803	0.4207	4046	Neuritic_Plaques_Any
rs148140538	22	50228044	C	T	0.143	-0.1472	0.1005	-1.4646766169154228	0.1431	4046	Neuritic_Plaques_Any
