SNP	CHROM	POS	REF	ALT	AF	BETA	SE	Z	P	N	TRAIT
rs10158032	1	46332701	T	C	0.279078	-0.0058	0.0182	-0.31868131868131866	0.7502	54162	AD
rs138863615	1	47477558	G	A	0.0648148	0.0744	0.0626	1.1884984025559104	0.2348	54162	AD
rs183649071	NA	NA	NA	NA	NA	NA	NA	NA	NA	NA	NA
rs76568195	NA	NA	NA	NA	NA	NA	NA	NA	NA	NA	NA
rs7525101	1	165109131	C	T	0.499636	-9e-4	0.0159	-0.056603773584905655	0.9554	54162	AD
rs72749035	1	199458732	C	T	0.210824	0.0268	0.0173	1.5491329479768787	0.1219	54162	AD
rs62136185	2	36761732	C	A	0.165759	0.0596	0.0301	1.9800664451827243	0.047369999999999995	54162	AD
rs11682778	NA	NA	NA	NA	NA	NA	NA	NA	NA	NA	NA
rs2941580	2	54862003	G	A	0.564791	-0.0162	0.0156	-1.0384615384615385	0.3004	54162	AD
rs7593962	2	142299923	T	G	0.369477	-0.0016	0.0164	-0.0975609756097561	0.9199	54162	AD
rs741475	2	208087139	C	T	0.557398	0.0177	0.0158	1.12025	0.262	54162	AD
rs78332440	NA	NA	NA	NA	NA	NA	NA	NA	NA	NA	NA
rs76396839	NA	NA	NA	NA	NA	NA	NA	NA	NA	NA	NA
rs78500097	3	71395329	G	A	0.238657	0.0033	0.0185	0.1783783783783784	0.8593	54162	AD
rs115995810	NA	NA	NA	NA	NA	NA	NA	NA	NA	NA	NA
rs1123898	3	120157082	C	T	0.821972	-0.0427	0.019	-2.24737	0.02458	54162	AD
rs3915060	3	121712980	C	T	0.7085	0.0213	0.0175	1.2171400000000001	0.2242	54162	AD
rs9856073	3	156258387	G	T	0.784068	-0.0084	0.0192	-0.4375	0.6604	54162	AD
rs6443802	3	182137631	C	A	0.362213	0.0069	0.0167	0.41317365269461076	0.6782	54162	AD
rs3121418	4	3251575	G	A	0.389153	0.0042	0.0163	0.25766871165644173	0.7977	54162	AD
rs13147559	4	17524570	C	G	0.139956	-0.0098	0.025	-0.39199999999999996	0.6939	54162	AD
rs17089955	NA	NA	NA	NA	NA	NA	NA	NA	NA	NA	NA
rs7712395	5	2559538	C	T	0.111233	0.0366	0.0249	1.4698795180722892	0.1421	54162	AD
rs116839986	NA	NA	NA	NA	NA	NA	NA	NA	NA	NA	NA
rs641221	5	32439324	A	G	0.448508	0.0036	0.0163	0.22085889570552147	0.8236	54162	AD
rs113147371	NA	NA	NA	NA	NA	NA	NA	NA	NA	NA	NA
rs343103	NA	NA	NA	NA	NA	NA	NA	NA	NA	NA	NA
rs6871548	5	73076024	C	T	0.446805	-0.0138	0.0154	-0.8961038961038961	0.3697	54162	AD
rs655939	5	89840934	A	G	0.71934	0.0082	0.0167	0.491018	0.6223	54162	AD
rs13154000	5	93027669	A	G	0.085388	-0.0438	0.0231	-1.896103896103896	0.0576	54162	AD
rs1363103	5	103917837	T	C	0.393745	-0.0242	0.0163	-1.4846625766871167	0.1371	54162	AD
rs35418468	5	133259107	G	C	0.377831	7e-4	0.018	0.03888888888888889	0.9673	54162	AD
rs13171669	5	148601243	A	G	0.387659	-0.0454	0.0157	-2.89171974522293	0.003899	54162	AD
rs142215586	5	160789091	G	A	0.0139493	-0.0625	0.0501	-1.2475049900199602	0.2119	54162	AD
rs184239308	NA	NA	NA	NA	NA	NA	NA	NA	NA	NA	NA
rs72839531	NA	NA	NA	NA	NA	NA	NA	NA	NA	NA	NA
rs12660376	6	16771451	T	C	0.0223393	0.0916	0.0626	1.463258785942492	0.1431	54162	AD
rs3094081	6	30241492	C	A	0.890761	0.0137	0.0294	0.465986	0.6405	54162	AD
rs1050556	6	31324586	C	T	0.510675	-0.0065	0.03	-0.21666666666666667	0.8288	54162	AD
rs35186928	6	32582604	G	A	0.334308	-0.0257	0.0211	-1.2180094786729858	0.2229	54162	AD
rs62646255	NA	NA	NA	NA	NA	NA	NA	NA	NA	NA	NA
rs9451298	6	90660319	T	C	0.287669	0.018000000000000002	0.0176	1.0227272727272727	0.30620000000000003	54162	AD
rs9493627	6	133789728	G	A	0.295926	0.0052	0.0166	0.3132530120481928	0.7548	54162	AD
rs6934436	6	136257057	G	A	0.405229	0.0208	0.0161	1.2919254658385093	0.1946	54162	AD
rs724162	6	151108413	G	A	0.0243548	-0.0457	0.0504	-0.9067460317460317	0.3638	54162	AD
rs2296506	6	158507981	G	A	0.516105	0.0076	0.0154	0.493506	0.6239	54162	AD
rs11772463	7	2078132	A	C	0.22549	0.0365	0.0219	1.6666666666666665	0.09602000000000001	54162	AD
rs10951245	7	3610364	C	T	0.537205	-0.0064	0.0155	-0.412903	0.6795	54162	AD
rs113330725	NA	NA	NA	NA	NA	NA	NA	NA	NA	NA	NA
rs74792704	7	21552700	G	A	0.00290276	0.085	0.0866	0.9815242494226329	0.3265	54162	AD
rs202166322	NA	NA	NA	NA	NA	NA	NA	NA	NA	NA	NA
rs11238325	7	50853151	C	T	0.693718	0.0104	0.018	0.577778	0.5643	54162	AD
rs35624969	NA	NA	NA	NA	NA	NA	NA	NA	NA	NA	NA
rs2354376	NA	NA	NA	NA	NA	NA	NA	NA	NA	NA	NA
rs28595558	8	21540875	C	T	0.373816	0.0186	0.0163	1.1411042944785277	0.2537	54162	AD
rs35311875	NA	NA	NA	NA	NA	NA	NA	NA	NA	NA	NA
rs117303537	8	78770027	C	A	0.0246555	-0.0042	0.0939	-0.04472843450479233	0.9640000000000001	54162	AD
rs74544416	8	82657745	A	G	0.0628396	0.0564	0.0314	1.7961783439490446	0.07302	54162	AD
rs200089766	NA	NA	NA	NA	NA	NA	NA	NA	NA	NA	NA
rs12156228	NA	NA	NA	NA	NA	NA	NA	NA	NA	NA	NA
rs10815523	9	721717	G	T	0.484562	0.0099	0.0164	0.6036585365853658	0.5482	54162	AD
rs516609	9	78069679	C	T	0.130585	-0.0035	0.0236	-0.1483050847457627	0.8818	54162	AD
rs10868564	9	89967771	T	C	0.321545	0.0047	0.0166	0.28313253012048195	0.7753	54162	AD
rs12156559	9	96446863	C	T	0.331573	-0.0031	0.0191	-0.16230366492146597	0.8704	54162	AD
rs784686	9	109906540	A	G	0.5822	-0.0288	0.0155	-1.85806	0.06332	54162	AD
rs10759693	9	117162253	C	T	0.493081	-0.0347	0.0158	-2.1962	0.02862	54162	AD
rs62571785	9	138173592	C	A	0.0616612	-0.0034	0.0337	-0.10089020771513352	0.9192	54162	AD
rs4948502	10	63839417	T	C	0.410247	-0.0079	0.0161	-0.49068322981366463	0.6256	54162	AD
rs150193878	NA	NA	NA	NA	NA	NA	NA	NA	NA	NA	NA
rs2270552	10	75863750	C	T	0.703374	0.0233	0.0175	1.33143	0.1822	54162	AD
rs11596052	10	80520313	T	C	0.203017	0.0232	0.0202	1.1485148514851484	0.2496	54162	AD
rs835267	10	94790035	A	G	0.451769	0.0077	0.0162	0.4753086419753087	0.6343	54162	AD
rs10883567	10	102755779	T	C	0.53595	-0.0237	0.0158	-1.4999999999999998	0.1345	54162	AD
rs10901863	10	126812270	C	T	0.267395	0.0102	0.022	0.4636363636363637	0.6443	54162	AD
rs55635402	11	8056913	A	G	0.218944	0.0134	0.02	0.67	0.5037	54162	AD
rs7926527	11	8099189	C	T	0.626089	0.0026	0.0191	0.136126	0.8928	54162	AD
rs61904542	NA	NA	NA	NA	NA	NA	NA	NA	NA	NA	NA
rs61890355	11	51422105	C	A	0.0567892	0.0293	0.0351	0.8347578347578347	0.4043	54162	AD
rs7104949	11	51449600	A	T	0.219826	0.0222	0.024	0.925	0.3565	54162	AD
rs2878346	11	54807391	C	A	0.26579	-0.0255	0.0238	-1.0714285714285712	0.2843	54162	AD
rs118176061	NA	NA	NA	NA	NA	NA	NA	NA	NA	NA	NA
rs509244	11	56592445	A	G	0.530331	0.0158	0.0157	1.00637	0.3171	54162	AD
rs61904001	11	56599676	C	A	0.0485859	0.0239	0.0792	0.30176767676767674	0.7627	54162	AD
rs147893329	11	57735006	G	C	0.00927273	0.0533	0.085	0.6270588235294117	0.5305	54162	AD
rs11018564	11	89035134	T	C	0.372638	-0.0126	0.0165	-0.7636363636363636	0.446	54162	AD
rs67307131	11	118480223	T	C	0.302616	0.016	0.0166	0.963855421686747	0.3337	54162	AD
rs7112628	NA	NA	NA	NA	NA	NA	NA	NA	NA	NA	NA
rs117971111	NA	NA	NA	NA	NA	NA	NA	NA	NA	NA	NA
rs7313797	12	109896165	T	C	0.502217	0.0265	0.016	1.65625	0.09719	54162	AD
rs117168902	NA	NA	NA	NA	NA	NA	NA	NA	NA	NA	NA
rs117887149	13	20760364	A	T	0.0317835	0.0126	0.0863	0.14600231749710313	0.8835	54162	AD
rs35887622	NA	NA	NA	NA	NA	NA	NA	NA	NA	NA	NA
rs7982293	13	22717681	T	C	0.213767	0.0174	0.0199	0.8743718592964823	0.3836	54162	AD
rs2806936	13	53749752	T	G	0.596245	0.0101	0.0155	0.651613	0.5161	54162	AD
rs920701	13	76417101	C	T	0.614073	0.0189	0.0161	1.17391	0.2402	54162	AD
rs2274058	13	99069380	G	A	0.228665	0.0037	0.0182	0.2032967032967033	0.8407	54162	AD
rs1566129	14	52514912	T	C	0.642468	0.0017	0.0155	0.109677	0.9122	54162	AD
rs148834318	14	73359721	A	C	0.417946	-0.002	0.0169	-0.1183431952662722	0.9053	54162	AD
rs17183201	14	75288697	T	G	0.0749728	-0.0378	0.0407	-0.9287469287469288	0.3527	54162	AD
rs62015199	NA	NA	NA	NA	NA	NA	NA	NA	NA	NA	NA
rs68020185	15	75398920	T	C	0.210889	-0.0268	0.0227	-1.1806167400881058	0.2381	54162	AD
rs12441297	15	89236386	T	G	0.164853	7e-4	0.0202	0.034653465346534656	0.9732	54162	AD
rs1965024	16	51173559	G	A	0.629313	-0.0365	0.0181	-2.01657	0.043789999999999996	54162	AD
rs8063057	16	53812433	T	C	0.435256	0.0069	0.0158	0.4367088607594936	0.6641	54162	AD
rs78417468	16	55492795	G	A	0.217613	0.0267	0.0185	1.4432432432432434	0.1484	54162	AD
rs72801922	16	78522497	G	A	0.0901163	0.0056	0.0269	0.20817843866171004	0.8351	54162	AD
rs222835	17	7134129	A	G	0.578717	-0.0201	0.016	-1.25625	0.2082	54162	AD
rs12944235	17	43813221	G	A	0.589623	0.015	0.0166	0.903614	0.3678	54162	AD
rs16946650	17	61001075	T	A	0.0627266	-0.0549	0.0372	-1.4758064516129032	0.1402	54162	AD
rs188679563	NA	NA	NA	NA	NA	NA	NA	NA	NA	NA	NA
rs143796236	NA	NA	NA	NA	NA	NA	NA	NA	NA	NA	NA
rs111397166	18	44170357	G	A	0.032778	0.0308	0.0933	0.33011789924973206	0.7414	54162	AD
rs72930982	18	52629054	A	G	0.235764	0.0086	0.0185	0.4648648648648649	0.6426	54162	AD
rs11881070	19	2389140	C	T	0.255424	-0.0201	0.0222	-0.9054054054054054	0.3657	54162	AD
rs12977487	19	4201508	G	A	0.156114	0.0046	0.0257	0.17898832684824903	0.8565	54162	AD
rs756997	19	19467085	G	C	0.853219	0.0054	0.0208	0.259615	0.7967	54162	AD
rs62186862	20	1371335	C	T	0.0854809	-0.009	0.0268	-0.33582089552238803	0.7361	54162	AD
rs58087807	20	44089033	T	C	0.0221095	0.099	0.0635	1.5590551181102363	0.1194	54162	AD
rs61734651	NA	NA	NA	NA	NA	NA	NA	NA	NA	NA	NA
rs144394105	NA	NA	NA	NA	NA	NA	NA	NA	NA	NA	NA
rs5756795	22	38122122	T	C	0.471503	-0.0417	0.0156	-2.6730769230769234	0.007294	54162	AD
rs7284708	22	38703106	G	A	0.111091	-0.0289	0.0276	-1.0471014492753623	0.2959	54162	AD
rs36062310	NA	NA	NA	NA	NA	NA	NA	NA	NA	NA	NA
