SNP	CHROM	POS	REF	ALT	AF	BETA	SE	Z	P	N	TRAIT
rs1887858	1	14806011	C	T	0.424473	7.627e-4	0.005603	0.13612350526503658	0.8917	3146	CSF_ptau
rs1353426	NA	NA	NA	NA	NA	NA	NA	NA	NA	NA	NA
rs67474621	NA	NA	NA	NA	NA	NA	NA	NA	NA	NA	NA
rs35638741	NA	NA	NA	NA	NA	NA	NA	NA	NA	NA	NA
rs321240	1	96477165	A	C	0.565651	-0.005294	0.005419	-0.976933	0.3286	3146	CSF_ptau
rs6667502	NA	NA	NA	NA	NA	NA	NA	NA	NA	NA	NA
rs45501495	1	204596454	C	T	0.26867	0.005876	0.006211	0.9460634358396394	0.3442	3146	CSF_ptau
rs3767850	1	214166423	G	A	0.187636	-0.003102	0.008343000000000001	-0.37180870190578924	0.7101	3146	CSF_ptau
rs12620143	2	43085899	A	G	0.696649	0.01047	0.006846	1.52936	0.1263	3146	CSF_ptau
rs11692742	NA	NA	NA	NA	NA	NA	NA	NA	NA	NA	NA
rs974894	2	49330758	C	T	0.439162	-0.005227000000000001	0.005448	-0.9594346549192366	0.3374	3146	CSF_ptau
rs62148582	2	59530236	A	G	0.448094	0.01815	0.0053479999999999995	3.3937920718025434	7.005e-4	3146	CSF_ptau
rs35846556	NA	NA	NA	NA	NA	NA	NA	NA	NA	NA	NA
rs55985303	2	77224951	G	A	0.2421	-0.007061	0.006091	-1.1592513544573961	0.2465	3146	CSF_ptau
rs13023088	2	100576304	C	T	0.15442	-0.005503	0.007905	-0.6961416824794433	0.4864	3146	CSF_ptau
rs115680069	2	104679198	C	A	0.0399274	-0.01311	0.014209999999999999	-0.9225897255453906	0.3561	3146	CSF_ptau
rs275160	NA	NA	NA	NA	NA	NA	NA	NA	NA	NA	NA
rs12691743	NA	NA	NA	NA	NA	NA	NA	NA	NA	NA	NA
rs11896707	2	162184496	A	T	0.706926	0.003696	0.006358	0.581315	0.5611	3146	CSF_ptau
rs114227716	NA	NA	NA	NA	NA	NA	NA	NA	NA	NA	NA
rs35431480	2	185500279	T	C	0.112263	0.005855	0.00761	0.7693823915900132	0.4417	3146	CSF_ptau
rs1367236	2	222316957	T	C	0.832186	0.007836	0.007238	1.08262	0.2791	3146	CSF_ptau
rs143723885	2	241389569	T	A	0.0172289	-0.021	0.02056	-1.0214007782101169	0.3072	3146	CSF_ptau
rs190819318	NA	NA	NA	NA	NA	NA	NA	NA	NA	NA	NA
rs12497285	3	24830148	T	C	0.405773	0.003094	0.0055	0.5625454545454546	0.5738	3146	CSF_ptau
rs9851798	3	44577613	C	A	0.758896	0.005187	0.006071	0.85439	0.3929	3146	CSF_ptau
rs1876245	3	71534763	T	C	0.401776	0.0016920000000000001	0.0053479999999999995	0.31637995512341066	0.7518	3146	CSF_ptau
rs1449404	3	85594359	C	G	0.201704	0.0060539999999999995	0.006335	0.9556432517758483	0.3393	3146	CSF_ptau
rs12496999	3	86198010	G	A	0.582456	0.008141	0.005493	1.48207	0.1384	3146	CSF_ptau
rs114497213	3	115214586	G	T	0.0660617	0.008486	0.01404	0.6044159544159544	0.5455	3146	CSF_ptau
rs10513136	3	141107612	G	A	0.0355072	0.01704	0.01201	1.4188176519567028	0.1559	3146	CSF_ptau
rs4274714	3	146758405	C	T	0.61799	-0.001245	0.005838	-0.213258	0.8312	3146	CSF_ptau
rs9841174	3	167184878	T	C	0.393791	0.002666	0.005478	0.48667396860167944	0.6266	3146	CSF_ptau
rs2315507	4	14974192	G	A	0.679211	0.001932	0.005573	0.346671	0.7288	3146	CSF_ptau
rs4692105	4	30828781	T	C	0.419355	0.002269	0.005448	0.4164831130690162	0.677	3146	CSF_ptau
rs61794560	4	32688119	T	A	0.134566	0.01009	0.01034	0.9758220502901354	0.32899999999999996	3146	CSF_ptau
rs4694825	4	46504263	G	A	0.203097	0.008062	0.007585	1.0628872775214238	0.2879	3146	CSF_ptau
rs4693818	4	88421277	T	C	0.795323	6.887e-4	0.0073549999999999996	0.093637	0.9254	3146	CSF_ptau
rs730925	NA	NA	NA	NA	NA	NA	NA	NA	NA	NA	NA
rs13188114	NA	NA	NA	NA	NA	NA	NA	NA	NA	NA	NA
rs55688158	NA	NA	NA	NA	NA	NA	NA	NA	NA	NA	NA
rs62373400	5	85578826	C	T	0.359381	-0.002763	0.005724	-0.4827044025157233	0.6294	3146	CSF_ptau
rs201527548	NA	NA	NA	NA	NA	NA	NA	NA	NA	NA	NA
rs11747857	NA	NA	NA	NA	NA	NA	NA	NA	NA	NA	NA
rs55874208	NA	NA	NA	NA	NA	NA	NA	NA	NA	NA	NA
rs981609	5	164531025	G	A	0.503309	0.002008	0.00535	0.3753271028037383	0.7075	3146	CSF_ptau
rs34555420	NA	NA	NA	NA	NA	NA	NA	NA	NA	NA	NA
rs3734543	6	26468545	G	C	0.0849057	0.006224	0.009289	0.6700398320594252	0.5029	3146	CSF_ptau
rs9272566	NA	NA	NA	NA	NA	NA	NA	NA	NA	NA	NA
rs9294641	6	66247051	G	A	0.320494	0.005594	0.005569	1.0044891362901778	0.3152	3146	CSF_ptau
rs62408263	6	69975399	C	T	0.18377	0.01489	0.006995	2.128663330950679	0.03341	3146	CSF_ptau
rs12663865	6	88103149	G	A	0.741748	-0.01817	0.006103	-2.97722	0.002939	3146	CSF_ptau
rs2747734	6	99437566	G	T	0.398801	0.0018920000000000002	0.00535	0.3536448598130842	0.7237	3146	CSF_ptau
rs7744432	6	119872600	T	C	0.221517	7.775999999999999e-4	0.006443000000000001	0.12068911997516682	0.9039	3146	CSF_ptau
rs4869859	6	155847549	T	C	0.485085	-0.003121	0.00547	-0.5705667276051188	0.5684	3146	CSF_ptau
rs2614945	7	3601640	T	A	0.363125	-8.851000000000001e-4	0.005496	-0.1610443959243086	0.8721	3146	CSF_ptau
rs366909	7	18260415	C	T	0.692154	0.008194	0.006511	1.25849	0.2083	3146	CSF_ptau
rs56166228	7	77790978	G	A	0.275722	-0.01414	0.00707	-2	0.04554	3146	CSF_ptau
rs10267710	7	95740335	G	T	0.356728	-0.008182	0.005501	-1.4873659334666425	0.13699999999999998	3146	CSF_ptau
rs11767283	7	121947456	A	G	0.245905	-7.957000000000001e-4	0.007691	-0.1034585879599532	0.9176	3146	CSF_ptau
rs67299936	NA	NA	NA	NA	NA	NA	NA	NA	NA	NA	NA
rs11986122	NA	NA	NA	NA	NA	NA	NA	NA	NA	NA	NA
rs1492284	8	18739550	C	G	0.341557	-0.002077	0.0058460000000000005	-0.35528566541224765	0.7223	3146	CSF_ptau
rs12542272	8	51522483	T	C	0.743543	0.007765	0.005872	1.3223800000000001	0.1862	3146	CSF_ptau
rs1217101	8	64624727	C	G	0.787917	-0.004027	0.006554000000000001	-0.614434	0.539	3146	CSF_ptau
rs4976990	NA	NA	NA	NA	NA	NA	NA	NA	NA	NA	NA
rs1416595	9	8148244	G	C	0.734023	0.00515	0.006069	0.848575	0.3961	3146	CSF_ptau
rs1969964	9	34155112	G	A	0.204118	-0.001802	0.006248	-0.28841229193341866	0.773	3146	CSF_ptau
rs4744600	9	73147528	T	C	0.398097	-0.009945	0.005946	-1.6725529767911202	0.09451	3146	CSF_ptau
rs186708312	NA	NA	NA	NA	NA	NA	NA	NA	NA	NA	NA
rs552234	9	106772283	G	A	0.451836	-0.006036	0.00536	-1.1261194029850745	0.2602	3146	CSF_ptau
rs10283413	9	126395188	A	T	0.42233	0.0022660000000000002	0.005577	0.40631163708086787	0.6846	3146	CSF_ptau
rs1291816	10	11131175	T	C	0.438953	-2.546e-4	0.005413	-0.04703491594309994	0.9625	3146	CSF_ptau
rs2026092	10	21911657	G	A	0.283691	0.00494	0.005802000000000001	0.851430541192692	0.3946	3146	CSF_ptau
rs2601759	10	33845729	T	C	0.630944	0.00786	0.005867	1.3397	0.1804	3146	CSF_ptau
rs139086772	NA	NA	NA	NA	NA	NA	NA	NA	NA	NA	NA
rs697240	10	80940804	T	C	0.655726	-0.003987	0.005938000000000001	-0.671438	0.5021	3146	CSF_ptau
rs11025569	11	3160388	C	T	0.607782	-0.007999	0.005935	-1.34777	0.1779	3146	CSF_ptau
rs72484727	11	7938306	G	A	0.366569	-0.006305	0.005564	-1.1331775700934579	0.2573	3146	CSF_ptau
rs722607	11	27836736	T	C	0.0622951	-0.009308	0.01211	-0.7686209744013213	0.4421	3146	CSF_ptau
rs3136469	11	46749334	T	A	0.0934167	0.0075780000000000005	0.009385	0.8074587107085777	0.4195	3146	CSF_ptau
rs10791957	11	67867548	C	A	0.549002	1.492e-4	0.0053100000000000005	0.0280979	0.9776	3146	CSF_ptau
rs1603738	11	80660892	C	A	0.654876	0.001538	0.005741	0.267898	0.7889	3146	CSF_ptau
rs11233632	11	83190682	C	T	0.612464	0.007944	0.005455	1.45628	0.1455	3146	CSF_ptau
rs12787863	11	88543715	C	T	0.42411	-0.003851	0.005625	-0.6846222222222222	0.49370000000000003	3146	CSF_ptau
rs875257	11	111530453	A	G	0.705658	0.003166	0.005824	0.543613	0.5867	3146	CSF_ptau
rs12576625	11	126596003	T	C	0.842048	-0.01143	0.0072120000000000005	-1.58486	0.113	3146	CSF_ptau
rs7970853	12	23084225	G	A	0.777634	0.002729	0.007012999999999999	0.389134	0.6972	3146	CSF_ptau
rs4963558	NA	NA	NA	NA	NA	NA	NA	NA	NA	NA	NA
rs12826749	12	46412497	C	G	0.368128	-0.0040030000000000005	0.005525	-0.7245248868778281	0.4688	3146	CSF_ptau
rs303817	12	52176235	A	G	0.772067	-0.005565	0.006108	-0.9111	0.3623	3146	CSF_ptau
rs35287743	12	110057250	G	T	0.133563	-0.005724	0.009301	-0.6154176970218256	0.5383	3146	CSF_ptau
rs2806723	13	54266437	A	G	0.158373	-0.0034590000000000003	0.0074730000000000005	-0.46286631874749096	0.6435	3146	CSF_ptau
rs3124402	13	55975115	A	G	0.724662	0.002264	0.005914	0.38282	0.7019	3146	CSF_ptau
rs7982545	13	59450443	C	T	0.164729	-0.005346	0.006834000000000001	-0.7822651448639156	0.4341	3146	CSF_ptau
rs9301837	NA	NA	NA	NA	NA	NA	NA	NA	NA	NA	NA
rs2181482	NA	NA	NA	NA	NA	NA	NA	NA	NA	NA	NA
rs191728525	14	29753721	G	T	0.658626	-6.522e-4	0.006139	-0.106239	0.9154	3146	CSF_ptau
rs72716182	NA	NA	NA	NA	NA	NA	NA	NA	NA	NA	NA
rs2238281	14	72424912	C	T	0.212396	-0.003343	0.007464	-0.44788317256162913	0.6543	3146	CSF_ptau
rs1887197	14	94187832	C	T	0.619343	-0.00334	0.005507	-0.606501	0.5442	3146	CSF_ptau
rs12896749	14	100279492	G	C	0.348816	-0.0021850000000000003	0.00564	-0.38741134751773054	0.6985	3146	CSF_ptau
rs8026348	NA	NA	NA	NA	NA	NA	NA	NA	NA	NA	NA
rs28533540	15	47867762	G	A	0.585803	0.003215	0.0053159999999999995	0.604778	0.5454	3146	CSF_ptau
rs2965917	16	9345821	A	G	0.464026	0.005603	0.005447	1.028639618138425	0.3037	3146	CSF_ptau
rs13329911	NA	NA	NA	NA	NA	NA	NA	NA	NA	NA	NA
rs56094641	16	53806453	A	G	0.446604	0.004519	0.005465	0.8268984446477583	0.4084	3146	CSF_ptau
rs867583	16	58542901	G	A	0.208621	0.00302	0.007075	0.4268551236749117	0.6695	3146	CSF_ptau
rs11859365	16	83683945	A	C	0.275036	0.01025	0.006603	1.5523247008935332	0.1208	3146	CSF_ptau
rs28623270	NA	NA	NA	NA	NA	NA	NA	NA	NA	NA	NA
rs72821196	NA	NA	NA	NA	NA	NA	NA	NA	NA	NA	NA
rs7225002	17	44189067	A	G	0.343602	0.01012	0.005432	1.8630338733431517	0.06262000000000001	3146	CSF_ptau
rs66927276	17	45333364	C	A	0.209877	0.0033	0.007091	0.4653786489916796	0.6417	3146	CSF_ptau
rs1371272	18	1837204	G	A	0.147649	0.00281	0.007667	0.3665058040954741	0.7140000000000001	3146	CSF_ptau
rs4131293	18	22772069	C	T	0.400073	5.065e-4	0.005263	0.09623788713661409	0.9233	3146	CSF_ptau
rs11663467	18	38324847	G	T	0.143843	-0.005854	0.007711	-0.7591752042536636	0.4478	3146	CSF_ptau
rs624244	18	53183396	G	A	0.625819	-0.0018600000000000001	0.006095000000000001	-0.305168	0.7603	3146	CSF_ptau
rs242641	18	58853208	C	T	0.321924	0.002166	0.005803	0.3732552128209547	0.7090000000000001	3146	CSF_ptau
rs8089386	NA	NA	NA	NA	NA	NA	NA	NA	NA	NA	NA
rs34247072	19	4609569	C	T	0.2784	-5.35e-4	0.007359	-0.07270009512161979	0.9420000000000001	3146	CSF_ptau
rs113230003	NA	NA	NA	NA	NA	NA	NA	NA	NA	NA	NA
rs7254235	19	22212505	A	G	0.57114	0.007338	0.005379999999999999	1.36394	0.1727	3146	CSF_ptau
rs75887709	19	37438329	A	G	0.0984409	0.01745	0.008588	2.0319049836981833	0.042319999999999997	3146	CSF_ptau
rs2287922	19	49232226	G	A	0.417803	-0.004526	0.005370000000000001	-0.8428305400372438	0.3994	3146	CSF_ptau
rs2092910	NA	NA	NA	NA	NA	NA	NA	NA	NA	NA	NA
rs6033437	NA	NA	NA	NA	NA	NA	NA	NA	NA	NA	NA
rs2425026	20	33847253	C	T	0.45668	0.006837	0.005539	1.23433832821809	0.2172	3146	CSF_ptau
rs114798447	NA	NA	NA	NA	NA	NA	NA	NA	NA	NA	NA
rs6030341	20	41207365	C	T	0.497817	0.005094	0.005726	0.8896262661543834	0.3738	3146	CSF_ptau
rs6089752	NA	NA	NA	NA	NA	NA	NA	NA	NA	NA	NA
rs11088275	NA	NA	NA	NA	NA	NA	NA	NA	NA	NA	NA
rs2413045	22	31665862	A	G	0.849543	-0.002637	0.00742	-0.355391	0.7223	3146	CSF_ptau
rs9607501	22	38318897	G	A	0.401802	-7.485e-4	0.005496	-0.13618995633187775	0.8917	3146	CSF_ptau
