SNP	CHROM	POS	REF	ALT	AF	BETA	SE	Z	P	N	TRAIT
rs74079553	NA	NA	NA	NA	NA	NA	NA	NA	NA	NA	NA
rs12033923	1	77896355	T	C	0.0828187	-0.0203	0.01256	-1.6162420382165603	0.1063	3146	CSF_ab42
rs10923030	1	88617883	C	T	0.237645	0.0171	0.0068379999999999995	2.500731207955543	0.01247	3146	CSF_ab42
rs11809772	NA	NA	NA	NA	NA	NA	NA	NA	NA	NA	NA
rs12145483	1	208973877	T	C	0.169326	0.004303	0.008286	0.5193096789765871	0.6035	3146	CSF_ab42
rs11119365	NA	NA	NA	NA	NA	NA	NA	NA	NA	NA	NA
rs116258323	1	214449747	C	T	0.0427117	-0.0057729999999999995	0.01366	-0.42262079062957536	0.6725	3146	CSF_ab42
rs11683756	NA	NA	NA	NA	NA	NA	NA	NA	NA	NA	NA
rs370025	2	13418275	C	T	0.054951	-0.00689	0.0123	-0.5601626016260163	0.5753	3146	CSF_ab42
rs4832509	2	18059381	A	G	0.870727	0.008394	0.008546999999999999	0.98209900000000006	0.3261	3146	CSF_ab42
rs1260326	2	27730940	T	C	0.613661	0.002061	0.005737	0.359247	0.7194	3146	CSF_ab42
rs7597379	2	44119416	T	C	0.512177	0.003644	0.006101	0.597279	0.5503	3146	CSF_ab42
rs4953148	NA	NA	NA	NA	NA	NA	NA	NA	NA	NA	NA
rs11677810	NA	NA	NA	NA	NA	NA	NA	NA	NA	NA	NA
rs10153775	2	78613996	C	A	0.697738	0.007206	0.006129	1.17572	0.2398	3146	CSF_ab42
rs114658808	2	119423996	G	A	0.0591222	0.011359999999999999	0.01693	0.6709982279976372	0.5022	3146	CSF_ab42
rs4972811	NA	NA	NA	NA	NA	NA	NA	NA	NA	NA	NA
rs6760497	2	211455953	A	G	0.413384	-7.347e-4	0.005718	-0.12848898216159496	0.8978	3146	CSF_ab42
rs11718871	NA	NA	NA	NA	NA	NA	NA	NA	NA	NA	NA
rs6807666	3	85594428	A	C	0.699163	-3.544e-4	0.005884	-0.0602311	0.9520000000000001	3146	CSF_ab42
rs55726529	NA	NA	NA	NA	NA	NA	NA	NA	NA	NA	NA
rs6764067	NA	NA	NA	NA	NA	NA	NA	NA	NA	NA	NA
rs11940694	NA	NA	NA	NA	NA	NA	NA	NA	NA	NA	NA
rs187725101	NA	NA	NA	NA	NA	NA	NA	NA	NA	NA	NA
rs537715653	NA	NA	NA	NA	NA	NA	NA	NA	NA	NA	NA
rs144198753	NA	NA	NA	NA	NA	NA	NA	NA	NA	NA	NA
rs11733695	NA	NA	NA	NA	NA	NA	NA	NA	NA	NA	NA
rs148382129	NA	NA	NA	NA	NA	NA	NA	NA	NA	NA	NA
rs13107325	4	103188709	C	T	0.0473169	-0.007384	0.011170000000000001	-0.6610564010743061	0.5086	3146	CSF_ab42
rs2088483	4	106216367	T	C	0.340727	-0.00469	0.006259000000000001	-0.7493209777919794	0.4538	3146	CSF_ab42
rs6533629	4	113494607	G	A	0.397123	-0.01095	0.006155	-1.7790414297319253	0.07534	3146	CSF_ab42
rs34174593	5	7657967	G	A	0.0540247	0.0114	0.01366	0.8345534407027818	0.4038	3146	CSF_ab42
rs149394357	NA	NA	NA	NA	NA	NA	NA	NA	NA	NA	NA
rs78046126	NA	NA	NA	NA	NA	NA	NA	NA	NA	NA	NA
rs9372625	6	98344031	G	A	0.334676	-0.00172	0.006251	-0.275155975043993	0.7832	3146	CSF_ab42
rs9347805	NA	NA	NA	NA	NA	NA	NA	NA	NA	NA	NA
rs146365067	NA	NA	NA	NA	NA	NA	NA	NA	NA	NA	NA
rs4739209	8	20991587	G	T	0.206609	-0.002306	0.007198	-0.3203667685468185	0.7487	3146	CSF_ab42
rs35040843	NA	NA	NA	NA	NA	NA	NA	NA	NA	NA	NA
rs16872457	8	106149928	G	A	0.204975	-0.004108	0.007626000000000001	-0.5386834513506424	0.5901	3146	CSF_ab42
rs11779830	8	126796400	T	C	0.406511	-0.002447	0.006125	-0.3995102040816326	0.6896	3146	CSF_ab42
rs13266268	NA	NA	NA	NA	NA	NA	NA	NA	NA	NA	NA
rs531322888	NA	NA	NA	NA	NA	NA	NA	NA	NA	NA	NA
rs3138496	NA	NA	NA	NA	NA	NA	NA	NA	NA	NA	NA
rs74424378	9	109331094	T	G	0.217026	-1.171e-4	0.0065439999999999995	-0.017894254278728608	0.9857	3146	CSF_ab42
rs201332355	NA	NA	NA	NA	NA	NA	NA	NA	NA	NA	NA
rs150347273	10	9398572	G	A	0.0288462	-0.008312	0.017740000000000002	-0.46854565952649374	0.6395	3146	CSF_ab42
rs7078436	10	30378863	A	G	0.27403	0.004286	0.006331	0.6769862580950876	0.4985	3146	CSF_ab42
rs554894200	NA	NA	NA	NA	NA	NA	NA	NA	NA	NA	NA
rs1517311	11	84930506	T	A	0.916999	-0.01807	0.009131	-1.97897	0.047869999999999996	3146	CSF_ab42
rs7948028	11	113328681	A	C	0.279007	-0.007478	0.005881	-1.271552457065125	0.2036	3146	CSF_ab42
rs1042725	12	66358347	C	T	0.459956	-0.00227	0.005638000000000001	-0.40262504434196517	0.6872	3146	CSF_ab42
rs73519744	NA	NA	NA	NA	NA	NA	NA	NA	NA	NA	NA
rs117893703	NA	NA	NA	NA	NA	NA	NA	NA	NA	NA	NA
rs1319338	15	26449418	T	A	0.0669464	-0.007968000000000001	0.01157	-0.6886776145203112	0.4912	3146	CSF_ab42
rs74354286	NA	NA	NA	NA	NA	NA	NA	NA	NA	NA	NA
rs9937062	NA	NA	NA	NA	NA	NA	NA	NA	NA	NA	NA
rs72771074	NA	NA	NA	NA	NA	NA	NA	NA	NA	NA	NA
rs74980679	16	71779310	G	T	0.120508	-0.0015810000000000002	0.008314	-0.19016117392350254	0.8492	3146	CSF_ab42
rs55938136	NA	NA	NA	NA	NA	NA	NA	NA	NA	NA	NA
rs578102530	NA	NA	NA	NA	NA	NA	NA	NA	NA	NA	NA
rs36045580	NA	NA	NA	NA	NA	NA	NA	NA	NA	NA	NA
rs2119292	18	53082974	C	T	0.868612	1.208e-5	0.009043	0.00133584	0.9989	3146	CSF_ab42
rs492602	NA	NA	NA	NA	NA	NA	NA	NA	NA	NA	NA
rs9610194	22	35392059	C	G	0.0848749	0.01202	0.01055	1.1393364928909953	0.2546	3146	CSF_ab42
rs9607805	22	41854446	C	T	0.738703	-0.002776	0.006431999999999999	-0.431592	0.6661	3146	CSF_ab42
