$`Main MR results`
       Exposure       MR Analysis Causal Estimate       Sd   T-stat    P-value
1 beta.exposure               Raw        626.1122 296.6124 2.110876 0.03779203
2 beta.exposure Outlier-corrected              NA       NA       NA         NA

$`MR-PRESSO results`
$`MR-PRESSO results`$`Global Test`
$`MR-PRESSO results`$`Global Test`$RSSobs
[1] 112.3222

$`MR-PRESSO results`$`Global Test`$Pvalue
[1] 0.0298


$`MR-PRESSO results`$`Outlier Test`
         RSSobs Pvalue
1    1976.76595      1
2    7344.06328      1
3   46034.85797      1
4    2633.29687      1
5   54842.92119      1
6    8093.69710      1
7     557.67643      1
8   40689.17548      1
9   17687.61285      1
10  27931.73670      1
11 582678.78788      1
12   2121.26722      1
13    519.33823      1
14  39477.94853      1
15    573.98102      1
16     73.23662      1
17  51226.93237      1
18  61523.15002      1
19  21005.68121      1
20    710.08824      1
21  58564.71801      1
22   6010.20526      1
23   4735.34792      1
24  29288.62335      1
25  15908.15089      1
26 189778.88417 0.3276
27  17249.22409      1
28   1452.11381      1
29    144.11851      1
30  72409.76215      1
31  19458.49968      1
32 157390.85000      1
33  82820.66683  0.672
34   1075.05221      1
35   4054.79440      1
36     14.59343      1
37   1501.14463      1
38  57891.78392      1
39  26458.67077      1
40    426.74709      1
41  28910.40395      1
42   2158.21309      1
43   1387.73556      1
44   4339.15667      1
45  16887.64019      1
46 163989.47095      1
47  36635.31552      1
48  74513.32441      1
49  29185.88951      1
50     62.53269      1
51  17680.08457      1
52   3065.98935      1
53   9298.46466      1
54  61658.57192      1
55  11614.62148      1
56   5423.13074      1
57     52.65918      1
58   7998.64078      1
59  17647.57843      1
60    229.80996      1
61  16571.92002      1
62  32715.54346      1
63  60624.49628      1
64  18775.20811      1
65  90142.48831      1
66   3507.54196      1
67  44733.16717      1
68   8100.66994      1
69  15694.46226      1
70  21818.11856      1
71   5875.48813      1
72  22189.98269      1
73  48179.14135      1
74  17101.78334      1
75 188933.90341      1
76    409.87897      1
77  13767.35270      1
78   7209.04686      1
79   1548.67011      1
80   9462.69670      1
81     49.39005      1
82  14649.34843      1
83   8086.11122      1
84 239949.93813 0.8484

$`MR-PRESSO results`$`Distortion Test`
$`MR-PRESSO results`$`Distortion Test`$`Outliers Indices`
[1] "No significant outliers"

$`MR-PRESSO results`$`Distortion Test`$`Distortion Coefficient`
[1] NA

$`MR-PRESSO results`$`Distortion Test`$Pvalue
[1] NA



