$`Main MR results`
       Exposure       MR Analysis Causal Estimate       Sd   T-stat   P-value
1 beta.exposure               Raw         401.948 293.5154 1.369427 0.1733813
2 beta.exposure Outlier-corrected              NA       NA       NA        NA

$`MR-PRESSO results`
$`MR-PRESSO results`$`Global Test`
$`MR-PRESSO results`$`Global Test`$RSSobs
[1] 173.4139

$`MR-PRESSO results`$`Global Test`$Pvalue
[1] 0.0021


$`MR-PRESSO results`$`Outlier Test`
          RSSobs Pvalue
1   1.546893e+03      1
2   2.550770e+04      1
3   2.460485e+04      1
4   5.116085e+03      1
5   4.964286e+04      1
6   1.954640e+03      1
7   2.763050e+03      1
8   5.216945e+04      1
9   7.109868e+03      1
10  2.916819e+02      1
11  6.609729e+03      1
12  3.555357e+04      1
13  1.494489e+04      1
14  3.075188e+04      1
15  7.031232e+05      1
16  6.550011e+04      1
17  2.732512e+03      1
18  1.143302e+03      1
19  1.469051e+05      1
20  4.336291e+04      1
21  9.247788e+02      1
22  2.644902e+03      1
23  1.111418e+02      1
24  5.884888e+04      1
25  3.454254e+00      1
26  1.892350e+04      1
27  1.998263e+04      1
28  5.496217e+04      1
29  6.929841e+04      1
30  2.337301e+04      1
31  9.891060e+02      1
32  5.677148e+04      1
33  5.312833e+04      1
34  1.939878e+04      1
35  2.765246e+05 0.1599
36  4.633384e+03      1
37  3.144541e+03      1
38  2.162631e+04      1
39  1.231718e+03      1
40  1.995181e+04      1
41  1.832396e+05 0.5166
42  1.373623e+04      1
43  1.812211e+03      1
44  4.819767e+02      1
45  7.797308e+04      1
46  2.318998e+04      1
47  1.796824e+05      1
48  7.816070e+04      1
49  2.116475e+03      1
50  6.619585e+02      1
51  3.202166e+03      1
52  1.454886e+04      1
53  1.361283e+02      1
54  1.765841e+04      1
55  1.659106e+03      1
56  1.062130e+03      1
57  7.042202e+04      1
58  5.197612e+03      1
59  4.258571e+03      1
60  3.021359e+04      1
61  8.403778e+02      1
62  2.640971e+04      1
63  3.043642e+03      1
64  1.979388e+03      1
65  3.128059e+03      1
66  6.009858e+04      1
67  1.485500e+04      1
68  2.066936e+04      1
69  1.512493e+05      1
70  1.241490e+03      1
71  3.865164e+04      1
72  7.841276e+04      1
73  4.793483e+03      1
74  2.655051e+04      1
75  3.779483e+04      1
76  3.182229e+02      1
77  5.064315e+04      1
78  1.580313e+04      1
79  1.555734e+04      1
80  1.977282e+04      1
81  3.658277e+03      1
82  5.440028e+03      1
83  1.107153e+04      1
84  6.446582e+04      1
85  5.313954e+04      1
86  1.025185e+04      1
87  1.381160e+04      1
88  1.411620e+03      1
89  4.447267e+03      1
90  4.780138e+02      1
91  6.460840e+03      1
92  2.736248e+04      1
93  2.154484e+04      1
94  5.589187e+02      1
95  1.476026e+04      1
96  3.003929e+01      1
97  3.630459e+04      1
98  7.575686e+04      1
99  1.725670e+04      1
100 6.463156e+04      1
101 1.704172e+03      1
102 4.224263e+04      1
103 6.735685e+03      1
104 1.890772e+04      1
105 2.015256e+04      1
106 4.230539e+03      1
107 1.791352e+03      1
108 1.087136e+04      1
109 4.194315e+04      1
110 2.417481e+04      1
111 1.503872e+04      1
112 1.584911e+05      1
113 7.471030e+02      1
114 1.581558e+04      1
115 5.345915e+03      1
116 1.078151e+03      1
117 7.600370e+03      1
118 1.139356e+04      1
119 7.693188e+04      1
120 3.269341e+02      1
121 1.329423e+04      1
122 1.389779e+04      1
123 2.585287e+05      1

$`MR-PRESSO results`$`Distortion Test`
$`MR-PRESSO results`$`Distortion Test`$`Outliers Indices`
[1] "No significant outliers"

$`MR-PRESSO results`$`Distortion Test`$`Distortion Coefficient`
[1] NA

$`MR-PRESSO results`$`Distortion Test`$Pvalue
[1] NA



