$`Main MR results`
       Exposure       MR Analysis Causal Estimate         Sd    T-stat
1 beta.exposure               Raw     -0.02714266 0.00849641 -3.194603
2 beta.exposure Outlier-corrected              NA         NA        NA
     P-value
1 0.00153289
2         NA

$`MR-PRESSO results`
$`MR-PRESSO results`$`Global Test`
$`MR-PRESSO results`$`Global Test`$RSSobs
[1] 450.9773

$`MR-PRESSO results`$`Global Test`$Pvalue
[1] 4e-05


$`MR-PRESSO results`$`Outlier Test`
          RSSobs Pvalue
1   3.748321e-09      1
2   2.073828e-07      1
3   4.956032e-07      1
4   1.097217e-06      1
5   2.514966e-08      1
6   1.545305e-06      1
7   1.600686e-06      1
8   1.088386e-06      1
9   1.922530e-08      1
10  1.575561e-07      1
11  1.288830e-06      1
12  6.993201e-07      1
13  2.387347e-06      1
14  5.569659e-07      1
15  9.219449e-07      1
16  2.459497e-09      1
17  2.103771e-09      1
18  7.027630e-08      1
19  1.329654e-06      1
20  1.383275e-07      1
21  1.322793e-08      1
22  4.043147e-09      1
23  5.768186e-07      1
24  6.574806e-08      1
25  7.308248e-07      1
26  2.065838e-07      1
27  3.673863e-09      1
28  8.164760e-07      1
29  1.072784e-06      1
30  1.527030e-09      1
31  2.039992e-06      1
32  3.957365e-07      1
33  1.318229e-06      1
34  1.141509e-09      1
35  5.696606e-07      1
36  1.864424e-06      1
37  1.824866e-06      1
38  6.405404e-06      1
39  1.046107e-06      1
40  1.078158e-06      1
41  6.197037e-08      1
42  1.131412e-07      1
43  1.012872e-06      1
44  3.065618e-08      1
45  8.195435e-06      1
46  8.130641e-06      1
47  6.295351e-08      1
48  3.106743e-07      1
49  3.413423e-08      1
50  2.746107e-08      1
51  1.559431e-08      1
52  3.727555e-09      1
53  8.589988e-09      1
54  7.730030e-09      1
55  5.453600e-07      1
56  1.102013e-06      1
57  4.312473e-06      1
58  1.344276e-06      1
59  2.159378e-07      1
60  7.134886e-07      1
61  4.465897e-07      1
62  1.947306e-08      1
63  7.130351e-06      1
64  2.070777e-07      1
65  1.599726e-06      1
66  3.188246e-08      1
67  1.709387e-06      1
68  4.415518e-07      1
69  8.390855e-08      1
70  7.203110e-07      1
71  1.181345e-06      1
72  2.989299e-07      1
73  1.315473e-07      1
74  6.692566e-08      1
75  1.882206e-09      1
76  3.217872e-06      1
77  5.472372e-07      1
78  3.117476e-07      1
79  1.152178e-08      1
80  5.207551e-06      1
81  5.750438e-06      1
82  4.574106e-06      1
83  6.197774e-07      1
84  8.052035e-07      1
85  3.456798e-06      1
86  5.893314e-07      1
87  5.926562e-07      1
88  1.774117e-09      1
89  1.498153e-09      1
90  3.033337e-07      1
91  7.324965e-07      1
92  3.112861e-06      1
93  3.849841e-07      1
94  2.758733e-07      1
95  6.232356e-07      1
96  4.909762e-07      1
97  1.774278e-06      1
98  1.931037e-09      1
99  3.857706e-06      1
100 5.984663e-06      1
101 6.818176e-08      1
102 5.548988e-06      1
103 1.954504e-08      1
104 7.076028e-07      1
105 6.634030e-08      1
106 2.178739e-07      1
107 1.548068e-06      1
108 5.463528e-07      1
109 1.608088e-06      1
110 7.158580e-08      1
111 1.606601e-07      1
112 1.824855e-06      1
113 2.879611e-09      1
114 1.189415e-07      1
115 1.279073e-06      1
116 4.165813e-07      1
117 1.870780e-08      1
118 3.396676e-06      1
119 4.248236e-07      1
120 3.584571e-06      1
121 7.420938e-07      1
122 4.723205e-09      1
123 5.323305e-07      1
124 2.146978e-07      1
125 4.185274e-07      1
126 2.085913e-06      1
127 4.354899e-07      1
128 8.087831e-07      1
129 2.683980e-07      1
130 4.075366e-06      1
131 4.039426e-07      1
132 2.197105e-06      1
133 2.450151e-09      1
134 2.450914e-08      1
135 1.845695e-06      1
136 9.357736e-07      1
137 3.054373e-06      1
138 1.333934e-07      1
139 2.111551e-06      1
140 2.103425e-07      1
141 8.950313e-07      1
142 1.141943e-06      1
143 2.119726e-06      1
144 2.981705e-07      1
145 6.354788e-07      1
146 4.311064e-07      1
147 1.662697e-06      1
148 1.727108e-06      1
149 6.320283e-08      1
150 1.093463e-06      1
151 2.075866e-07      1
152 4.570898e-06      1
153 4.610004e-06      1
154 3.924918e-06      1
155 3.188578e-07      1
156 1.961635e-08      1
157 7.048854e-07      1
158 6.641765e-07      1
159 1.301124e-07      1
160 1.318756e-06      1
161 6.493157e-07      1
162 6.111558e-08      1
163 1.538089e-06      1
164 2.656682e-08      1
165 1.590039e-06      1
166 4.917946e-06      1
167 1.477320e-08      1
168 6.485683e-07      1
169 1.366256e-07      1
170 8.979838e-07      1
171 2.153701e-06      1
172 3.252179e-06      1
173 1.576757e-06      1
174 2.708051e-06      1
175 1.045069e-06      1
176 5.035466e-06      1
177 2.069012e-09      1
178 5.912545e-08      1
179 5.403685e-07      1
180 2.800668e-08      1
181 3.237741e-10      1
182 2.386193e-06      1
183 1.737605e-06      1
184 8.088508e-07      1
185 3.039073e-07      1
186 1.226057e-06      1
187 1.194342e-07      1
188 2.075119e-06      1
189 3.323169e-07      1
190 1.650341e-08      1
191 2.146591e-09      1
192 2.956605e-07      1
193 7.326002e-07      1
194 1.318741e-07      1
195 3.298215e-07      1
196 1.356470e-09      1
197 5.619961e-07      1
198 3.288344e-06      1
199 1.800524e-06      1
200 2.757887e-08      1
201 2.233274e-08      1
202 1.696142e-08      1
203 1.936333e-06      1
204 3.481161e-06      1
205 1.227573e-07      1
206 3.937761e-07      1
207 1.291196e-07      1
208 4.098601e-07      1
209 4.665671e-08      1
210 4.239811e-07      1
211 6.619129e-08      1
212 5.931686e-09      1
213 3.583012e-08      1
214 4.112949e-07      1
215 1.559457e-06      1
216 8.864329e-07      1
217 2.022794e-07      1
218 9.100789e-08      1
219 4.187079e-06      1
220 1.732050e-06      1
221 3.661214e-07      1
222 4.542222e-07      1
223 2.846143e-07      1
224 5.743775e-08      1
225 2.399613e-06      1
226 6.227809e-06      1
227 6.214552e-09      1
228 7.284248e-07      1
229 2.744527e-08      1
230 3.875237e-07      1
231 2.407771e-07      1
232 2.748048e-07      1
233 9.633775e-10      1
234 1.864837e-05      1
235 3.043692e-08      1
236 1.276505e-07      1
237 1.812414e-06      1
238 1.098641e-06      1
239 2.851681e-09      1
240 5.608060e-07      1
241 2.743364e-06      1
242 2.579561e-06      1
243 9.085465e-07      1
244 1.213178e-06      1
245 1.297155e-06      1
246 1.107852e-07      1
247 7.028323e-07      1
248 1.905895e-07      1
249 1.020184e-07      1
250 4.340816e-07      1
251 2.269763e-10      1
252 7.648209e-07      1
253 2.265991e-06      1
254 1.121122e-06      1
255 2.164908e-08      1
256 4.006021e-09      1
257 1.411132e-06      1
258 1.617745e-06      1
259 1.599077e-06      1
260 7.137396e-07      1
261 1.465753e-06      1
262 6.235187e-08      1
263 6.648999e-07      1
264 3.148369e-06      1
265 4.057739e-07      1
266 4.329499e-07      1
267 3.361897e-07      1
268 2.112249e-06      1
269 8.125757e-07      1
270 9.848803e-07      1
271 3.030061e-07      1
272 8.017616e-07      1
273 4.060835e-09      1
274 3.484498e-07      1
275 1.869825e-06      1
276 5.503133e-06      1
277 3.682927e-07      1
278 2.375939e-06      1
279 5.269361e-07      1
280 3.789941e-06      1
281 7.443905e-07      1
282 3.421356e-06      1
283 4.195675e-06      1
284 2.534288e-08      1
285 1.457190e-07      1
286 1.578510e-07      1
287 4.310615e-06      1
288 2.443229e-07      1
289 7.631180e-06      1
290 2.224071e-06      1
291 1.834455e-06      1
292 2.217917e-07      1
293 1.061625e-06      1
294 3.192755e-07      1
295 2.398690e-06      1
296 2.705870e-08      1
297 1.979045e-09      1
298 1.309996e-06      1
299 3.770388e-06      1
300 5.337356e-07      1
301 4.129210e-07      1
302 2.041498e-06      1
303 2.416662e-06      1
304 2.263758e-08      1
305 1.403772e-07      1
306 9.648227e-08      1
307 1.907053e-08      1
308 2.697902e-06      1
309 1.919185e-07      1
310 1.347970e-07      1
311 9.182389e-08      1
312 9.037888e-07      1
313 2.739143e-06      1
314 3.756040e-07      1
315 3.037753e-07      1
316 5.618428e-07      1
317 1.584772e-07      1
318 5.679002e-07      1
319 1.325390e-09      1
320 8.073947e-09      1
321 1.388820e-06      1
322 5.794774e-07      1
323 2.230820e-07      1
324 4.298480e-07      1
325 3.038017e-06      1
326 3.821489e-06      1
327 1.967588e-07      1
328 3.171060e-07      1
329 6.344574e-08      1
330 2.175765e-07      1
331 1.847620e-06      1
332 5.026114e-06      1
333 1.287101e-07      1
334 4.791535e-07      1
335 1.147227e-06      1
336 2.369067e-06      1
337 5.969559e-08      1

$`MR-PRESSO results`$`Distortion Test`
$`MR-PRESSO results`$`Distortion Test`$`Outliers Indices`
[1] "No significant outliers"

$`MR-PRESSO results`$`Distortion Test`$`Distortion Coefficient`
[1] NA

$`MR-PRESSO results`$`Distortion Test`$Pvalue
[1] NA



