$`Main MR results`
       Exposure       MR Analysis Causal Estimate          Sd     T-stat
1 beta.exposure               Raw   -0.0004878752 0.003076581 -0.1585771
2 beta.exposure Outlier-corrected   -0.0008630787 0.003036194 -0.2842633
    P-value
1 0.8740735
2 0.7763402

$`MR-PRESSO results`
$`MR-PRESSO results`$`Global Test`
$`MR-PRESSO results`$`Global Test`$RSSobs
[1] 593.2422

$`MR-PRESSO results`$`Global Test`$Pvalue
[1] 4e-05


$`MR-PRESSO results`$`Outlier Test`
          RSSobs  Pvalue
1   1.105936e-04       1
2   4.774188e-05       1
3   3.205690e-06       1
4   1.248835e-03       1
5   3.174708e-04       1
6   8.556327e-05       1
7   3.915864e-04       1
8   1.826792e-07       1
9   2.529494e-05       1
10  3.328924e-05       1
11  2.111893e-04       1
12  2.029388e-07       1
13  1.313635e-05       1
14  2.767641e-03 0.03592
15  1.083988e-04       1
16  7.052337e-05       1
17  4.632983e-04       1
18  7.640140e-06       1
19  1.268842e-04       1
20  1.732796e-05       1
21  1.154636e-04       1
22  1.663905e-04       1
23  5.649456e-04       1
24  4.609274e-03       1
25  1.151691e-03       1
26  6.308448e-05       1
27  7.198931e-05       1
28  4.210089e-05       1
29  3.431610e-05       1
30  2.494141e-04       1
31  2.608596e-05       1
32  3.225457e-05       1
33  2.959177e-04       1
34  4.600365e-06       1
35  6.093595e-05       1
36  4.517662e-06       1
37  4.354818e-06       1
38  5.801880e-14       1
39  2.557806e-04       1
40  1.024050e-04       1
41  2.987091e-05       1
42  5.445171e-04       1
43  2.144314e-06       1
44  1.439852e-04       1
45  6.559173e-05       1
46  3.115586e-05       1
47  9.418719e-05       1
48  3.130365e-06       1
49  6.633430e-06       1
50  2.355966e-06       1
51  4.008808e-05       1
52  1.010164e-05       1
53  6.001109e-05       1
54  2.065912e-04       1
55  1.337795e-04       1
56  1.419573e-05       1
57  6.025293e-05       1
58  3.319130e-04       1
59  4.089469e-04       1
60  3.773066e-05       1
61  9.586971e-04       1
62  2.916862e-04       1
63  1.303062e-07       1
64  3.516735e-08       1
65  1.607018e-06       1
66  5.197758e-05       1
67  7.336379e-04       1
68  6.515812e-05       1
69  2.300791e-04       1
70  3.831885e-05       1
71  1.214880e-04       1
72  1.348784e-05       1
73  8.929817e-05       1
74  1.235173e-04       1
75  2.776866e-04       1
76  6.710390e-04       1
77  1.419568e-05       1
78  2.078008e-05       1
79  2.962427e-04       1
80  3.638966e-06       1
81  9.465356e-06       1
82  1.865987e-05       1
83  7.524287e-07       1
84  8.324391e-04       1
85  2.288439e-06       1
86  2.358545e-05       1
87  9.174314e-04       1
88  3.224002e-06       1
89  4.151052e-06       1
90  6.833408e-05       1
91  8.874805e-05       1
92  1.256207e-06       1
93  1.845156e-04       1
94  1.250032e-05       1
95  4.628060e-05       1
96  3.793089e-05       1
97  5.028631e-05       1
98  3.950102e-05       1
99  3.911088e-05       1
100 7.187626e-05       1
101 7.170144e-05       1
102 9.145646e-08       1
103 1.963196e-05       1
104 1.016134e-05       1
105 1.978182e-06       1
106 2.536280e-05       1
107 4.795289e-05       1
108 1.399302e-05       1
109 1.381902e-04       1
110 1.428558e-04       1
111 8.455459e-04       1
112 6.541842e-05       1
113 1.140981e-05       1
114 6.023225e-03       1
115 3.546853e-03       1
116 7.204456e-04       1
117 5.109861e-05       1
118 1.013184e-04       1
119 2.711221e-05       1
120 1.346600e-05       1
121 3.376395e-05       1
122 6.160242e-04       1
123 1.197513e-04       1
124 2.610864e-04       1
125 2.345667e-06       1
126 2.701675e-05       1
127 1.795744e-05       1
128 5.357588e-04       1
129 1.269915e-04       1
130 3.782464e-08       1
131 6.750943e-05       1
132 4.066136e-05       1
133 1.024291e-04       1
134 4.833974e-04       1
135 8.640008e-05       1
136 2.321415e-04       1
137 2.784801e-04       1
138 3.057957e-05       1
139 8.513101e-06       1
140 1.457223e-03       1
141 3.347791e-05       1
142 7.973409e-04 0.57472
143 3.177540e-05       1
144 1.238351e-05       1
145 7.859224e-05       1
146 4.634458e-05       1
147 2.459038e-05       1
148 1.704108e-04       1
149 1.366716e-03       1
150 3.638393e-04       1
151 7.867334e-05       1
152 9.924016e-06       1
153 1.133514e-04       1
154 2.695577e-04       1
155 2.232186e-04       1
156 1.552192e-05       1
157 1.350220e-04       1
158 1.212422e-05       1
159 6.445460e-04       1
160 2.049908e-06       1
161 1.761040e-04       1
162 1.508020e-04       1
163 5.462311e-05       1
164 6.413482e-06       1
165 1.688403e-05       1
166 1.241608e-04       1
167 2.048826e-04       1
168 3.684907e-04       1
169 8.326673e-05       1
170 1.933003e-06       1
171 6.999371e-05       1
172 7.402653e-04       1
173 1.800961e-05       1
174 5.479653e-05       1
175 8.518574e-05       1
176 1.310682e-04       1
177 2.974673e-04       1
178 4.829240e-05       1
179 3.379636e-06       1
180 7.317827e-05       1
181 5.318052e-04       1
182 7.586729e-04       1
183 4.672070e-05       1
184 3.886988e-05       1
185 5.338598e-05       1
186 5.025521e-07       1
187 2.598732e-04       1
188 2.039083e-05       1
189 3.993283e-05       1
190 4.277189e-05       1
191 1.266628e-05       1
192 4.583264e-04       1
193 3.272838e-04       1
194 5.181780e-05       1
195 5.290150e-06       1
196 1.939009e-06       1
197 1.186577e-04       1
198 1.436360e-04       1
199 7.645030e-06       1
200 2.137555e-06       1
201 5.432060e-05       1
202 1.369394e-04       1
203 1.145320e-04       1
204 3.326443e-05       1
205 2.103278e-04       1
206 2.946351e-04       1
207 2.514793e-06       1
208 1.641751e-03       1
209 7.476901e-05       1
210 1.748709e-04       1
211 6.686519e-05       1
212 1.209194e-04       1
213 2.953154e-07       1
214 4.096368e-05       1
215 5.344271e-05       1
216 2.003419e-06       1
217 2.853439e-04       1
218 8.877045e-04       1
219 1.952928e-04       1
220 2.422506e-06       1
221 7.377509e-05       1
222 1.320823e-05       1
223 1.243423e-05       1
224 4.081621e-06       1
225 9.693712e-07       1
226 5.515495e-05       1
227 9.157099e-08       1
228 5.453993e-05       1
229 4.723642e-04       1
230 6.269119e-07       1
231 8.123742e-04       1
232 3.568429e-04       1
233 1.715418e-04       1
234 2.809364e-04       1
235 5.900661e-04       1
236 1.053214e-04       1
237 2.201447e-06       1
238 1.277879e-04       1
239 6.975224e-06       1
240 1.974704e-05       1
241 5.893525e-05       1
242 6.756039e-05       1
243 1.260683e-05       1
244 3.353789e-05       1
245 4.312680e-04       1
246 2.955312e-04       1
247 1.304088e-04       1
248 8.579159e-06       1
249 2.632304e-07       1
250 1.219030e-04       1
251 1.927820e-06       1
252 4.783705e-07       1
253 1.915426e-06       1
254 1.273510e-06       1
255 4.175500e-04       1
256 1.245251e-04       1
257 7.998895e-07       1
258 8.273890e-08       1
259 6.955536e-05       1
260 1.722172e-06       1
261 2.321702e-05       1
262 1.451833e-06       1
263 2.937130e-07       1
264 7.364177e-05       1
265 7.096291e-05       1
266 1.460166e-07       1
267 1.331920e-05       1
268 2.845156e-05       1
269 9.215330e-05       1
270 3.079704e-05       1
271 9.647033e-08       1
272 4.677076e-05       1
273 3.626010e-05       1
274 1.204498e-05       1
275 3.706571e-05       1
276 1.431643e-05       1
277 8.336429e-05       1
278 3.660278e-07       1
279 3.227752e-04       1
280 1.943905e-04       1
281 2.183238e-04       1
282 8.559811e-07       1
283 4.411124e-05       1
284 4.556771e-05       1
285 7.799283e-05       1
286 3.108507e-06       1
287 6.213758e-05       1
288 4.942607e-05       1
289 5.277417e-04       1
290 2.174786e-07       1
291 3.932393e-05       1
292 4.690966e-04       1
293 2.180158e-05       1
294 6.766604e-05       1
295 1.228701e-04       1
296 9.620861e-04       1
297 1.321650e-04       1
298 4.642802e-05       1
299 1.780469e-05       1
300 1.098885e-05       1
301 3.419537e-04       1
302 4.634657e-07       1
303 1.059714e-04       1
304 2.584387e-06       1
305 1.008421e-06       1
306 1.408703e-07       1
307 7.828910e-05       1
308 1.154647e-05       1
309 6.306667e-05       1
310 1.751960e-05       1
311 4.275674e-05       1
312 1.577486e-04       1
313 2.632110e-04       1
314 2.749433e-04       1
315 2.941248e-05       1
316 1.092868e-04       1
317 8.967185e-04       1
318 4.063648e-05       1
319 2.983641e-03 0.23348
320 2.623122e-03       1
321 1.760440e-05       1
322 3.926232e-04       1
323 2.482788e-05       1
324 1.020150e-04       1
325 1.672330e-04       1
326 3.916766e-05       1
327 9.905469e-05       1
328 5.051401e-05       1
329 1.254751e-05       1
330 1.073346e-04       1
331 1.849883e-04       1
332 7.830270e-05       1
333 6.168285e-06       1
334 8.587669e-05       1
335 6.063723e-04       1
336 8.075801e-05       1
337 2.968730e-05       1
338 9.036436e-07       1
339 4.187477e-05       1
340 2.369944e-04       1
341 1.765708e-04       1
342 7.319183e-05       1
343 2.669865e-05       1
344 2.083448e-07       1
345 8.018243e-05       1
346 2.298040e-05       1
347 1.553313e-04       1
348 1.265218e-05       1
349 6.615321e-07       1
350 3.420648e-05       1
351 7.045446e-05       1
352 8.516040e-05       1
353 3.406257e-04       1
354 2.729323e-05       1
355 2.219369e-05       1
356 1.016272e-04       1
357 1.923490e-04       1
358 7.412976e-04       1
359 4.810052e-06       1
360 1.832375e-04       1
361 1.093730e-07       1
362 2.101918e-04       1
363 9.869236e-07       1
364 3.286643e-04       1
365 4.169533e-05       1
366 2.512278e-05       1
367 5.224486e-04       1
368 1.027187e-06       1
369 1.763626e-05       1
370 7.476887e-05       1
371 3.530084e-06       1
372 8.479655e-06       1
373 5.652023e-06       1
374 7.516598e-08       1
375 1.967772e-04       1
376 2.428631e-05       1
377 1.613258e-03       1
378 1.411791e-03 0.05388
379 5.429342e-05       1
380 4.978145e-06       1
381 5.259423e-04       1
382 1.413214e-04       1
383 9.476083e-04       1
384 3.833140e-05       1
385 3.050021e-04       1
386 3.855801e-04       1
387 1.371988e-04       1
388 8.671916e-05       1
389 2.604809e-04       1
390 1.540698e-04       1
391 5.005906e-04       1
392 1.069517e-04       1
393 9.584355e-08       1
394 3.828010e-05       1
395 4.403853e-07       1
396 4.380976e-03       1
397 2.139537e-04       1
398 3.637533e-05       1
399 1.517422e-04       1
400 1.522878e-04       1
401 1.201742e-04       1
402 4.325555e-04       1
403 1.128072e-05       1
404 3.593561e-05       1
405 3.491435e-04       1
406 2.039729e-04       1
407 9.961511e-06       1
408 3.038682e-05       1
409 6.285318e-04       1
410 1.093902e-05       1
411 5.855436e-04       1
412 2.103163e-04       1
413 3.234007e-05       1
414 2.885100e-04       1
415 1.332032e-05       1
416 9.387820e-05       1
417 4.677733e-03       1
418 4.461001e-05       1
419 1.757954e-04       1
420 1.513977e-04       1
421 1.141889e-03       1
422 1.033187e-06       1
423 4.735444e-06       1
424 1.264113e-05       1
425 4.109940e-05       1
426 3.285016e-04       1
427 2.442905e-04       1
428 1.142403e-04       1
429 1.178102e-04       1
430 9.832227e-05       1
431 1.372129e-04       1
432 2.716663e-05       1
433 6.992932e-05       1
434 3.415923e-04       1
435 4.302180e-05       1
436 1.328931e-05       1
437 1.747180e-04       1
438 1.087016e-04       1
439 1.394374e-04       1
440 1.548234e-04       1
441 4.823232e-04       1
442 6.204200e-04       1
443 5.429821e-06       1
444 9.507450e-05       1
445 7.203760e-05       1
446 6.621050e-04       1
447 6.655506e-05       1
448 1.245234e-06       1
449 7.351896e-07       1

$`MR-PRESSO results`$`Distortion Test`
$`MR-PRESSO results`$`Distortion Test`$`Outliers Indices`
[1] 14

$`MR-PRESSO results`$`Distortion Test`$`Distortion Coefficient`
beta.exposure 
     43.47269 

$`MR-PRESSO results`$`Distortion Test`$Pvalue
[1] 0.93088



