$`Main MR results`
       Exposure       MR Analysis Causal Estimate         Sd     T-stat
1 beta.exposure               Raw     -0.05931377 0.10384696 -0.5711652
2 beta.exposure Outlier-corrected      0.04288721 0.09202569  0.4660352
    P-value
1 0.5692956
2 0.6423289

$`MR-PRESSO results`
$`MR-PRESSO results`$`Global Test`
$`MR-PRESSO results`$`Global Test`$RSSobs
[1] 154.3576

$`MR-PRESSO results`$`Global Test`$Pvalue
[1] 2e-04


$`MR-PRESSO results`$`Outlier Test`
         RSSobs  Pvalue
1  1.373280e-04       1
2  3.469246e-04       1
3  2.178084e-05       1
4  1.856502e-04       1
5  1.246931e-05       1
6  2.684546e-04       1
7  4.283666e-04       1
8  2.283111e-04       1
9  8.446181e-04       1
10 6.259212e-04       1
11 1.977252e-04       1
12 1.672450e-04       1
13 1.496370e-04       1
14 6.938069e-04       1
15 4.987359e-04       1
16 1.231819e-04       1
17 3.649420e-05       1
18 6.252113e-05       1
19 2.619728e-02       1
20 5.668838e-07       1
21 6.527967e-07       1
22 3.000057e-03       1
23 6.824585e-05       1
24 2.895034e-06       1
25 4.579970e-04       1
26 6.979720e-05       1
27 5.367537e-06       1
28 9.080089e-04       1
29 8.944518e-05       1
30 1.033646e-05       1
31 9.324611e-05       1
32 2.651994e-06       1
33 4.880146e-05       1
34 5.980631e-05       1
35 1.304753e-04       1
36 4.343139e-05       1
37 6.586613e-04  0.2484
38 8.137090e-04  0.2852
39 9.726787e-04       1
40 7.825144e-05       1
41 7.602022e-06       1
42 2.413316e-04       1
43 7.422302e-06       1
44 7.809301e-04  0.9936
45 2.965402e-06       1
46 5.739603e-05       1
47 5.899282e-04  0.4324
48 1.225442e-04       1
49 4.019149e-03 <0.0092
50 6.869969e-05       1
51 3.204146e-07       1
52 5.589314e-06       1
53 4.867126e-06       1
54 4.515831e-05       1
55 4.330603e-06       1
56 2.228712e-04       1
57 6.792024e-05       1
58 4.496151e-07       1
59 1.794785e-05       1
60 4.706325e-05       1
61 5.604101e-05       1
62 1.728230e-04       1
63 1.501538e-04       1
64 8.235130e-05       1
65 3.713924e-08       1
66 4.581486e-06       1
67 5.401531e-05       1
68 4.371931e-06       1
69 5.047395e-04       1
70 6.268750e-06       1
71 6.946004e-05       1
72 9.490776e-05       1
73 1.074356e-05       1
74 1.852601e-05       1
75 1.768597e-04       1
76 6.315840e-05       1
77 7.042090e-06       1
78 2.686321e-05       1
79 1.491539e-05       1
80 1.564000e-05       1
81 1.037967e-03  0.0184
82 4.654107e-04       1
83 2.780551e-04       1
84 9.953986e-05       1
85 3.047789e-05       1
86 1.638633e-04       1
87 4.669654e-05       1
88 3.151787e-06       1
89 1.642896e-05       1
90 1.870837e-04       1
91 1.071111e-04       1
92 1.573424e-04       1

$`MR-PRESSO results`$`Distortion Test`
$`MR-PRESSO results`$`Distortion Test`$`Outliers Indices`
[1] 49 81

$`MR-PRESSO results`$`Distortion Test`$`Distortion Coefficient`
beta.exposure 
    -238.3018 

$`MR-PRESSO results`$`Distortion Test`$Pvalue
[1] 0.1973



