SNP	CHROM	POS	REF	ALT	AF	BETA	SE	Z	P	N	TRAIT
rs2982366	1	11438787	G	A	0.637223	-0.002208	0.005733	-0.385139	0.7002	3146	CSF_tau
rs58300372	NA	NA	NA	NA	NA	NA	NA	NA	NA	NA	NA
rs34676516	1	27116463	C	T	0.0896226	-0.004589	0.01054	-0.43538899430740036	0.6633	3146	CSF_tau
rs7517981	1	31555056	T	C	0.63648	0.001328	0.005845	0.227203	0.8202	3146	CSF_tau
rs915416	1	34731984	C	G	0.663881	0.007902	0.006261999999999999	1.2619	0.2071	3146	CSF_tau
rs67752000	1	44597213	G	A	0.234449	0.001529	0.006339	0.24120523741915129	0.8094	3146	CSF_tau
rs61785580	1	46402849	C	T	0.0630346	0.0101	0.011859999999999999	0.851602023608769	0.3945	3146	CSF_tau
rs12760654	1	47669325	G	A	0.182462	-5.599e-4	0.007379000000000001	-0.07587749017482043	0.9395	3146	CSF_tau
rs269054	1	57864304	T	A	0.413249	0.003327	0.006129	0.54282917278512	0.5873	3146	CSF_tau
rs61796569	1	66476437	C	T	0.252372	-0.003928	0.006476000000000001	-0.6065472513897466	0.5442	3146	CSF_tau
rs12030413	1	71541524	G	C	0.193584	-0.001771	0.007095999999999999	-0.24957722660653894	0.8029999999999999	3146	CSF_tau
rs12567114	1	98527951	G	A	0.294406	-0.01346	0.006481999999999999	-2.076519592718297	0.03801	3146	CSF_tau
rs1441189	1	163826318	C	T	0.319601	-0.003426	0.006489	-0.5279704114655571	0.5976	3146	CSF_tau
rs1289588	1	164013029	G	A	0.626316	-0.01122	0.0057799999999999995	-1.94118	0.0523	3146	CSF_tau
rs2279681	1	201861016	C	G	0.340316	-0.006993999999999999	0.005807	-1.2044084725331496	0.2285	3146	CSF_tau
rs551894262	NA	NA	NA	NA	NA	NA	NA	NA	NA	NA	NA
rs7527648	1	240011174	C	T	0.555556	-0.00282	0.006108	-0.46169	0.6443	3146	CSF_tau
rs62120041	2	9185564	T	C	0.067175	0.01523	0.01152	1.3220486111111112	0.1863	3146	CSF_tau
rs2056152	2	14542588	T	C	0.573535	-0.008543	0.005654	-1.51097	0.1309	3146	CSF_tau
rs11689042	2	25057054	G	C	0.289694	-0.001546	0.006906	-0.22386330726904144	0.8229	3146	CSF_tau
rs116196449	NA	NA	NA	NA	NA	NA	NA	NA	NA	NA	NA
rs374153	2	40382712	C	T	0.834603	-0.02041	0.007751999999999999	-2.63287	0.008512	3146	CSF_tau
rs2717076	2	58061127	C	T	0.588897	-0.007741	0.005896	-1.31292	0.1893	3146	CSF_tau
rs75539574	NA	NA	NA	NA	NA	NA	NA	NA	NA	NA	NA
rs35758221	NA	NA	NA	NA	NA	NA	NA	NA	NA	NA	NA
rs7556815	2	114085785	G	A	0.220407	0.006104999999999999	0.0068260000000000005	0.8943744506299441	0.3712	3146	CSF_tau
rs6712127	NA	NA	NA	NA	NA	NA	NA	NA	NA	NA	NA
rs79259656	NA	NA	NA	NA	NA	NA	NA	NA	NA	NA	NA
rs35662245	2	147583187	T	A	0.380131	0.004297	0.005947999999999999	0.722427706792199	0.47	3146	CSF_tau
rs11885663	2	166944004	C	T	0.223626	-0.0069099999999999995	0.006367	-1.085283493010837	0.2779	3146	CSF_tau
rs12470733	2	200968215	C	A	0.166969	0.001745	0.007316	0.2385183160196829	0.8115	3146	CSF_tau
rs2161853	NA	NA	NA	NA	NA	NA	NA	NA	NA	NA	NA
rs10173260	2	210377845	T	C	0.579282	1.328e-4	0.005836	0.0227553	0.9818	3146	CSF_tau
rs4539789	2	225485628	G	A	0.577875	0.004793	0.005686999999999999	0.842799	0.3994	3146	CSF_tau
rs6806208	3	35661030	C	T	0.671293	-0.00294	0.0063939999999999995	-0.459806	0.6457	3146	CSF_tau
rs13066140	3	50154223	T	C	0.107804	-0.013909999999999999	0.009403	-1.4793151121982344	0.1393	3146	CSF_tau
rs112230981	3	55879269	A	G	0.0224945	0.02487	0.01491	1.6680080482897384	0.09532	3146	CSF_tau
rs17065421	3	61793618	C	A	0.0730602	-0.010029999999999999	0.009943	-1.0087498742834153	0.313	3146	CSF_tau
rs17732997	3	70470834	C	G	0.420058	0.002993	0.005748	0.5207028531663187	0.6026	3146	CSF_tau
rs9810474	3	74961196	C	T	0.215013	-0.007127	0.006972	-1.022231784279977	0.3068	3146	CSF_tau
rs1694943	3	84962681	A	G	0.546364	0.001625	0.005637	0.288274	0.7732	3146	CSF_tau
rs7644809	3	107564459	T	C	0.623547	9.663e-4	0.0060799999999999995	0.158931	0.8737	3146	CSF_tau
rs4688116	3	118195601	G	T	0.604575	-0.008461	0.005765999999999999	-1.4674	0.1424	3146	CSF_tau
rs11928693	3	123275179	G	T	0.208903	0.0061530000000000005	0.006306	0.9757373929590867	0.3292	3146	CSF_tau
rs13088093	3	135838598	T	G	0.328369	0.002106	0.0063950000000000005	0.32931978107896787	0.7419	3146	CSF_tau
rs9842017	NA	NA	NA	NA	NA	NA	NA	NA	NA	NA	NA
rs6783516	3	178539272	G	T	0.596443	0.006101	0.006156	0.991066	0.3217	3146	CSF_tau
rs2192528	4	18327896	A	G	0.490919	0.002656	0.005603	0.474032	0.6355	3146	CSF_tau
rs7686205	4	44535866	A	G	0.4081	-0.0030489999999999996	0.0058920000000000005	-0.5174813306177867	0.6048	3146	CSF_tau
rs2588720	4	66983177	C	A	0.691189	0.00339	0.0059310000000000005	0.571573	0.5676	3146	CSF_tau
rs17427571	4	82254908	A	G	0.380182	-0.002091	0.006175	-0.3386234817813765	0.735	3146	CSF_tau
rs35531607	4	92533225	T	C	0.441134	-0.0038020000000000003	0.005625	-0.6759111111111111	0.4992	3146	CSF_tau
rs13109404	4	102896591	T	G	0.0364394	-0.009873	0.01295	-0.7623938223938224	0.446	3146	CSF_tau
rs72672112	NA	NA	NA	NA	NA	NA	NA	NA	NA	NA	NA
rs7653924	4	170202862	C	T	0.450601	-0.003285	0.005725	-0.5737991266375546	0.5661	3146	CSF_tau
rs11738968	NA	NA	NA	NA	NA	NA	NA	NA	NA	NA	NA
rs365663	5	1428883	A	G	0.51763	-8.068999999999999e-4	0.005722	-0.14101712687871373	0.8879	3146	CSF_tau
rs465700	5	3126493	C	G	0.883218	0.01671	0.009523	1.7547	0.07936	3146	CSF_tau
rs72739772	5	18772436	A	G	0.17992	0.0014470000000000002	0.007871	0.1838394104942193	0.8542	3146	CSF_tau
rs9283702	5	50755613	C	G	0.243189	0.008343000000000001	0.00643	1.2975116640746502	0.1946	3146	CSF_tau
rs780397	5	87529658	G	C	0.75254	0.01019	0.006592	1.54581	0.1222	3146	CSF_tau
rs442553	5	89319866	C	T	0.505466	-0.0063170000000000006	0.005723	-1.1037917176306133	0.2697	3146	CSF_tau
rs11135570	5	91785541	A	G	0.716147	0.00157	0.006423000000000001	0.244434	0.8069	3146	CSF_tau
rs56372231	5	102321905	C	T	0.330912	0.003482	0.00602	0.5784053156146179	0.5631	3146	CSF_tau
rs11567976	5	137654218	C	T	0.521564	0.009581	0.005778	1.65819	0.09738	3146	CSF_tau
rs888957	NA	NA	NA	NA	NA	NA	NA	NA	NA	NA	NA
rs4958318	5	151943054	C	T	0.243209	0.0014	0.006338	0.22088987062164722	0.8252	3146	CSF_tau
rs151014368	NA	NA	NA	NA	NA	NA	NA	NA	NA	NA	NA
rs11249671	NA	NA	NA	NA	NA	NA	NA	NA	NA	NA	NA
rs2206261	6	10039382	C	G	0.129677	0.007468000000000001	0.007911	0.9440020225003162	0.3453	3146	CSF_tau
rs7452281	6	18538449	T	C	0.123811	-0.001744	0.008878	-0.19644063978373508	0.8442	3146	CSF_tau
rs34556183	NA	NA	NA	NA	NA	NA	NA	NA	NA	NA	NA
rs1071742	NA	NA	NA	NA	NA	NA	NA	NA	NA	NA	NA
rs9381075	NA	NA	NA	NA	NA	NA	NA	NA	NA	NA	NA
rs113113059	6	43160375	T	C	0.205604	-4.346e-4	0.007308	-0.059469074986316366	0.9526	3146	CSF_tau
rs1547026	NA	NA	NA	NA	NA	NA	NA	NA	NA	NA	NA
rs9382445	6	54937974	T	C	0.330607	-0.004952000000000001	0.0058920000000000005	-0.8404616429056347	0.4007	3146	CSF_tau
rs3909077	6	72578985	T	C	0.176033	0.003059	0.007252	0.42181467181467186	0.6732	3146	CSF_tau
rs9360616	6	73616236	C	A	0.305889	-0.007941	0.0061600000000000005	-1.2891233766233765	0.1974	3146	CSF_tau
rs2231265	6	89790201	A	G	0.816104	2.977e-4	0.0068260000000000005	0.0436127	0.9652	3146	CSF_tau
rs9345234	6	93162639	A	C	0.528878	0.002969	0.00566	0.524558	0.5999	3146	CSF_tau
rs6932158	6	101246010	T	C	0.508017	-0.003887	0.005618	-0.691883	0.489	3146	CSF_tau
rs118077449	6	115450372	G	T	0.0724427	0.001342	0.009469	0.1417256310064421	0.8873	3146	CSF_tau
rs13197257	6	128333682	G	T	0.338354	-0.007537	0.0064719999999999995	-1.16455500618047	0.2443	3146	CSF_tau
rs9492542	6	130637874	C	T	0.307664	-0.005012	0.006104999999999999	-0.820966420966421	0.4117	3146	CSF_tau
rs34731055	7	2106928	C	T	0.181263	-0.003408	0.007272	-0.46864686468646866	0.6393	3146	CSF_tau
rs41845	7	69025267	G	T	0.35591	6.126e-4	0.0060149999999999995	0.10184538653366584	0.9189	3146	CSF_tau
rs62462821	7	71596011	C	T	0.330062	0.002959	0.006005	0.49275603663613654	0.6222	3146	CSF_tau
rs3801290	NA	NA	NA	NA	NA	NA	NA	NA	NA	NA	NA
rs401966	NA	NA	NA	NA	NA	NA	NA	NA	NA	NA	NA
rs10273733	7	107258121	T	C	0.713326	0.007261	0.0062640000000000005	1.15916	0.2465	3146	CSF_tau
rs2079070	7	114126432	C	G	0.761162	0.003321	0.0068650000000000004	0.483758	0.6286	3146	CSF_tau
rs4731139	7	123716880	T	C	0.47467	-0.008999	0.005777	-1.5577289250476025	0.1194	3146	CSF_tau
rs7806045	7	132610266	T	C	0.231774	0.002943	0.006645	0.44288939051918735	0.6579	3146	CSF_tau
rs10264127	7	147694691	C	G	0.331285	-0.004148	0.005942	-0.6980814540558734	0.4851	3146	CSF_tau
rs7460584	8	737551	C	G	0.44732	0.005517	0.006306	0.8748810656517603	0.3817	3146	CSF_tau
rs73187206	NA	NA	NA	NA	NA	NA	NA	NA	NA	NA	NA
rs4841498	8	10985432	C	T	0.555233	0.004051	0.005653	0.716611	0.4736	3146	CSF_tau
rs73219758	8	14279446	G	A	0.298907	0.009287	0.006287	1.4771751232702401	0.1398	3146	CSF_tau
rs1809498	8	21836384	C	G	0.462727	-0.0031580000000000002	0.0057020000000000005	-0.5538407576289022	0.5798	3146	CSF_tau
rs10113779	8	22485934	G	C	0.418036	0.005209	0.005697	0.9143408811655258	0.3606	3146	CSF_tau
rs58153210	8	26271120	C	T	0.637173	0.002466	0.006164	0.400065	0.6891	3146	CSF_tau
rs1845627	8	34092531	C	T	0.332101	0.004397	0.005826	0.7547202197047718	0.4505	3146	CSF_tau
rs76410510	8	52900371	C	G	0.0498188	0.005778	0.0125	0.46224	0.6439	3146	CSF_tau
rs28374712	8	64317636	A	T	0.206415	-0.0037359999999999997	0.00662	-0.5643504531722054	0.5725	3146	CSF_tau
rs4588900	8	73890425	G	A	0.512755	-7.268e-4	0.00565	-0.128637	0.8976	3146	CSF_tau
rs9643333	8	94266168	C	T	0.759503	0.004209	0.007065000000000001	0.595754	0.5513	3146	CSF_tau
rs7842473	NA	NA	NA	NA	NA	NA	NA	NA	NA	NA	NA
rs2129547	8	127972571	G	C	0.356545	0.003563	0.005886	0.6053346924906559	0.545	3146	CSF_tau
rs7464481	8	136750276	G	A	0.599274	0.006362	0.006203	1.02563	0.3051	3146	CSF_tau
rs10116103	9	1747566	C	T	0.355612	-0.0036950000000000004	0.006037	-0.6120589696869306	0.5406	3146	CSF_tau
rs12380607	9	3096934	G	A	0.458348	-0.008595	0.005665	-1.5172109443954105	0.1293	3146	CSF_tau
rs12336359	9	4129657	G	C	0.347258	9.013999999999999e-4	0.005857	0.15390131466621135	0.8777	3146	CSF_tau
rs1323341	9	14453010	A	G	0.752719	-0.01291	0.006965000000000001	-1.85355	0.06389	3146	CSF_tau
rs10810258	9	14830989	A	G	0.396326	0.003409	0.005782	0.589588377723971	0.5556	3146	CSF_tau
rs10973207	NA	NA	NA	NA	NA	NA	NA	NA	NA	NA	NA
rs4364707	NA	NA	NA	NA	NA	NA	NA	NA	NA	NA	NA
rs10820727	NA	NA	NA	NA	NA	NA	NA	NA	NA	NA	NA
rs803728	9	125969655	A	T	0.657112	-0.002171	0.005927	-0.36629	0.7142	3146	CSF_tau
rs148251429	NA	NA	NA	NA	NA	NA	NA	NA	NA	NA	NA
rs1776776	9	140497072	T	C	0.190641	0.003121	0.008034999999999999	0.38842563783447426	0.6978	3146	CSF_tau
rs138500422	10	19731490	C	G	0.245148	0.004143	0.007094	0.5840146602762899	0.5592	3146	CSF_tau
rs12246842	10	21830580	A	G	0.531182	-0.005419	0.006063000000000001	-0.893782	0.3715	3146	CSF_tau
rs10761674	10	64618340	C	T	0.560843	0.002847	0.005721	0.49764	0.6187	3146	CSF_tau
rs1163196	10	70562243	C	G	0.311341	-0.005258	0.006328	-0.8309102402022756	0.406	3146	CSF_tau
rs10788612	10	90544705	T	C	0.32339	0.002432	0.005837	0.416652389926332	0.6769	3146	CSF_tau
rs11185890	10	91575418	G	A	0.25883	-0.002304	0.006527	-0.3529952504979317	0.7241	3146	CSF_tau
rs11190970	10	103128332	G	A	0.227713	-0.006370000000000001	0.007184	-0.8866926503340757	0.3753	3146	CSF_tau
rs17092671	10	116779483	A	G	0.323241	-0.006389	0.006571	-0.9723025414700959	0.331	3146	CSF_tau
rs2532841	10	119069842	A	C	0.515091	-0.002844	0.005745	-0.495039	0.6206	3146	CSF_tau
rs7915425	10	125016501	T	C	0.826797	-0.007908	0.00715	-1.10601	0.2688	3146	CSF_tau
rs7943526	NA	NA	NA	NA	NA	NA	NA	NA	NA	NA	NA
rs1517572	11	28829882	A	C	0.634448	0.001375	0.00634	0.216877	0.8283	3146	CSF_tau
rs4592416	11	43800474	A	G	0.502179	0.0033299999999999996	0.005681	0.586164407674705	0.5578	3146	CSF_tau
rs11039544	NA	NA	NA	NA	NA	NA	NA	NA	NA	NA	NA
rs174560	11	61581764	T	C	0.324172	-0.014719999999999999	0.006215	-2.3684633950120673	0.01793	3146	CSF_tau
rs12791153	NA	NA	NA	NA	NA	NA	NA	NA	NA	NA	NA
rs1553132	11	88297740	A	G	0.228509	0.0034869999999999996	0.006561	0.5314738606919677	0.5951	3146	CSF_tau
rs12224352	11	99282766	A	T	0.301052	-0.003812	0.005991	-0.6362877649808045	0.5247	3146	CSF_tau
rs1939455	NA	NA	NA	NA	NA	NA	NA	NA	NA	NA	NA
rs1079727	11	113289182	T	C	0.176577	0.018680000000000002	0.007802	2.394257882594207	0.01672	3146	CSF_tau
rs3751046	11	122828342	A	G	0.121957	-5.535000000000001e-4	0.007804000000000001	-0.07092516658124039	0.9435	3146	CSF_tau
rs10790897	11	127376897	T	C	0.200073	0.007673	0.006847	1.1206367752300277	0.2625	3146	CSF_tau
rs10506092	12	32667330	G	T	0.0322932	-0.010759999999999999	0.013669999999999998	-0.787125091441112	0.43120000000000003	3146	CSF_tau
rs34354917	NA	NA	NA	NA	NA	NA	NA	NA	NA	NA	NA
rs3809162	12	54674235	A	G	0.43228	0.001997	0.005725	0.34882096069868995	0.7272	3146	CSF_tau
rs324015	12	57490100	T	C	0.740437	-7.924e-4	0.006895	-0.114924	0.9085	3146	CSF_tau
rs11113605	12	108352157	C	T	0.194737	0.002777	0.00782	0.35511508951406645	0.7226	3146	CSF_tau
rs4767550	NA	NA	NA	NA	NA	NA	NA	NA	NA	NA	NA
rs7979697	12	120262695	C	T	0.190251	-0.006599	0.007586	-0.8698919061428948	0.3844	3146	CSF_tau
rs542936194	NA	NA	NA	NA	NA	NA	NA	NA	NA	NA	NA
rs9552469	NA	NA	NA	NA	NA	NA	NA	NA	NA	NA	NA
rs4559781	13	28303803	C	T	0.871688	0.00383	0.008355	0.458408	0.6467	3146	CSF_tau
rs6561715	13	53888526	T	A	0.633527	-0.008206	0.006406	-1.28099	0.2003	3146	CSF_tau
rs35938338	13	62958423	T	G	0.156863	-0.006673999999999999	0.007756	-0.8604951005673027	0.3896	3146	CSF_tau
rs4491389	13	70066316	G	T	0.379109	5.206000000000001e-4	0.005797	0.08980507158875281	0.9285	3146	CSF_tau
rs9547272	NA	NA	NA	NA	NA	NA	NA	NA	NA	NA	NA
rs9300351	NA	NA	NA	NA	NA	NA	NA	NA	NA	NA	NA
rs6575005	14	26954078	T	C	0.218029	0.008431999999999999	0.006589	1.279708605251176	0.2007	3146	CSF_tau
rs10483350	14	29816155	A	G	0.198623	-0.006933	0.007186	-0.9647926523796271	0.3347	3146	CSF_tau
rs61985058	14	60233841	C	T	0.108593	-0.001426	0.008744	-0.1630832570905764	0.8705	3146	CSF_tau
rs55658675	14	65554638	C	T	0.323851	0.004671	0.006094	0.7664916311125698	0.4435	3146	CSF_tau
rs35213196	NA	NA	NA	NA	NA	NA	NA	NA	NA	NA	NA
rs11621908	14	78495761	C	T	0.0779315	0.007931	0.01055	0.7517535545023697	0.4521	3146	CSF_tau
rs2664299	14	99742187	T	C	0.469543	-0.001276	0.005765999999999999	-0.2212972597988207	0.8248	3146	CSF_tau
rs11853131	15	22907319	G	A	0.465053	-0.002512	0.005633	-0.44594354695544114	0.6557	3146	CSF_tau
rs8038326	15	47989799	A	G	0.372232	-0.005204	0.006455	-0.8061967467079784	0.4202	3146	CSF_tau
rs117930259	NA	NA	NA	NA	NA	NA	NA	NA	NA	NA	NA
rs62009949	15	66504660	T	C	0.514036	-0.001799	0.006083	-0.295742	0.7675	3146	CSF_tau
rs55842233	NA	NA	NA	NA	NA	NA	NA	NA	NA	NA	NA
rs4581677	15	87834892	G	A	0.323069	0.001825	0.005994	0.3044711378044711	0.7608	3146	CSF_tau
rs3095508	16	6550400	C	A	0.378457	-6.450000000000001e-4	0.005749	-0.11219342494346844	0.9107	3146	CSF_tau
rs11648073	16	10128189	T	C	0.189239	-0.0033380000000000003	0.007562999999999999	-0.44135924897527445	0.659	3146	CSF_tau
rs72771082	16	20023601	A	G	0.276287	-0.009033	0.0068650000000000004	-1.315804806991988	0.1884	3146	CSF_tau
rs12598706	16	20395000	C	T	0.523497	-0.007245999999999999	0.006099	-1.188063616986391	0.2349	3146	CSF_tau
rs11643715	16	23909538	C	G	0.246366	4.3620000000000003e-4	0.0066879999999999995	0.06522129186602872	0.948	3146	CSF_tau
rs9937053	16	53799507	G	A	0.461407	0.006546	0.005684000000000001	1.1516537649542573	0.2496	3146	CSF_tau
rs7198661	16	56090428	T	C	0.435431	-0.002314	0.006142	-0.37675024422012376	0.7064	3146	CSF_tau
rs11076412	16	60791782	G	A	0.427699	-3.072e-4	0.006243	-0.04920711196540124	0.9608	3146	CSF_tau
rs7191888	NA	NA	NA	NA	NA	NA	NA	NA	NA	NA	NA
rs4790581	17	4066657	T	C	0.603705	0.003171	0.005745	0.551958	0.5811	3146	CSF_tau
rs35415738	17	4755027	G	A	0.729511	0.003306	0.006529999999999999	0.506279	0.6126	3146	CSF_tau
rs3027234	17	8136092	C	T	0.208636	0.0037700000000000003	0.006756	0.5580224985198343	0.5768	3146	CSF_tau
rs205024	17	11227352	C	T	0.392727	-0.007402	0.005768	-1.2832871012482663	0.1995	3146	CSF_tau
rs8072993	NA	NA	NA	NA	NA	NA	NA	NA	NA	NA	NA
rs9915731	17	30599555	T	A	0.256102	0.01059	0.006214	1.704216285806244	0.08846	3146	CSF_tau
rs147114641	NA	NA	NA	NA	NA	NA	NA	NA	NA	NA	NA
rs2696429	NA	NA	NA	NA	NA	NA	NA	NA	NA	NA	NA
rs553223732	NA	NA	NA	NA	NA	NA	NA	NA	NA	NA	NA
rs538476570	NA	NA	NA	NA	NA	NA	NA	NA	NA	NA	NA
rs547290689	NA	NA	NA	NA	NA	NA	NA	NA	NA	NA	NA
rs9893354	17	50538567	A	G	0.479811	4.53e-5	0.005555	0.00815482	0.9935	3146	CSF_tau
rs8074498	NA	NA	NA	NA	NA	NA	NA	NA	NA	NA	NA
rs79783687	NA	NA	NA	NA	NA	NA	NA	NA	NA	NA	NA
rs35236861	NA	NA	NA	NA	NA	NA	NA	NA	NA	NA	NA
rs62081535	18	35235896	T	C	0.12192	0.005529	0.009331	0.5925409923909548	0.5535	3146	CSF_tau
rs1942085	18	39017178	A	G	0.096628	0.008353	0.01011	0.826211671612265	0.4087	3146	CSF_tau
rs12607679	18	53059748	T	C	0.226457	0.005285	0.006523999999999999	0.8100858369098712	0.4179	3146	CSF_tau
rs11151115	18	73060397	C	T	0.240378	-0.003425	0.006846	-0.500292141396436	0.6169	3146	CSF_tau
rs10421649	NA	NA	NA	NA	NA	NA	NA	NA	NA	NA	NA
rs35126035	NA	NA	NA	NA	NA	NA	NA	NA	NA	NA	NA
rs13346368	19	48198675	A	G	0.286734	0.002775	0.006205	0.4472199838839646	0.6547	3146	CSF_tau
rs67546213	19	50082587	G	A	0.196513	-0.01069	0.007388	-1.4469409853817001	0.1479	3146	CSF_tau
rs4815270	20	2474081	T	C	0.874213	0.01034	0.01038	0.996146	0.3194	3146	CSF_tau
rs6043178	20	15273156	T	G	0.622999	-0.001432	0.005758	-0.248697	0.8036	3146	CSF_tau
rs2072727	20	43538733	T	C	0.57478	-0.005024	0.00566	-0.887633	0.3748	3146	CSF_tau
rs12152085	NA	NA	NA	NA	NA	NA	NA	NA	NA	NA	NA
rs73208119	21	39234343	G	A	0.121779	0.00411	0.01005	0.408955223880597	0.6827	3146	CSF_tau
rs9610500	NA	NA	NA	NA	NA	NA	NA	NA	NA	NA	NA
rs3788337	22	23412017	G	A	0.35369	-0.0024519999999999998	0.005884	-0.416723317471108	0.6769	3146	CSF_tau
rs9611007	22	39077058	C	T	0.146163	0.01085	0.008801999999999999	1.2326743921835948	0.2176	3146	CSF_tau
rs2272848	22	50646318	G	A	0.601296	0.003214	0.005782	0.555863	0.5784	3146	CSF_tau
