$`Main MR results`
       Exposure       MR Analysis Causal Estimate         Sd     T-stat
1 beta.exposure               Raw     -0.01578282 0.04650734 -0.3393620
2 beta.exposure Outlier-corrected     -0.01145085 0.04568483 -0.2506489
    P-value
1 0.7344400
2 0.8021601

$`MR-PRESSO results`
$`MR-PRESSO results`$`Global Test`
$`MR-PRESSO results`$`Global Test`$RSSobs
[1] 857.536

$`MR-PRESSO results`$`Global Test`$Pvalue
[1] "<4e-05"


$`MR-PRESSO results`$`Outlier Test`
          RSSobs   Pvalue
1   8.705804e-06        1
2   1.650156e-05        1
3   5.475116e-05        1
4   8.973259e-05        1
5   2.522628e-04        1
6   8.131093e-04        1
7   2.420066e-06        1
8   8.071945e-04        1
9   3.081781e-05        1
10  4.750344e-06        1
11  5.358831e-05        1
12  1.575096e-03        1
13  1.554478e-04        1
14  4.434213e-04        1
15  6.478589e-05        1
16  8.413205e-05        1
17  7.102016e-05        1
18  6.659665e-04        1
19  4.762778e-06        1
20  1.077138e-04        1
21  3.621790e-05        1
22  5.866432e-05        1
23  1.656819e-04        1
24  1.027296e-04        1
25  4.972669e-07        1
26  1.347937e-03        1
27  5.725398e-04        1
28  5.720366e-04        1
29  8.284073e-07        1
30  3.175193e-06        1
31  1.109657e-04        1
32  6.783778e-05        1
33  5.993219e-05        1
34  8.205461e-05        1
35  1.420340e-04        1
36  3.604692e-04        1
37  5.616424e-04        1
38  1.652621e-04        1
39  1.897397e-03        1
40  1.149361e-05        1
41  7.707424e-04        1
42  6.982474e-06        1
43  1.548303e-04        1
44  3.063666e-04        1
45  5.570327e-06        1
46  2.847219e-05        1
47  4.877867e-04        1
48  7.625259e-04        1
49  2.076129e-04        1
50  6.301424e-04        1
51  1.851106e-04        1
52  7.950649e-05        1
53  1.759814e-06        1
54  2.886856e-04        1
55  1.184774e-04        1
56  1.877329e-04        1
57  5.720388e-08        1
58  1.023680e-06        1
59  3.522254e-04        1
60  1.218491e-03        1
61  2.738293e-05        1
62  2.378805e-04        1
63  4.051181e-05        1
64  6.742758e-05        1
65  2.081751e-04        1
66  8.203167e-05        1
67  1.980189e-06        1
68  1.719813e-04        1
69  1.688044e-05        1
70  1.907536e-03        1
71  1.572610e-04        1
72  6.163602e-04        1
73  2.165936e-04        1
74  3.876932e-05        1
75  4.086216e-05        1
76  1.253510e-04        1
77  6.834646e-05        1
78  7.916206e-05        1
79  7.124260e-04        1
80  1.386286e-04        1
81  1.319429e-05        1
82  1.525621e-07        1
83  3.336881e-03  0.66528
84  1.936436e-05        1
85  3.590198e-04        1
86  3.837101e-04        1
87  6.035051e-04        1
88  4.306649e-05        1
89  4.106955e-05        1
90  1.321289e-04        1
91  1.044764e-03        1
92  2.485547e-04        1
93  3.559832e-06        1
94  3.336080e-06        1
95  1.732857e-03        1
96  1.449254e-03        1
97  1.285323e-04        1
98  4.381623e-05        1
99  7.626921e-08        1
100 5.323297e-04        1
101 1.177488e-04        1
102 4.188717e-04        1
103 3.813752e-04        1
104 2.111276e-05        1
105 1.617682e-03        1
106 1.773340e-05        1
107 9.381156e-05        1
108 2.096621e-03        1
109 7.466383e-05        1
110 1.177629e-05        1
111 6.255172e-04        1
112 4.696289e-05        1
113 1.871636e-06        1
114 4.953284e-05        1
115 9.905167e-06        1
116 5.087997e-06        1
117 5.509497e-06        1
118 2.246915e-04        1
119 7.799875e-05        1
120 2.532577e-03        1
121 2.268027e-04        1
122 1.122990e-03        1
123 2.787143e-04        1
124 3.364510e-03        1
125 2.089308e-04        1
126 2.056875e-04        1
127 2.229734e-06        1
128 1.017133e-03        1
129 4.605368e-04        1
130 3.504457e-07        1
131 1.277253e-04        1
132 9.119050e-04        1
133 3.008625e-04        1
134 6.220649e-06        1
135 2.779390e-04        1
136 9.878464e-05        1
137 2.116337e-04        1
138 3.082935e-04        1
139 2.619336e-05        1
140 8.672419e-08        1
141 2.857848e-04        1
142 8.020676e-04        1
143 1.503799e-03        1
144 2.881955e-04        1
145 7.227783e-05        1
146 3.795214e-07        1
147 9.153411e-06        1
148 2.647072e-04        1
149 1.805913e-08        1
150 4.680697e-05        1
151 1.587552e-04        1
152 3.323434e-04        1
153 1.755975e-04        1
154 3.170547e-04        1
155 5.872069e-04        1
156 8.561817e-04        1
157 5.153815e-07        1
158 1.600086e-04        1
159 4.098815e-05        1
160 6.870570e-05        1
161 3.465745e-07        1
162 6.106126e-04        1
163 1.745537e-04        1
164 2.011811e-04        1
165 3.558499e-03        1
166 4.431462e-04        1
167 1.333392e-08        1
168 5.181805e-04        1
169 3.671910e-04        1
170 3.427078e-06        1
171 4.614134e-04        1
172 2.503285e-04        1
173 9.954668e-04        1
174 3.541245e-04        1
175 1.039092e-04        1
176 1.639366e-04        1
177 2.094420e-03        1
178 2.007961e-05        1
179 4.324670e-04        1
180 2.175706e-05        1
181 2.120589e-04        1
182 2.302846e-05        1
183 2.724234e-04        1
184 5.816042e-06        1
185 8.809560e-04        1
186 1.400987e-04        1
187 2.666899e-08        1
188 7.262143e-04        1
189 6.009089e-04        1
190 1.148370e-03        1
191 3.137871e-04        1
192 5.367368e-05        1
193 7.339323e-04        1
194 1.373010e-04        1
195 8.446777e-04        1
196 2.824176e-04        1
197 1.717029e-04        1
198 3.119393e-05        1
199 1.104174e-03        1
200 1.133488e-05        1
201 1.104658e-03        1
202 3.407599e-04        1
203 1.603099e-04        1
204 3.279515e-04        1
205 3.681529e-05        1
206 1.116020e-04        1
207 6.598961e-04        1
208 2.564885e-05        1
209 2.104056e-06        1
210 1.326400e-04        1
211 8.087731e-05        1
212 6.688269e-05        1
213 1.501641e-04        1
214 1.974646e-04        1
215 2.460456e-05        1
216 4.049559e-04        1
217 4.212214e-05        1
218 2.172746e-03        1
219 6.331001e-04        1
220 1.349692e-04        1
221 1.379886e-07        1
222 4.481551e-04        1
223 3.663102e-04        1
224 1.594593e-05        1
225 1.820917e-05        1
226 2.521220e-04        1
227 1.246132e-04        1
228 1.018227e-03        1
229 7.007365e-04        1
230 7.215359e-05        1
231 1.475084e-04        1
232 5.013354e-03        1
233 9.136753e-04        1
234 1.010872e-04        1
235 1.132462e-03        1
236 9.055113e-04        1
237 4.235280e-04        1
238 5.389655e-04        1
239 3.184694e-05        1
240 5.004911e-05        1
241 6.435702e-04        1
242 3.613361e-03        1
243 6.585756e-06        1
244 7.254036e-04        1
245 4.356855e-06        1
246 2.493203e-04        1
247 5.979022e-04        1
248 1.556000e-04        1
249 1.951831e-04        1
250 2.405421e-04        1
251 2.833973e-04        1
252 3.442881e-05        1
253 9.957557e-05        1
254 7.172084e-05        1
255 8.558257e-06        1
256 6.804476e-04        1
257 1.266696e-04        1
258 6.628340e-05        1
259 5.523741e-06        1
260 2.504874e-05        1
261 1.166862e-04        1
262 1.988381e-05        1
263 7.156073e-05        1
264 7.413459e-05        1
265 1.854841e-04        1
266 1.199227e-03        1
267 4.763059e-05        1
268 8.632060e-08        1
269 7.792496e-04        1
270 7.854590e-04        1
271 1.611220e-05        1
272 8.524831e-04        1
273 6.164153e-06        1
274 7.550332e-05        1
275 3.783036e-06        1
276 1.877000e-03        1
277 1.142999e-03        1
278 2.069734e-06        1
279 3.784245e-04        1
280 3.491569e-04        1
281 3.206728e-05        1
282 6.920159e-07        1
283 3.173947e-05        1
284 1.826981e-05        1
285 3.065191e-04        1
286 4.150613e-05        1
287 2.685203e-05        1
288 1.058505e-05        1
289 5.734758e-04        1
290 1.099571e-04        1
291 1.297531e-04        1
292 6.868313e-04        1
293 2.659603e-05        1
294 1.515212e-08        1
295 4.676649e-05        1
296 6.586052e-06        1
297 3.837353e-05        1
298 1.896003e-03        1
299 4.085991e-05        1
300 1.136884e-03        1
301 2.988300e-04        1
302 2.450325e-06        1
303 1.072804e-05        1
304 7.096315e-04        1
305 1.026105e-03        1
306 7.191350e-06        1
307 9.440630e-05        1
308 6.243990e-04        1
309 4.023553e-04        1
310 9.370849e-04        1
311 1.293014e-03        1
312 1.026823e-03        1
313 1.700899e-03        1
314 9.467831e-06        1
315 4.421257e-04        1
316 7.821900e-05        1
317 4.998031e-04        1
318 3.552656e-04        1
319 7.748613e-04        1
320 3.739361e-05        1
321 1.748662e-04        1
322 9.717668e-06        1
323 1.647887e-03        1
324 2.610697e-04        1
325 1.058649e-04        1
326 4.540262e-07        1
327 5.403830e-05        1
328 1.707659e-04        1
329 1.211702e-04        1
330 2.120227e-05        1
331 8.942986e-04        1
332 2.124019e-05        1
333 2.806233e-03        1
334 2.005588e-05        1
335 5.766530e-05        1
336 3.538396e-04        1
337 1.805853e-04        1
338 9.337086e-05        1
339 1.633238e-03        1
340 6.340613e-08        1
341 6.574523e-06        1
342 5.087275e-04        1
343 3.291772e-06        1
344 1.307946e-04        1
345 4.039157e-05        1
346 1.733236e-05        1
347 9.938039e-06        1
348 7.673720e-04        1
349 5.277565e-04        1
350 1.135049e-04        1
351 1.903614e-04        1
352 5.997839e-05        1
353 2.449707e-05        1
354 1.834738e-05        1
355 1.347239e-03        1
356 9.380399e-04        1
357 6.176813e-04        1
358 2.187133e-07        1
359 3.562678e-04        1
360 1.187052e-03        1
361 3.948044e-06        1
362 6.030525e-04        1
363 2.511201e-04        1
364 1.065837e-05        1
365 2.633167e-05        1
366 2.331111e-04        1
367 1.434080e-03        1
368 3.990185e-07        1
369 5.661146e-05        1
370 3.388862e-04        1
371 2.556506e-04        1
372 4.214160e-06        1
373 5.151868e-05        1
374 3.186549e-04        1
375 5.067327e-04        1
376 3.891508e-05        1
377 6.324973e-05        1
378 9.008176e-05        1
379 6.325354e-04        1
380 4.219131e-06        1
381 3.602863e-04        1
382 3.063335e-05        1
383 4.396902e-05        1
384 5.328164e-04        1
385 2.944639e-05        1
386 1.523995e-03        1
387 1.059594e-04        1
388 1.350094e-04        1
389 3.984420e-05        1
390 5.496486e-06        1
391 1.665341e-05        1
392 2.121614e-04        1
393 4.361653e-05        1
394 8.086350e-07        1
395 6.016482e-05        1
396 6.106222e-04        1
397 5.453808e-04        1
398 2.701556e-04        1
399 3.862947e-05        1
400 3.037370e-05        1
401 1.937321e-03        1
402 5.412613e-04        1
403 1.264125e-03        1
404 1.018434e-04        1
405 1.460039e-03        1
406 8.072714e-04        1
407 5.597051e-06        1
408 6.509061e-05        1
409 5.349126e-04        1
410 1.501786e-04        1
411 2.832482e-04        1
412 2.208667e-04        1
413 2.926461e-04        1
414 2.862410e-05        1
415 1.823228e-04        1
416 6.139540e-04        1
417 3.505170e-05        1
418 6.083096e-04        1
419 2.794034e-05        1
420 9.752167e-04        1
421 4.814805e-04        1
422 3.309817e-05        1
423 1.819331e-03        1
424 1.622831e-03        1
425 2.248668e-04        1
426 8.560302e-04        1
427 1.950168e-04        1
428 7.123078e-04        1
429 2.995782e-05        1
430 4.320067e-05        1
431 5.862035e-06        1
432 2.944246e-04        1
433 3.457151e-04        1
434 1.572812e-06        1
435 5.278395e-06        1
436 2.504106e-04        1
437 2.628994e-04        1
438 5.343873e-05        1
439 1.679554e-04        1
440 2.357618e-05        1
441 4.588007e-05        1
442 1.659421e-04        1
443 5.361844e-05        1
444 6.035717e-05        1
445 9.036927e-04        1
446 1.615484e-04        1
447 1.617219e-03        1
448 1.578033e-04        1
449 1.377900e-06        1
450 2.764389e-04        1
451 5.333872e-04        1
452 1.058407e-04        1
453 1.097180e-06        1
454 6.683220e-05        1
455 2.064686e-04        1
456 3.281982e-06        1
457 1.403136e-04        1
458 1.984820e-05        1
459 1.237188e-03        1
460 3.280865e-06        1
461 1.344369e-04        1
462 2.395733e-04        1
463 3.317765e-04        1
464 1.403872e-09        1
465 2.065473e-08        1
466 7.480509e-07        1
467 2.520732e-05        1
468 5.857242e-05        1
469 2.959522e-07        1
470 2.349550e-04        1
471 6.281443e-06        1
472 1.390775e-06        1
473 8.143667e-05        1
474 4.576948e-06        1
475 7.788984e-04        1
476 4.385048e-04        1
477 1.939111e-04        1
478 1.411834e-04        1
479 5.918291e-04        1
480 6.231136e-05        1
481 3.623917e-04        1
482 1.505537e-04        1
483 9.244168e-04        1
484 1.133250e-05        1
485 9.656944e-04        1
486 5.854785e-06        1
487 3.041233e-05        1
488 1.394267e-03        1
489 6.016430e-05        1
490 2.032516e-04        1
491 8.478233e-04        1
492 1.841182e-03        1
493 1.220715e-04        1
494 4.033383e-04        1
495 2.619388e-04        1
496 7.191767e-06        1
497 4.998412e-04        1
498 3.434705e-04        1
499 1.732364e-05        1
500 1.823399e-05        1
501 5.546567e-05        1
502 1.210466e-03        1
503 9.993465e-04        1
504 1.182423e-03        1
505 1.821638e-05        1
506 9.295051e-06        1
507 2.792610e-05        1
508 1.748019e-05        1
509 9.664681e-05        1
510 7.221149e-05        1
511 2.383697e-04        1
512 2.837750e-04        1
513 2.341141e-04        1
514 3.385574e-04        1
515 1.178150e-06        1
516 1.118829e-03        1
517 5.035603e-06        1
518 6.101303e-05        1
519 1.280604e-06        1
520 5.965296e-05        1
521 7.206991e-04        1
522 9.061750e-05        1
523 8.320889e-04        1
524 2.182948e-04        1
525 5.711438e-04        1
526 3.328133e-05        1
527 3.952426e-06        1
528 2.986473e-05        1
529 1.026316e-04        1
530 2.969568e-04        1
531 7.558212e-04        1
532 8.270615e-06        1
533 3.156662e-04        1
534 6.747431e-04        1
535 2.148963e-04        1
536 1.777691e-04        1
537 4.832925e-04        1
538 2.951749e-04        1
539 4.910113e-04        1
540 1.624917e-04        1
541 4.249489e-07        1
542 7.414413e-04        1
543 6.138330e-04        1
544 4.607137e-03 <0.02772
545 4.605939e-05        1
546 1.899476e-05        1
547 2.287259e-04        1
548 2.220734e-04        1
549 1.534135e-05        1
550 2.399450e-04        1
551 2.404134e-05        1
552 3.149045e-04        1
553 1.672437e-06        1
554 2.914124e-03        1
555 1.038008e-05        1
556 1.395494e-04        1
557 1.591987e-04        1
558 3.221678e-06        1
559 2.964193e-05        1
560 1.696133e-03        1
561 8.705192e-06        1
562 2.028045e-04        1
563 9.803003e-05        1
564 8.007331e-05        1
565 6.736169e-04        1
566 1.009999e-04        1
567 7.747036e-04        1
568 5.250670e-04        1
569 3.663729e-05        1
570 3.199281e-05        1
571 1.625417e-05        1
572 5.585377e-05        1
573 3.505098e-05        1
574 3.237091e-04        1
575 1.684226e-05        1
576 4.940513e-05        1
577 8.947346e-04        1
578 1.324807e-05        1
579 1.027566e-04        1
580 2.014671e-04        1
581 4.503284e-04        1
582 3.705751e-04        1
583 3.126478e-04        1
584 4.567044e-04        1
585 2.095737e-05        1
586 2.959960e-04        1
587 1.172568e-04        1
588 1.203011e-04        1
589 5.406185e-04        1
590 2.928351e-04        1
591 1.275164e-04        1
592 6.180905e-04        1
593 2.976406e-05        1
594 2.655801e-04        1
595 6.643057e-05        1
596 5.324163e-06        1
597 1.502797e-03        1
598 6.916597e-04        1
599 3.269105e-04        1
600 5.638139e-06        1
601 1.350718e-04        1
602 1.485143e-04        1
603 6.692784e-05        1
604 7.281679e-04        1
605 3.198386e-04        1
606 4.760642e-04        1
607 1.060013e-04        1
608 1.271484e-04        1
609 2.994337e-06        1
610 9.177161e-04        1
611 7.871672e-05        1
612 2.212407e-04        1
613 2.757093e-05        1
614 4.824179e-06        1
615 8.164148e-04        1
616 4.580215e-05        1
617 2.330488e-05        1
618 8.843513e-04        1
619 5.838733e-04        1
620 4.800043e-06        1
621 6.107059e-04        1
622 1.297788e-04        1
623 1.102970e-03        1
624 3.803869e-04        1
625 2.405295e-06        1
626 9.171558e-04        1
627 4.388529e-04        1
628 1.639929e-03        1
629 1.392528e-05        1
630 4.143870e-05        1
631 5.179088e-04        1
632 1.949330e-05        1
633 7.032732e-06        1
634 1.988827e-04        1
635 5.965260e-04        1
636 1.854909e-03        1
637 1.487054e-03        1
638 4.029360e-04        1
639 1.825413e-06        1
640 8.311424e-06        1
641 1.085779e-03        1
642 1.424066e-03        1
643 8.123639e-07        1
644 4.871101e-04        1
645 1.857915e-06        1
646 5.380595e-05        1
647 8.679553e-04        1
648 1.203391e-08        1
649 3.103817e-04        1
650 1.281085e-03        1
651 2.212976e-04        1
652 2.391213e-04        1
653 3.460319e-04        1
654 2.520055e-04        1
655 1.352300e-07        1
656 1.694546e-03        1
657 6.630909e-04        1
658 5.084961e-05        1
659 2.162686e-04        1
660 8.952475e-05        1
661 1.329254e-04        1
662 2.085713e-05        1
663 4.959401e-04        1
664 3.785673e-05        1
665 1.741225e-06        1
666 7.711597e-04        1
667 7.811668e-07        1
668 7.992635e-04        1
669 6.264844e-06        1
670 1.024229e-03        1
671 6.427814e-05        1
672 5.007177e-04        1
673 1.073846e-05        1
674 3.512451e-04        1
675 1.323497e-05        1
676 1.922233e-04        1
677 3.600249e-03        1
678 3.886239e-06        1
679 1.158686e-04        1
680 1.650719e-04        1
681 1.437330e-03        1
682 3.254568e-05        1
683 1.113246e-03        1
684 3.238650e-04        1
685 4.476464e-05        1
686 6.221854e-03  0.02772
687 1.222247e-05        1
688 1.128234e-05        1
689 5.236663e-04        1
690 2.577529e-05        1
691 9.306358e-06        1
692 6.700269e-04        1
693 5.740687e-05        1

$`MR-PRESSO results`$`Distortion Test`
$`MR-PRESSO results`$`Distortion Test`$`Outliers Indices`
[1] 544 686

$`MR-PRESSO results`$`Distortion Test`$`Distortion Coefficient`
beta.exposure 
    -37.83097 

$`MR-PRESSO results`$`Distortion Test`$Pvalue
[1] 0.87844



