$`Main MR results`
       Exposure       MR Analysis Causal Estimate       Sd    T-stat   P-value
1 beta.exposure               Raw        133.4279 324.9775 0.4105758 0.6822124
2 beta.exposure Outlier-corrected              NA       NA        NA        NA

$`MR-PRESSO results`
$`MR-PRESSO results`$`Global Test`
$`MR-PRESSO results`$`Global Test`$RSSobs
[1] 150.5632

$`MR-PRESSO results`$`Global Test`$Pvalue
[1] 0.0047


$`MR-PRESSO results`$`Outlier Test`
          RSSobs Pvalue
1     5144.27105      1
2    26214.47635      1
3    24228.56681      1
4     2413.32261      1
5    29351.32036      1
6     1283.56054      1
7     2209.03674      1
8    12147.39915      1
9     1402.63248      1
10    5904.03521      1
11   30515.29175      1
12   34456.79508      1
13  904725.19708      1
14    1294.62535      1
15      13.77147      1
16  141267.99609      1
17      49.97151      1
18   18544.40709      1
19  180793.00179      1
20   38745.77971      1
21   80841.02375      1
22     792.30335      1
23     618.52986      1
24   26452.82662      1
25   58038.65990      1
26    1022.64200      1
27    1956.43289      1
28     220.66123      1
29    2854.75751      1
30    2600.26592      1
31   18811.24364      1
32  270210.14074  0.214
33   52549.66422      1
34     653.35457      1
35   12741.42959      1
36   26400.67883      1
37   10272.62937      1
38    2281.56233      1
39   85217.59776      1
40   28857.16191      1
41  210502.83277      1
42    2893.16659      1
43   12967.75495      1
44     488.19813      1
45     598.45560      1
46   87789.21538      1
47    3523.59394      1
48      15.01601      1
49    1569.98405      1
50   41066.28712      1
51    5707.36893      1
52    1540.64289      1
53   24089.96124      1
54    1049.84371      1
55   23543.99396      1
56    4143.58556      1
57   12941.89967      1
58   18905.14801      1
59  137746.41287      1
60    1640.16544      1
61   41178.62459      1
62   83584.86279      1
63   30245.47194      1
64   23823.30708      1
65   52853.88346      1
66     883.05386      1
67    9043.27260      1
68   10418.15382      1
69    8946.04905      1
70   17067.66314      1
71    4373.92945      1
72   32764.49569      1
73  107566.52660 0.4708
74    9412.41638      1
75   15138.29356      1
76    1765.42286      1
77    5248.87004      1
78   31917.84835      1
79   21894.47798      1
80   26902.25921      1
81   12897.13332      1
82   67958.36638      1
83  106805.32008      1
84   15662.32543      1
85   47409.23787      1
86     424.61235      1
87   72610.82970      1
88   23226.97748      1
89    3271.98802      1
90    7013.93871      1
91   18145.08977      1
92    2553.46901      1
93      59.23186      1
94   12308.99854      1
95   33475.95738      1
96   13298.70544      1
97   18434.55316      1
98     665.03569      1
99   22987.22419      1
100  19746.14684      1
101   8639.67438      1
102  36100.19152      1
103  11655.10678      1
104  23856.83346      1
105  32785.43717      1
106   9078.01620      1
107 283450.64541 0.5029

$`MR-PRESSO results`$`Distortion Test`
$`MR-PRESSO results`$`Distortion Test`$`Outliers Indices`
[1] "No significant outliers"

$`MR-PRESSO results`$`Distortion Test`$`Distortion Coefficient`
[1] NA

$`MR-PRESSO results`$`Distortion Test`$Pvalue
[1] NA



