SNP	CHROM	POS	REF	ALT	AF	BETA	SE	Z	P	N	TRAIT
rs6673449	1	160043698	A	G	0.570999	6e-4	0.0079	0.0759494	0.9394	569410	Type_2_Diabetes
rs12137969	1	242289357	G	A	0.231054	-5e-4	0.0093	-0.05376344086021506	0.9565	569861	Type_2_Diabetes
rs10927043	1	243762208	C	T	0.181856	-0.0093	0.0102	-0.9117647058823528	0.3615	573517	Type_2_Diabetes
rs10496091	2	61482261	G	A	0.280452	-2e-4	0.0079	-0.02531645569620253	0.9824	603850	Type_2_Diabetes
rs12630663	3	28007315	T	C	0.411742	5e-4	0.008	0.0625	0.953	568996	Type_2_Diabetes
rs34464850	3	141721762	G	C	0.150502	-0.0051	0.0109	-0.46788990825688076	0.6386	572247	Type_2_Diabetes
rs11938781	4	17924734	T	C	0.163617	0.0267	0.0105	2.5428571428571427	0.01125	569163	Type_2_Diabetes
rs10029872	4	40350763	T	C	0.518965	-0.0044	0.0077	-0.571429	0.5654	571359	Type_2_Diabetes
rs2301718	4	106009763	G	A	0.210983	-7e-4	0.0095	-0.0736842105263158	0.9401	567532	Type_2_Diabetes
rs386424	5	81092787	T	G	0.288453	0.0083	0.0086	0.9651162790697675	0.3366	570457	Type_2_Diabetes
rs7715167	5	170778824	T	C	0.608496	-0.0059	0.008	-0.7375	0.4623	573704	Type_2_Diabetes
rs2802295	6	108926496	A	G	0.626928	0.0114	0.0081	1.40741	0.1605	570529	Type_2_Diabetes
rs6463758	7	8117636	A	G	0.553514	-0.0102	0.0084	-1.21429	0.2211	566704	Type_2_Diabetes
rs42035	7	92239531	A	G	0.244639	-0.024	0.0092	-2.608695652173913	0.008666	569904	Type_2_Diabetes
rs41563	7	104852654	G	A	0.348187	0.0165	0.0087	1.8965517241379313	0.05607	572134	Type_2_Diabetes
rs10251751	7	156021770	C	T	0.666921	-0.0135	0.0083	-1.62651	0.1025	570914	Type_2_Diabetes
rs76650567	8	78242034	C	T	0.0811408	0.0251	0.0142	1.7676056338028168	0.07787999999999999	572999	Type_2_Diabetes
rs66702753	9	103010947	A	C	0.255111	0.0137	0.009000000000000001	1.5222222222222221	0.1271	570163	Type_2_Diabetes
rs10817864	9	118968579	C	T	0.580748	1e-4	0.0079	0.0126582	0.9878	573423	Type_2_Diabetes
rs12357321	10	21790476	G	A	0.313329	0.0043	0.0081	0.5308641975308642	0.595	559082	Type_2_Diabetes
rs1628768	10	105012994	T	C	0.234395	-0.0171	0.0093	-1.838709677419355	0.06486	570299	Type_2_Diabetes
rs17543864	11	92556100	G	A	0.318993	0.0186	0.0085	2.188235294117647	0.028360000000000003	556865	Type_2_Diabetes
rs10876864	12	56401085	G	A	0.577159	0.0041	0.008	0.5125	0.6033	573704	Type_2_Diabetes
rs10878349	12	66327632	A	G	0.512046	0.0484	0.0079	6.12658	7.234999999999999e-10	570758	Type_2_Diabetes
rs111855983	12	80052550	T	C	0.130049	0.0155	0.012	1.2916666666666667	0.1953	573359	Type_2_Diabetes
rs2195243	12	102922986	G	C	0.222554	-0.0227	0.0087	-2.609195402298851	0.00872	605045	Type_2_Diabetes
rs34011931	13	111077516	A	G	0.327415	-0.019	0.0084	-2.261904761904762	0.02284	570230	Type_2_Diabetes
rs7207463	17	16004259	A	G	0.560075	0.0049	0.0079	0.620253	0.5307	573444	Type_2_Diabetes
rs1791513	18	22135429	A	G	0.53132	0.0171	0.0078	2.19231	0.027469999999999998	557880	Type_2_Diabetes
rs2490556	NA	NA	NA	NA	NA	NA	NA	NA	NA	NA	NA
rs4846200	NA	NA	NA	NA	NA	NA	NA	NA	NA	NA	NA
rs499688	NA	NA	NA	NA	NA	NA	NA	NA	NA	NA	NA
rs57415181	NA	NA	NA	NA	NA	NA	NA	NA	NA	NA	NA
rs11759026	NA	NA	NA	NA	NA	NA	NA	NA	NA	NA	NA
rs139849708	NA	NA	NA	NA	NA	NA	NA	NA	NA	NA	NA
rs149352678	NA	NA	NA	NA	NA	NA	NA	NA	NA	NA	NA
rs3217901	NA	NA	NA	NA	NA	NA	NA	NA	NA	NA	NA
rs2066827	NA	NA	NA	NA	NA	NA	NA	NA	NA	NA	NA
rs7975351	NA	NA	NA	NA	NA	NA	NA	NA	NA	NA	NA
rs35227403	NA	NA	NA	NA	NA	NA	NA	NA	NA	NA	NA
rs6572878	NA	NA	NA	NA	NA	NA	NA	NA	NA	NA	NA
rs76801057	NA	NA	NA	NA	NA	NA	NA	NA	NA	NA	NA
rs4265798	NA	NA	NA	NA	NA	NA	NA	NA	NA	NA	NA
rs6505216	NA	NA	NA	NA	NA	NA	NA	NA	NA	NA	NA
rs79600142	NA	NA	NA	NA	NA	NA	NA	NA	NA	NA	NA
rs12452834	NA	NA	NA	NA	NA	NA	NA	NA	NA	NA	NA
rs743038	NA	NA	NA	NA	NA	NA	NA	NA	NA	NA	NA
