SNP	CHROM	POS	REF	ALT	AF	BETA	SE	Z	P	N	TRAIT
rs1887858	NA	NA	NA	NA	NA	NA	NA	NA	NA	NA	NA
rs1353426	1	62118065	C	T	0.109	-0.13699999999999998	0.1346	-1.0178306092124814	0.3087	4046	Neuritic_Plaques_Any
rs67474621	NA	NA	NA	NA	NA	NA	NA	NA	NA	NA	NA
rs1497842	NA	NA	NA	NA	NA	NA	NA	NA	NA	NA	NA
rs35638741	1	88195247	A	C	0.5893	-0.0382	0.0744	-0.513441	0.6076	4046	Neuritic_Plaques_Any
rs321240	1	96477165	A	C	0.585	-8e-4	0.0735	-0.0108844	0.9916	4046	Neuritic_Plaques_Any
rs6667502	1	177111162	T	C	0.4909	0.0378	0.077	0.490909	0.6233	4046	Neuritic_Plaques_Any
rs45501495	1	204596454	C	T	0.2377	-0.1031	0.0821	-1.2557856272838002	0.2093	4046	Neuritic_Plaques_Any
rs919655	1	214157972	G	A	0.1242	-0.0012	0.1172	-0.010238907849829351	0.992	4046	Neuritic_Plaques_Any
rs1992284	2	43065555	T	C	0.7644	-0.0595	0.0842	-0.706651	0.4801	4046	Neuritic_Plaques_Any
rs11692742	2	45112453	G	A	0.2842	-0.0604	0.0937	-0.6446104589114194	0.5194	4046	Neuritic_Plaques_Any
rs974894	2	49330758	C	T	0.4477	-0.0432	0.0707	-0.611032531824611	0.5406	4046	Neuritic_Plaques_Any
rs2352540	2	51131666	C	T	0.902	-0.0477	0.1268	-0.37618296529968454	0.7066	4046	Neuritic_Plaques_Any
rs62148582	2	59530236	A	G	0.4545	0.0344	0.0716	0.480447	0.6313	4046	Neuritic_Plaques_Any
rs11680327	2	60303464	A	C	0.3187	-0.02	0.0798	-0.250627	0.8022	4046	Neuritic_Plaques_Any
rs35846556	2	66638642	C	T	0.4311	0.1016	0.0787	1.2909783989834813	0.1965	4046	Neuritic_Plaques_Any
rs55985303	2	77224951	G	A	0.2443	0.0991	0.0838	1.1825775656324582	0.2369	4046	Neuritic_Plaques_Any
rs13023088	2	100576304	C	T	0.1612	-0.0373	0.0988	-0.3775303643724696	0.706	4046	Neuritic_Plaques_Any
rs115680069	2	104679198	C	A	0.0377	0.2925	0.2257	1.2959680992467877	0.195	4046	Neuritic_Plaques_Any
rs12997823	2	143709091	A	G	0.3498	-0.0594	0.0747	-0.795181	0.4269	4046	Neuritic_Plaques_Any
rs275160	2	145967878	T	C	0.6861	0.134	0.0809	1.65637	0.09758	4046	Neuritic_Plaques_Any
rs12468486	2	147419619	T	C	0.3942	-0.0463	0.0729	-0.635117	0.5256	4046	Neuritic_Plaques_Any
rs11896707	NA	NA	NA	NA	NA	NA	NA	NA	NA	NA	NA
rs11693430	2	171106816	G	A	0.5505	-0.0325	0.0745	-0.43624161073825507	0.6623	4046	Neuritic_Plaques_Any
rs114227716	2	174939137	A	G	0.0254	0.1356	0.3279	0.413541	0.6791	4046	Neuritic_Plaques_Any
rs35431480	2	185500279	T	C	0.1496	0.1143	0.1028	1.11187	0.2665	4046	Neuritic_Plaques_Any
rs1367236	2	222316957	T	C	0.8298	0.021	0.0986	0.212982	0.8314	4046	Neuritic_Plaques_Any
rs143723885	NA	NA	NA	NA	NA	NA	NA	NA	NA	NA	NA
rs190819318	NA	NA	NA	NA	NA	NA	NA	NA	NA	NA	NA
rs12497285	3	24830148	T	C	0.3791	-0.0621	0.0745	-0.833557	0.4045	4046	Neuritic_Plaques_Any
rs9851798	3	44577613	C	A	0.7395	-0.1161	0.0794	-1.4622166246851385	0.1438	4046	Neuritic_Plaques_Any
rs1876245	3	71534763	T	C	0.4313	0.0281	0.0723	0.388658	0.6978	4046	Neuritic_Plaques_Any
rs2324693	3	76890049	T	C	0.1217	0.028	0.1134	0.246914	0.805	4046	Neuritic_Plaques_Any
rs1449404	NA	NA	NA	NA	NA	NA	NA	NA	NA	NA	NA
rs12496999	3	86198010	G	A	0.545	-0.03	0.0723	-0.41493775933609955	0.6778	4046	Neuritic_Plaques_Any
rs71319278	3	107583103	T	C	0.5308	-0.0608	0.0764	-0.795812	0.4265	4046	Neuritic_Plaques_Any
rs114497213	3	115214586	G	T	0.0473	0.1642	0.2404	0.6830282861896839	0.4947	4046	Neuritic_Plaques_Any
rs7428847	3	117529467	T	C	0.6569	-0.1261	0.0753	-1.67463	0.09378	4046	Neuritic_Plaques_Any
rs10513136	3	141107612	G	A	0.0578	-0.2213	0.1511	-1.4645929847782924	0.14300000000000002	4046	Neuritic_Plaques_Any
rs4274714	3	146758405	C	T	0.5868	0.0273	0.0717	0.3807531380753138	0.7032	4046	Neuritic_Plaques_Any
rs9841174	3	167184878	T	C	0.3906	-0.0568	0.073	-0.778082	0.4362	4046	Neuritic_Plaques_Any
rs17560814	NA	NA	NA	NA	NA	NA	NA	NA	NA	NA	NA
rs2315507	4	14974192	G	A	0.6268	-0.0402	0.0739	-0.5439783491204331	0.5865	4046	Neuritic_Plaques_Any
rs13102447	4	27795241	G	A	0.2396	0.0029	0.0937	0.03094983991462113	0.9756	4046	Neuritic_Plaques_Any
rs4692105	4	30828781	T	C	0.3898	0.1682	0.0759	2.21607	0.026639999999999997	4046	Neuritic_Plaques_Any
rs61794560	NA	NA	NA	NA	NA	NA	NA	NA	NA	NA	NA
rs4694825	4	46504263	G	A	0.1461	0.0386	0.1025	0.3765853658536586	0.7063	4046	Neuritic_Plaques_Any
rs4693818	4	88421277	T	C	0.781	-0.1641	0.0905	-1.81326	0.06967999999999999	4046	Neuritic_Plaques_Any
rs730925	NA	NA	NA	NA	NA	NA	NA	NA	NA	NA	NA
rs71578743	NA	NA	NA	NA	NA	NA	NA	NA	NA	NA	NA
rs13188114	5	24256465	G	A	0.6899	-0.132	0.0842	-1.5676959619952495	0.1169	4046	Neuritic_Plaques_Any
rs55688158	5	41396930	T	G	0.2465	-0.1587	0.0996	-1.59337	0.1113	4046	Neuritic_Plaques_Any
rs62373400	5	85578826	C	T	0.3956	0.0071	0.0737	0.09633649932157395	0.9229999999999999	4046	Neuritic_Plaques_Any
rs201527548	NA	NA	NA	NA	NA	NA	NA	NA	NA	NA	NA
rs11747857	5	141426179	C	T	0.3756	-0.0011	0.0803	-0.013698630136986302	0.9891	4046	Neuritic_Plaques_Any
rs55874208	NA	NA	NA	NA	NA	NA	NA	NA	NA	NA	NA
rs981609	5	164531025	G	A	0.477	0.040999999999999995	0.0738	0.5555555555555555	0.5785	4046	Neuritic_Plaques_Any
rs56192497	NA	NA	NA	NA	NA	NA	NA	NA	NA	NA	NA
rs4712936	6	25417423	G	T	0.9287	-0.1514	0.1692	-0.8947990543735226	0.371	4046	Neuritic_Plaques_Any
rs34555420	NA	NA	NA	NA	NA	NA	NA	NA	NA	NA	NA
rs3734543	NA	NA	NA	NA	NA	NA	NA	NA	NA	NA	NA
rs35202262	6	27799514	C	T	0.0456	-0.326	0.4236	-0.7695939565627952	0.4415	4046	Neuritic_Plaques_Any
rs3129682	NA	NA	NA	NA	NA	NA	NA	NA	NA	NA	NA
rs3094084	NA	NA	NA	NA	NA	NA	NA	NA	NA	NA	NA
rs3096690	NA	NA	NA	NA	NA	NA	NA	NA	NA	NA	NA
rs9294641	6	66247051	G	A	0.3185	-0.0209	0.0779	-0.2682926829268293	0.7888	4046	Neuritic_Plaques_Any
rs62408263	6	69975399	C	T	0.1889	-0.083	0.0896	-0.9263392857142858	0.354	4046	Neuritic_Plaques_Any
rs1339229	6	73158346	A	G	0.4815	-0.0131	0.0718	-0.182451	0.8557	4046	Neuritic_Plaques_Any
rs12663865	6	88103149	G	A	0.7516	0.2225	0.0836	2.661483253588517	0.007802	4046	Neuritic_Plaques_Any
rs2747734	6	99437566	G	T	0.4335	-0.0817	0.0729	-1.1207133058984908	0.2624	4046	Neuritic_Plaques_Any
rs7744432	6	119872600	T	C	0.2072	0.0452	0.0873	0.517755	0.6044	4046	Neuritic_Plaques_Any
rs4869859	6	155847549	T	C	0.4677	0.0931	0.0701	1.3281	0.1838	4046	Neuritic_Plaques_Any
rs2614945	NA	NA	NA	NA	NA	NA	NA	NA	NA	NA	NA
rs366909	7	18260415	C	T	0.7029	0.0222	0.0772	0.28756476683937826	0.7733	4046	Neuritic_Plaques_Any
rs56166228	7	77790978	G	A	0.1745	0.1213	0.0956	1.2688284518828452	0.2045	4046	Neuritic_Plaques_Any
rs10267710	7	95740335	G	T	0.3567	-0.0135	0.0753	-0.1792828685258964	0.8577	4046	Neuritic_Plaques_Any
rs11767283	7	121947456	A	G	0.224	0.0781	0.113	0.69115	0.4896	4046	Neuritic_Plaques_Any
rs140082329	NA	NA	NA	NA	NA	NA	NA	NA	NA	NA	NA
rs67299936	NA	NA	NA	NA	NA	NA	NA	NA	NA	NA	NA
rs7013471	8	8687325	A	G	0.5287	-0.013	0.0706	-0.184136	0.8538	4046	Neuritic_Plaques_Any
rs11986122	NA	NA	NA	NA	NA	NA	NA	NA	NA	NA	NA
rs12542040	8	11851998	T	C	0.5463	-0.0279	0.0744	-0.375	0.7082	4046	Neuritic_Plaques_Any
rs1492284	NA	NA	NA	NA	NA	NA	NA	NA	NA	NA	NA
rs12542272	8	51522483	T	C	0.7033	-0.0675	0.0805	-0.838509	0.4019	4046	Neuritic_Plaques_Any
rs1217101	NA	NA	NA	NA	NA	NA	NA	NA	NA	NA	NA
rs4976990	8	143361267	A	G	0.6222	-0.0109	0.0758	-0.143799	0.8859	4046	Neuritic_Plaques_Any
rs139380047	NA	NA	NA	NA	NA	NA	NA	NA	NA	NA	NA
rs1416595	NA	NA	NA	NA	NA	NA	NA	NA	NA	NA	NA
rs1969964	9	34155112	G	A	0.2281	0.0869	0.08800000000000001	0.9874999999999999	0.3237	4046	Neuritic_Plaques_Any
rs4744600	9	73147528	T	C	0.3908	0.0189	0.0759	0.249012	0.8032	4046	Neuritic_Plaques_Any
rs186708312	NA	NA	NA	NA	NA	NA	NA	NA	NA	NA	NA
rs35625242	NA	NA	NA	NA	NA	NA	NA	NA	NA	NA	NA
rs552234	9	106772283	G	A	0.5006	0.0376	0.0719	0.5229485396383866	0.6009	4046	Neuritic_Plaques_Any
rs10283413	NA	NA	NA	NA	NA	NA	NA	NA	NA	NA	NA
rs1291816	10	11131175	T	C	0.3922	-0.0239	0.0719	-0.332406	0.7394	4046	Neuritic_Plaques_Any
rs2026092	10	21911657	G	A	0.3101	0.0176	0.0775	0.2270967741935484	0.8207	4046	Neuritic_Plaques_Any
rs2601759	10	33845729	T	C	0.6673	-0.0458	0.0772	-0.593264	0.5525	4046	Neuritic_Plaques_Any
rs139086772	NA	NA	NA	NA	NA	NA	NA	NA	NA	NA	NA
rs1413710	10	72346471	A	C	0.3469	0.0819	0.0746	1.09786	0.2728	4046	Neuritic_Plaques_Any
rs697240	10	80940804	T	C	0.6128	0.0296	0.0776	0.381443	0.7029	4046	Neuritic_Plaques_Any
rs11025569	11	3160388	C	T	0.6046	-0.1686	0.0759	-2.2213438735177866	0.026189999999999998	4046	Neuritic_Plaques_Any
rs72484727	11	7938306	G	A	0.378	-0.0696	0.0783	-0.8888888888888888	0.3742	4046	Neuritic_Plaques_Any
rs722607	11	27836736	T	C	0.0648	-0.003	0.1516	-0.0197889	0.9842	4046	Neuritic_Plaques_Any
rs57424204	11	44634910	C	T	0.1634	-0.1801	0.0992	-1.8155241935483872	0.0693	4046	Neuritic_Plaques_Any
rs3136469	NA	NA	NA	NA	NA	NA	NA	NA	NA	NA	NA
rs192270467	NA	NA	NA	NA	NA	NA	NA	NA	NA	NA	NA
rs140906567	NA	NA	NA	NA	NA	NA	NA	NA	NA	NA	NA
rs78038991	NA	NA	NA	NA	NA	NA	NA	NA	NA	NA	NA
rs79699995	11	56120498	G	A	0.0323	-0.1358	0.2189	-0.6203746002740977	0.535	4046	Neuritic_Plaques_Any
rs10791957	11	67867548	C	A	0.5679	-0.1657	0.0718	-2.3077994428969357	0.020980000000000002	4046	Neuritic_Plaques_Any
rs1944708	11	79287622	T	C	0.4309	-0.0306	0.0733	-0.417462	0.6765	4046	Neuritic_Plaques_Any
rs1603738	NA	NA	NA	NA	NA	NA	NA	NA	NA	NA	NA
rs11233632	11	83190682	C	T	0.5944	0.1268	0.07200000000000001	1.7611111111111108	0.0784	4046	Neuritic_Plaques_Any
rs12787863	11	88543715	C	T	0.3664	0.1847	0.0747	2.4725568942436413	0.013340000000000001	4046	Neuritic_Plaques_Any
rs875257	11	111530453	A	G	0.7045	0.0068	0.077	0.0883117	0.9297	4046	Neuritic_Plaques_Any
rs238913	11	113984489	A	G	0.3802	0.0056	0.0731	0.0766074	0.9386	4046	Neuritic_Plaques_Any
rs12576625	11	126596003	T	C	0.8352	-0.009	0.0971	-0.092688	0.9261	4046	Neuritic_Plaques_Any
rs10219331	11	132697663	C	T	0.4432	-0.0239	0.0707	-0.33804809052333806	0.7355	4046	Neuritic_Plaques_Any
rs7970853	12	23084225	G	A	0.761	0.2865	0.0882	3.2482993197278907	0.0011539999999999999	4046	Neuritic_Plaques_Any
rs4963558	12	23705973	T	C	0.0213	0.4196	0.4071	1.0307	0.3027	4046	Neuritic_Plaques_Any
rs7311198	NA	NA	NA	NA	NA	NA	NA	NA	NA	NA	NA
rs303817	12	52176235	A	G	0.7496	-0.0391	0.0831	-0.470517	0.6375	4046	Neuritic_Plaques_Any
rs35287743	12	110057250	G	T	0.1193	-0.0343	0.1232	-0.2784090909090909	0.7809999999999999	4046	Neuritic_Plaques_Any
rs7317926	13	54175512	A	G	0.5543	0.0476	0.0692	0.687861	0.4919	4046	Neuritic_Plaques_Any
rs3124402	13	55975115	A	G	0.7167	-0.0076	0.0787	-0.0965693	0.9231	4046	Neuritic_Plaques_Any
rs12430440	13	58476105	G	A	0.2431	-0.0611	0.0831	-0.7352587244283996	0.4621	4046	Neuritic_Plaques_Any
rs4523833	NA	NA	NA	NA	NA	NA	NA	NA	NA	NA	NA
rs9538497	NA	NA	NA	NA	NA	NA	NA	NA	NA	NA	NA
rs9783538	13	61200487	C	T	0.1513	-0.1513	0.1015	-1.4906403940886697	0.1359	4046	Neuritic_Plaques_Any
rs9301837	NA	NA	NA	NA	NA	NA	NA	NA	NA	NA	NA
rs2181482	NA	NA	NA	NA	NA	NA	NA	NA	NA	NA	NA
rs191728525	NA	NA	NA	NA	NA	NA	NA	NA	NA	NA	NA
rs72716182	NA	NA	NA	NA	NA	NA	NA	NA	NA	NA	NA
rs2238281	14	72424912	C	T	0.1692	0.0606	0.0949	0.6385669125395153	0.5233	4046	Neuritic_Plaques_Any
rs1887197	14	94187832	C	T	0.6702	0.0842	0.0748	1.1256684491978608	0.2599	4046	Neuritic_Plaques_Any
rs139348162	NA	NA	NA	NA	NA	NA	NA	NA	NA	NA	NA
rs12896749	NA	NA	NA	NA	NA	NA	NA	NA	NA	NA	NA
rs8026348	15	35943377	A	G	0.1888	-0.1676	0.1083	-1.54755	0.1217	4046	Neuritic_Plaques_Any
rs76842236	15	37356924	T	C	0.033	0.3651	0.3341	1.09279	0.2744	4046	Neuritic_Plaques_Any
rs28533540	15	47867762	G	A	0.4961	0.0412	0.0725	0.5682758620689655	0.5702	4046	Neuritic_Plaques_Any
rs2965917	16	9345821	A	G	0.4095	0.0303	0.0728	0.416209	0.677	4046	Neuritic_Plaques_Any
rs13329911	NA	NA	NA	NA	NA	NA	NA	NA	NA	NA	NA
rs8059021	16	51470633	T	C	0.6885	0.0119	0.0779	0.15276	0.879	4046	Neuritic_Plaques_Any
rs56094641	16	53806453	A	G	0.4078	0.0592	0.0725	0.81655199999999994	0.4143	4046	Neuritic_Plaques_Any
rs111784349	16	58684225	G	A	0.2191	0.1101	0.0936	1.1762820512820513	0.2394	4046	Neuritic_Plaques_Any
rs1593165	16	61033280	T	C	0.3693	-0.0736	0.0742	-0.991914	0.3213	4046	Neuritic_Plaques_Any
rs11859365	16	83683945	A	C	0.2549	-0.0886	0.0811	-1.09248	0.2745	4046	Neuritic_Plaques_Any
rs28623270	NA	NA	NA	NA	NA	NA	NA	NA	NA	NA	NA
rs72821196	17	31796202	C	A	0.0859	-0.0861	0.1706	-0.5046893317702227	0.614	4046	Neuritic_Plaques_Any
rs7225002	17	44189067	A	G	0.3803	0.0604	0.0736	0.820652	0.4121	4046	Neuritic_Plaques_Any
rs66927276	17	45333364	C	A	0.2065	0.1307	0.0919	1.422198041349293	0.1548	4046	Neuritic_Plaques_Any
rs7219086	17	53505248	T	C	0.5598	-0.0262	0.0773	-0.338939	0.7352	4046	Neuritic_Plaques_Any
rs1371272	18	1837204	G	A	0.1436	-0.0355	0.1036	-0.34266409266409265	0.7321	4046	Neuritic_Plaques_Any
rs4131293	18	22772069	C	T	0.4727	-0.0777	0.0719	-1.0806675938803894	0.2802	4046	Neuritic_Plaques_Any
rs7243428	18	35156177	A	G	0.2286	-0.1001	0.0877	-1.14139	0.2537	4046	Neuritic_Plaques_Any
rs11663467	18	38324847	G	T	0.1616	-0.0065	0.0958	-0.06784968684759916	0.946	4046	Neuritic_Plaques_Any
rs624244	18	53183396	G	A	0.6531	0.0296	0.0738	0.4010840108401084	0.6889	4046	Neuritic_Plaques_Any
rs242641	NA	NA	NA	NA	NA	NA	NA	NA	NA	NA	NA
rs8089386	18	75890484	T	C	0.4179	-0.013	0.0837	-0.155317	0.877	4046	Neuritic_Plaques_Any
rs34247072	19	4609569	C	T	0.2935	-0.044000000000000004	0.0829	-0.5307599517490953	0.5955	4046	Neuritic_Plaques_Any
rs17642135	NA	NA	NA	NA	NA	NA	NA	NA	NA	NA	NA
rs113230003	19	18460956	G	A	0.2555	-0.0332	0.0874	-0.37986270022883295	0.7041	4046	Neuritic_Plaques_Any
rs7254235	19	22212505	A	G	0.5758	-0.0906	0.0733	-1.23602	0.2161	4046	Neuritic_Plaques_Any
rs75887709	19	37438329	A	G	0.1365	0.0245	0.1106	0.221519	0.8249	4046	Neuritic_Plaques_Any
rs6857	19	45392254	C	T	0.2661	1.2932	0.1191	10.85810243492863	1.78e-27	4046	Neuritic_Plaques_Any
rs2287922	19	49232226	G	A	0.5264	0.0569	0.0729	0.7805212620027434	0.4351	4046	Neuritic_Plaques_Any
rs2092910	20	12150042	C	T	0.5856	0.0566	0.0745	0.7597315436241611	0.447	4046	Neuritic_Plaques_Any
rs6033437	20	12495731	C	A	0.2509	-0.0147	0.0856	-0.17172897196261683	0.8641	4046	Neuritic_Plaques_Any
rs2425026	20	33847253	C	T	0.4539	0.0299	0.0724	0.4129834254143646	0.6797	4046	Neuritic_Plaques_Any
rs114798447	NA	NA	NA	NA	NA	NA	NA	NA	NA	NA	NA
rs6030341	20	41207365	C	T	0.4726	0.068	0.0732	0.9289617486338798	0.3528	4046	Neuritic_Plaques_Any
rs6089752	20	61154393	C	T	0.5412	-0.0599	0.0742	-0.807277628032345	0.4191	4046	Neuritic_Plaques_Any
rs11088275	21	35581240	G	A	0.0962	0.1869	0.1506	1.2410358565737052	0.2146	4046	Neuritic_Plaques_Any
rs2413045	22	31665862	A	G	0.8141	-0.1529	0.1007	-1.51837	0.1289	4046	Neuritic_Plaques_Any
rs9607501	22	38318897	G	A	0.4147	-0.0111	0.0731	-0.1518467852257182	0.8798	4046	Neuritic_Plaques_Any
rs130868	22	47842303	A	G	0.378	-0.0169	0.0786	-0.215013	0.8302	4046	Neuritic_Plaques_Any
