$`Main MR results`
       Exposure       MR Analysis Causal Estimate         Sd    T-stat
1 beta.exposure               Raw    -0.016033034 0.02331759 -0.687594
2 beta.exposure Outlier-corrected     0.005332853 0.01698702  0.313937
    P-value
1 0.4933664
2 0.7542572

$`MR-PRESSO results`
$`MR-PRESSO results`$`Global Test`
$`MR-PRESSO results`$`Global Test`$RSSobs
[1] 203.6679

$`MR-PRESSO results`$`Global Test`$Pvalue
[1] "<1e-04"


$`MR-PRESSO results`$`Outlier Test`
         RSSobs  Pvalue
1  4.762493e-05       1
2  5.960085e-07       1
3  1.975746e-04       1
4  3.421683e-05       1
5  8.234731e-07       1
6  1.521919e-05       1
7  1.182416e-04       1
8  1.015409e-06       1
9  4.805982e-05       1
10 2.433163e-05       1
11 3.437770e-05       1
12 2.470109e-06       1
13 1.305967e-06       1
14 3.851159e-05       1
15 1.578381e-06       1
16 1.032067e-04       1
17 3.612268e-04       1
18 2.740050e-06       1
19 7.438492e-06       1
20 1.456763e-06       1
21 2.943605e-05       1
22 7.413428e-05       1
23 1.735688e-05       1
24 2.278223e-05       1
25 1.216572e-07       1
26 3.955200e-05       1
27 4.735142e-05       1
28 9.407802e-05       1
29 7.738488e-06       1
30 2.346572e-05       1
31 2.996808e-09       1
32 7.864123e-05       1
33 4.740103e-06       1
34 1.918018e-05       1
35 2.044640e-05       1
36 9.920282e-07       1
37 1.883850e-04       1
38 8.255321e-07       1
39 4.886182e-06       1
40 2.967704e-05       1
41 4.449616e-03 <0.0097
42 3.246342e-05       1
43 6.511496e-05       1
44 6.285661e-07       1
45 4.481440e-05       1
46 2.368117e-04  0.6499
47 1.651592e-04       1
48 3.126846e-06       1
49 4.540321e-04       1
50 2.939679e-05       1
51 8.976360e-06       1
52 8.243119e-05       1
53 9.927789e-07       1
54 1.766800e-05       1
55 4.454053e-04  0.1649
56 1.718087e-04       1
57 2.496740e-07       1
58 1.656206e-04       1
59 7.749296e-06       1
60 8.066058e-06       1
61 1.716214e-05       1
62 4.176578e-04       1
63 9.056588e-06       1
64 9.953345e-08       1
65 1.635615e-04       1
66 2.590388e-06       1
67 9.779445e-05       1
68 6.739902e-08       1
69 6.626579e-05       1
70 1.655869e-04       1
71 3.777413e-07       1
72 5.716376e-06       1
73 1.337838e-06       1
74 7.695531e-05       1
75 1.381936e-05       1
76 1.552110e-05       1
77 1.847260e-05       1
78 3.197813e-05       1
79 2.765828e-05       1
80 1.067934e-04       1
81 4.726668e-06       1
82 2.143146e-04       1
83 7.539560e-05       1
84 1.890353e-07       1
85 2.694600e-05       1
86 6.097024e-08       1
87 1.969998e-04       1
88 2.689356e-05       1
89 2.907127e-05       1
90 8.554900e-07       1
91 4.032878e-05       1
92 3.690995e-05       1
93 1.108920e-04       1
94 5.728492e-06       1
95 6.265005e-05       1
96 2.477438e-07       1
97 1.201820e-06       1

$`MR-PRESSO results`$`Distortion Test`
$`MR-PRESSO results`$`Distortion Test`$`Outliers Indices`
[1] 41

$`MR-PRESSO results`$`Distortion Test`$`Distortion Coefficient`
beta.exposure 
    -400.6464 

$`MR-PRESSO results`$`Distortion Test`$Pvalue
[1] 0.1185



