$`Main MR results`
       Exposure       MR Analysis Causal Estimate          Sd    T-stat P-value
1 beta.exposure               Raw     0.001188263 0.004250317 0.2795704 0.77991
2 beta.exposure Outlier-corrected              NA          NA        NA      NA

$`MR-PRESSO results`
$`MR-PRESSO results`$`Global Test`
$`MR-PRESSO results`$`Global Test`$RSSobs
[1] 664.8522

$`MR-PRESSO results`$`Global Test`$Pvalue
[1] 0.002


$`MR-PRESSO results`$`Outlier Test`
          RSSobs  Pvalue
1   1.413321e-05       1
2   2.962974e-04       1
3   1.304732e-06       1
4   7.457232e-04       1
5   2.965838e-06       1
6   7.310648e-06       1
7   7.699965e-05       1
8   1.648395e-04       1
9   9.413769e-04       1
10  1.540284e-04       1
11  3.517849e-04       1
12  6.967014e-06       1
13  6.326350e-04       1
14  3.802970e-04       1
15  1.258195e-03       1
16  3.651152e-04       1
17  2.095461e-07       1
18  1.000713e-05       1
19  5.812768e-04       1
20  4.030789e-04       1
21  4.279510e-06       1
22  6.385318e-05       1
23  5.968053e-05       1
24  9.488573e-05       1
25  1.882960e-05       1
26  5.724623e-04       1
27  2.794061e-04       1
28  4.687146e-06       1
29  8.976387e-04       1
30  1.654161e-04       1
31  5.235985e-04       1
32  1.170709e-03       1
33  3.690711e-06       1
34  1.247532e-04       1
35  1.421861e-04       1
36  1.929371e-11       1
37  1.893449e-04       1
38  7.648120e-05       1
39  1.996149e-04       1
40  4.716752e-05       1
41  1.057437e-04       1
42  3.277282e-05       1
43  1.470911e-03       1
44  2.213449e-04       1
45  9.864752e-05       1
46  8.611752e-05       1
47  1.743208e-05       1
48  1.696957e-05       1
49  5.614036e-03       1
50  7.196428e-04       1
51  9.347617e-06       1
52  1.948211e-04       1
53  2.011882e-04       1
54  6.957907e-06       1
55  3.543060e-04       1
56  3.668004e-08       1
57  2.345614e-04       1
58  4.857529e-04       1
59  1.605590e-04       1
60  9.585690e-04       1
61  1.910368e-04       1
62  6.572762e-05       1
63  2.021753e-05       1
64  9.887858e-05       1
65  2.542739e-03       1
66  1.636635e-05       1
67  6.258229e-05       1
68  1.570260e-03       1
69  3.248276e-04       1
70  2.404526e-05       1
71  1.566924e-05       1
72  7.045833e-05       1
73  6.300309e-05       1
74  1.723754e-03       1
75  3.577959e-03       1
76  8.090813e-06       1
77  2.182946e-02       1
78  1.999722e-04       1
79  2.966770e-03       1
80  1.625775e-04       1
81  6.857980e-04       1
82  2.910976e-06       1
83  1.186806e-06       1
84  1.661731e-03       1
85  7.056346e-04       1
86  4.524239e-04       1
87  2.683138e-04       1
88  3.541364e-05       1
89  5.376342e-04       1
90  1.196903e-05       1
91  1.239423e-04       1
92  6.147274e-05       1
93  1.639398e-04       1
94  7.335539e-05       1
95  6.281363e-03       1
96  1.357357e-04       1
97  1.122151e-03       1
98  2.020938e-05       1
99  1.418012e-04       1
100 6.049788e-06       1
101 6.588000e-04       1
102 2.348411e-05       1
103 1.208460e-02       1
104 1.223445e-03       1
105 1.400132e-04       1
106 1.058079e-03       1
107 1.358500e-03       1
108 1.239204e-07       1
109 1.559075e-03       1
110 4.092756e-05       1
111 3.196934e-04       1
112 3.300330e-05       1
113 8.207957e-04       1
114 2.713169e-04       1
115 1.040863e-03       1
116 1.382099e-05       1
117 1.878557e-05       1
118 5.705020e-06       1
119 6.031124e-05       1
120 2.086143e-03       1
121 2.009883e-04       1
122 1.887112e-03       1
123 8.783099e-04       1
124 4.903234e-05       1
125 1.532813e-04       1
126 9.657462e-08       1
127 9.445661e-06       1
128 1.344263e-04       1
129 1.778102e-04       1
130 7.285816e-04       1
131 5.287895e-05       1
132 3.050859e-05       1
133 1.632695e-03       1
134 1.598996e-04       1
135 2.039573e-04       1
136 7.559323e-07       1
137 2.766711e-04       1
138 2.331176e-06       1
139 7.010239e-04       1
140 8.482784e-05       1
141 9.344233e-03       1
142 1.462151e-03       1
143 5.946727e-05       1
144 1.522479e-04       1
145 1.287085e-02       1
146 3.691870e-04       1
147 1.726761e-03       1
148 1.653199e-03       1
149 5.945305e-06       1
150 6.497562e-02       1
151 5.737804e-03       1
152 1.283420e-03       1
153 4.044623e-05       1
154 1.343215e-03       1
155 4.087420e-02       1
156 5.386340e-05       1
157 3.003439e-07       1
158 3.340683e-04       1
159 1.602540e-03       1
160 3.565802e-05       1
161 1.669598e-03       1
162 3.511639e-05       1
163 1.296912e-04       1
164 4.901236e-04       1
165 1.253908e-03       1
166 3.297817e-04       1
167 6.296698e-05       1
168 4.343279e-06       1
169 8.380744e-04       1
170 1.732993e-04       1
171 1.360836e-03       1
172 7.885264e-03       1
173 3.589443e-04       1
174 5.976881e-03       1
175 1.109142e-03       1
176 3.995431e-06       1
177 2.097972e-04       1
178 9.620746e-05       1
179 2.293447e-05       1
180 2.262964e-03       1
181 5.884236e-04       1
182 1.573669e-03       1
183 1.186323e-04       1
184 1.354454e-06       1
185 2.288993e-04       1
186 2.646891e-04       1
187 4.009451e-06       1
188 3.305768e-05       1
189 2.987163e-04       1
190 1.564344e-05       1
191 1.106553e-06       1
192 1.178617e-04       1
193 1.932540e-04       1
194 3.624586e-04       1
195 3.995734e-04       1
196 5.549055e-03       1
197 9.258767e-03       1
198 1.601044e-03       1
199 4.979216e-04       1
200 2.281940e-04       1
201 5.084153e-06       1
202 8.940156e-05       1
203 9.207722e-04       1
204 2.485931e-04       1
205 4.243605e-05       1
206 1.376020e-05       1
207 4.308382e-04       1
208 9.043272e-07       1
209 1.067660e-03       1
210 2.532619e-04       1
211 1.831482e-03       1
212 4.986055e-05       1
213 1.616011e-04       1
214 1.068619e-04       1
215 9.881943e-04       1
216 9.759470e-05       1
217 4.556777e-04       1
218 1.253478e-03       1
219 8.034751e-05       1
220 5.193205e-06       1
221 7.682233e-05       1
222 2.289193e-06       1
223 1.367882e-04       1
224 8.447728e-05       1
225 2.853602e-04       1
226 1.339186e-04       1
227 1.014143e-04       1
228 3.230967e-05       1
229 7.254360e-04       1
230 2.012328e-04       1
231 3.759191e-04       1
232 3.538018e-04       1
233 9.095290e-05       1
234 1.236898e-07       1
235 2.162334e-04       1
236 4.066029e-04       1
237 1.749537e-05       1
238 1.458516e-05       1
239 5.040755e-04       1
240 2.745901e-04       1
241 1.051179e-04       1
242 3.452953e-04       1
243 5.774280e-04       1
244 5.963327e-03       1
245 1.461776e-03       1
246 1.200801e-05       1
247 2.239895e-04       1
248 3.595323e-05       1
249 7.122873e-05       1
250 1.917957e-05       1
251 1.325149e-04       1
252 1.194764e-03       1
253 1.787071e-04       1
254 1.389318e-04       1
255 7.857638e-04       1
256 7.887635e-05       1
257 2.943526e-05       1
258 2.124783e-04       1
259 2.910198e-04       1
260 4.855607e-06       1
261 2.384091e-03       1
262 8.161092e-06       1
263 1.256554e-05       1
264 2.541388e-04       1
265 4.069098e-03       1
266 1.758488e-06       1
267 5.395123e-05       1
268 1.924053e-03       1
269 7.454243e-04       1
270 8.485954e-07       1
271 1.769419e-03       1
272 1.008398e-04       1
273 2.009218e-04       1
274 3.329815e-05       1
275 5.537251e-04       1
276 2.116038e-05       1
277 5.381392e-04       1
278 2.191382e-03       1
279 1.487283e-03       1
280 4.926127e-05       1
281 3.520467e-05       1
282 3.371259e-04       1
283 3.535581e-05       1
284 8.514853e-04       1
285 2.253801e-05       1
286 2.813829e-04       1
287 6.470417e-04       1
288 7.160568e-04       1
289 2.369297e-05       1
290 2.808545e-03       1
291 2.139304e-04       1
292 3.564121e-04       1
293 5.917684e-05       1
294 8.713493e-03       1
295 5.416378e-04       1
296 7.742960e-06       1
297 2.447914e-03  0.3378
298 9.898298e-04       1
299 4.349015e-04       1
300 4.301826e-04       1
301 4.579605e-03       1
302 1.089828e-03       1
303 2.215732e-04       1
304 2.882267e-04       1
305 1.278406e-04       1
306 3.000212e-04       1
307 5.390462e-05       1
308 2.363855e-05       1
309 2.431347e-03       1
310 1.407950e-04       1
311 6.054295e-04       1
312 5.554265e-05       1
313 1.371721e-06       1
314 6.043393e-05       1
315 2.336146e-06       1
316 1.641060e-03       1
317 8.312783e-06       1
318 4.349081e-06       1
319 8.525055e-06       1
320 2.083749e-04       1
321 1.242703e-04       1
322 1.742182e-06       1
323 1.457883e-04       1
324 1.205072e-04       1
325 1.066125e-04       1
326 4.872764e-04       1
327 1.112238e-03       1
328 3.171091e-05       1
329 1.702608e-04       1
330 4.440069e-05       1
331 8.042299e-05       1
332 1.267926e-03       1
333 1.265595e-03       1
334 5.100066e-04       1
335 1.422166e-04       1
336 3.999792e-04       1
337 7.457064e-04       1
338 4.510206e-04       1
339 4.014685e-04       1
340 9.731068e-04       1
341 1.211830e-05       1
342 1.405898e-05       1
343 3.074736e-03       1
344 2.489057e-04       1
345 8.194740e-05       1
346 2.787821e-05       1
347 4.674429e-05       1
348 6.093208e-06       1
349 4.950610e-05       1
350 6.079559e-08       1
351 3.981299e-04       1
352 6.696795e-05       1
353 1.465337e-05       1
354 2.376163e-03       1
355 5.070505e-04       1
356 7.514855e-05       1
357 1.044136e-03       1
358 2.843456e-04       1
359 1.612122e-05       1
360 3.842160e-04       1
361 3.396054e-05       1
362 2.466363e-05       1
363 2.275323e-04       1
364 1.499750e-03       1
365 1.315093e-04       1
366 1.120091e-04       1
367 1.696946e-03       1
368 7.327035e-07       1
369 1.706564e-04       1
370 4.150924e-04       1
371 8.638570e-04       1
372 1.844231e-03       1
373 5.588044e-03       1
374 1.539184e-03       1
375 2.186005e-03       1
376 5.563551e-04       1
377 2.093824e-05       1
378 3.403750e-04       1
379 3.691053e-05       1
380 2.541774e-05       1
381 1.191112e-03       1
382 1.967396e-06       1
383 1.126942e-03       1
384 2.776513e-04       1
385 5.744460e-04       1
386 5.412006e-04       1
387 3.279109e-04       1
388 4.542272e-05       1
389 4.186200e-05       1
390 1.428100e-05       1
391 2.309987e-03       1
392 1.687131e-04       1
393 8.998795e-05       1
394 1.219343e-04       1
395 4.177619e-05       1
396 4.397819e-04       1
397 1.178313e-03       1
398 3.870204e-04       1
399 1.082175e-03       1
400 8.043572e-04       1
401 9.119253e-05       1
402 1.723397e-06       1
403 5.478051e-04       1
404 9.726967e-04       1
405 6.338103e-05       1
406 2.699743e-04       1
407 1.941899e-05       1
408 2.625456e-04       1
409 1.460806e-04       1
410 2.642461e-04       1
411 2.247479e-05       1
412 9.388744e-04       1
413 3.543201e-04       1
414 1.185478e-04       1
415 8.315913e-04       1
416 1.083371e-05       1
417 1.181033e-05       1
418 4.592590e-03       1
419 1.183018e-03       1
420 9.453194e-06       1
421 4.215913e-06       1
422 2.102492e-04       1
423 2.273293e-05       1
424 1.598439e-04       1
425 2.267686e-04       1
426 2.918361e-08       1
427 5.861015e-06       1
428 3.977947e-05       1
429 7.383154e-09       1
430 6.858408e-06       1
431 1.071374e-04       1
432 3.086170e-04       1
433 3.887057e-06       1
434 1.247577e-03       1
435 1.411383e-03       1
436 5.312329e-05       1
437 1.420520e-04       1
438 1.420410e-05       1
439 4.344728e-04       1
440 5.558375e-04       1
441 7.801330e-03       1
442 3.337533e-03       1
443 1.023451e-03       1
444 4.203077e-05       1
445 2.143296e-03       1
446 8.964487e-05       1
447 4.211058e-05       1
448 1.345688e-06       1
449 1.234055e-04       1
450 1.125614e-04       1
451 5.055884e-04       1
452 1.976062e-03       1
453 1.761355e-04       1
454 1.072061e-05       1
455 2.575997e-05       1
456 7.749756e-05       1
457 5.924683e-04       1
458 7.148160e-05       1
459 3.113689e-04       1
460 4.318719e-04       1
461 4.048152e-03       1
462 5.480212e-07       1
463 8.274658e-05       1
464 2.924329e-05       1
465 2.041395e-03       1
466 2.333323e-05       1
467 4.761647e-03 0.38284
468 3.820576e-03       1
469 1.362707e-08       1
470 1.931192e-04       1
471 3.372433e-04       1
472 2.835244e-04       1
473 3.958786e-06       1
474 1.290326e-04       1
475 2.996150e-05       1
476 5.642752e-04       1
477 3.792586e-06       1
478 2.006077e-05       1
479 7.264079e-06       1
480 6.739745e-04       1
481 5.139778e-04       1
482 1.122247e-04       1
483 1.036649e-03       1
484 4.823827e-03       1
485 2.132152e-03       1
486 3.635598e-05       1
487 2.072000e-05       1
488 1.718443e-03       1
489 1.025712e-05       1
490 7.748866e-07       1
491 1.706510e-03       1
492 5.752593e-04       1
493 4.176441e-04       1
494 1.279633e-03       1
495 1.639981e-04       1
496 1.567013e-04       1
497 5.418966e-06       1
498 2.806007e-04       1
499 5.273001e-07       1
500 7.671873e-06       1
501 1.990943e-05       1
502 1.580289e-04       1
503 9.486185e-04       1
504 2.295476e-04       1
505 4.122593e-03       1
506 1.993391e-04       1
507 1.961655e-03       1
508 4.832497e-05       1
509 5.090039e-03       1
510 3.035155e-04       1
511 1.293309e-03       1
512 1.554798e-05       1
513 1.277017e-04       1
514 3.962426e-03       1
515 2.970080e-05       1
516 8.480458e-04       1
517 1.125768e-03       1
518 6.712973e-04       1
519 4.180771e-04       1
520 2.892401e-04       1
521 1.106552e-03       1
522 1.827237e-05       1
523 7.716708e-06       1
524 2.876561e-04       1
525 8.918179e-06       1
526 8.338170e-05       1
527 1.112090e-04       1
528 4.203384e-05       1
529 4.710136e-05       1
530 3.841002e-06       1
531 3.947577e-04       1
532 2.440054e-04       1
533 2.537249e-03       1
534 5.110476e-03       1
535 2.999387e-03       1
536 1.288424e-04       1
537 3.675463e-04       1
538 8.006077e-05       1
539 4.970726e-06       1
540 1.302160e-06       1
541 2.901216e-04       1
542 9.050971e-04       1
543 1.542260e-05       1
544 5.218956e-04       1
545 2.473400e-05       1
546 2.621725e-04       1
547 1.199174e-04       1
548 1.417886e-03       1
549 1.113491e-04       1
550 5.095085e-04       1
551 9.449349e-04       1
552 1.874144e-07       1
553 6.674645e-05       1
554 5.453059e-04       1
555 1.146857e-03       1
556 2.266511e-07       1
557 7.156371e-06       1
558 5.540796e-04       1
559 3.188613e-05       1
560 1.757758e-04       1
561 5.889287e-04       1
562 1.955811e-03       1
563 8.665920e-05       1

$`MR-PRESSO results`$`Distortion Test`
$`MR-PRESSO results`$`Distortion Test`$`Outliers Indices`
[1] "No significant outliers"

$`MR-PRESSO results`$`Distortion Test`$`Distortion Coefficient`
[1] NA

$`MR-PRESSO results`$`Distortion Test`$Pvalue
[1] NA



