$`Main MR results`
       Exposure       MR Analysis Causal Estimate        Sd   T-stat    P-value
1 beta.exposure               Raw       0.2364345 0.1034584 2.285311 0.02508396
2 beta.exposure Outlier-corrected              NA        NA       NA         NA

$`MR-PRESSO results`
$`MR-PRESSO results`$`Global Test`
$`MR-PRESSO results`$`Global Test`$RSSobs
[1] 103.9772

$`MR-PRESSO results`$`Global Test`$Pvalue
[1] 0.0303


$`MR-PRESSO results`$`Outlier Test`
         RSSobs Pvalue
1  5.085377e-04      1
2  1.152055e-05      1
3  3.032764e-04      1
4  1.545068e-03      1
5  8.479748e-04      1
6  2.827663e-04      1
7  8.756186e-06      1
8  2.718813e-04      1
9  1.030408e-02      1
10 3.810858e-04      1
11 3.034086e-04      1
12 2.802572e-05      1
13 1.077503e-04      1
14 1.055243e-03      1
15 2.305921e-04      1
16 2.835178e-03      1
17 2.028648e-06      1
18 6.731618e-05      1
19 7.849320e-04      1
20 2.721815e-04      1
21 4.497432e-05      1
22 1.543725e-03      1
23 1.256272e-09      1
24 1.753058e-05      1
25 7.649544e-04      1
26 2.065004e-04      1
27 3.667312e-05      1
28 3.250195e-04      1
29 3.928277e-04      1
30 2.205054e-04      1
31 8.919889e-05      1
32 1.382634e-06      1
33 3.965144e-03      1
34 5.132736e-05      1
35 2.327195e-03      1
36 4.990144e-05      1
37 5.289391e-03      1
38 6.856666e-04      1
39 2.117640e-03      1
40 5.360173e-03      1
41 6.900391e-04      1
42 1.691862e-05      1
43 2.895990e-05      1
44 1.892056e-05      1
45 2.114431e-04      1
46 1.167651e-03      1
47 1.231370e-04      1
48 7.878008e-05      1
49 2.957788e-04      1
50 1.966241e-03      1
51 1.102493e-05      1
52 3.736111e-04      1
53 7.852077e-04      1
54 1.173820e-05      1
55 8.090658e-02      1
56 3.452467e-03      1
57 2.579511e-03      1
58 6.385096e-03 0.4235
59 8.595187e-03      1
60 6.940614e-04      1
61 1.795517e-04      1
62 2.820046e-04      1
63 6.367100e-05      1
64 1.118500e-02      1
65 1.491170e-03      1
66 6.892926e-04      1
67 3.913369e-05      1
68 3.568238e-04      1
69 1.638208e-04      1
70 1.411818e-03 0.3003
71 1.393049e-03      1
72 2.255651e-05      1
73 5.197163e-04      1
74 7.301115e-05      1
75 6.197283e-04      1
76 4.947508e-05      1
77 3.069997e-04      1

$`MR-PRESSO results`$`Distortion Test`
$`MR-PRESSO results`$`Distortion Test`$`Outliers Indices`
[1] "No significant outliers"

$`MR-PRESSO results`$`Distortion Test`$`Distortion Coefficient`
[1] NA

$`MR-PRESSO results`$`Distortion Test`$Pvalue
[1] NA



