$`Main MR results`
       Exposure       MR Analysis Causal Estimate         Sd    T-stat
1 beta.exposure               Raw      0.03766237 0.04430523 0.8500661
2 beta.exposure Outlier-corrected              NA         NA        NA
    P-value
1 0.3979584
2        NA

$`MR-PRESSO results`
$`MR-PRESSO results`$`Global Test`
$`MR-PRESSO results`$`Global Test`$RSSobs
[1] 116.3418

$`MR-PRESSO results`$`Global Test`$Pvalue
[1] 0.0041


$`MR-PRESSO results`$`Outlier Test`
         RSSobs Pvalue
1  4.844854e-04      1
2  5.536054e-04      1
3  1.468162e-05      1
4  1.114500e-04      1
5  1.369521e-05      1
6  5.192633e-03      1
7  1.438930e-03      1
8  7.338001e-06      1
9  1.071939e-02      1
10 1.505626e-03      1
11 1.109867e-03      1
12 1.750427e-01 0.2926
13 1.138048e-03      1
14 2.479017e-04      1
15 4.362932e-04      1
16 9.620032e-06      1
17 7.097567e-05      1
18 1.579712e-03      1
19 3.515663e-04      1
20 1.920585e-04      1
21 4.897702e-04      1
22 2.262088e-05      1
23 1.271167e-04      1
24 2.310317e-03      1
25 2.964213e-03      1
26 1.280879e-03      1
27 3.969336e-04      1
28 1.757377e-04      1
29 8.336571e-06      1
30 1.307213e-04      1
31 1.508157e-03      1
32 2.633699e-03  0.077
33 6.647933e-05      1
34 4.122204e-04      1
35 1.142982e-03      1
36 4.177619e-05      1
37 2.897492e-03      1
38 4.474225e-04      1
39 6.407663e-04      1
40 2.557985e-04      1
41 7.064833e-05      1
42 2.502555e-04      1
43 2.588719e-04      1
44 4.289070e-02      1
45 8.147823e-04      1
46 5.588167e-04      1
47 1.901257e-05      1
48 2.856865e-04      1
49 3.033017e-03      1
50 3.187547e-04      1
51 4.186899e-09      1
52 4.058719e-05      1
53 7.157847e-05      1
54 4.502028e-04      1
55 2.329822e-03      1
56 6.099654e-05      1
57 3.374289e-04      1
58 7.578149e-05      1
59 3.041144e-06      1
60 7.170534e-04      1
61 1.085024e-04      1
62 2.735444e-04      1
63 6.353799e-04      1
64 5.788480e-04      1
65 6.006927e-05      1
66 4.920152e-05      1
67 5.678250e-05      1
68 5.391414e-04      1
69 2.533666e-03      1
70 8.579587e-04      1
71 5.234003e-05      1
72 7.743523e-07      1
73 7.334042e-04      1
74 1.791600e-04      1
75 3.968837e-04      1
76 1.026068e-05      1
77 3.216741e-04      1

$`MR-PRESSO results`$`Distortion Test`
$`MR-PRESSO results`$`Distortion Test`$`Outliers Indices`
[1] "No significant outliers"

$`MR-PRESSO results`$`Distortion Test`$`Distortion Coefficient`
[1] NA

$`MR-PRESSO results`$`Distortion Test`$Pvalue
[1] NA



