$`Main MR results`
       Exposure       MR Analysis Causal Estimate         Sd   T-stat   P-value
1 beta.exposure               Raw      0.05610184 0.04069584 1.378565 0.1708011
2 beta.exposure Outlier-corrected              NA         NA       NA        NA

$`MR-PRESSO results`
$`MR-PRESSO results`$`Global Test`
$`MR-PRESSO results`$`Global Test`$RSSobs
[1] 154.8432

$`MR-PRESSO results`$`Global Test`$Pvalue
[1] 0.0067


$`MR-PRESSO results`$`Outlier Test`
          RSSobs Pvalue
1   4.131482e-04      1
2   1.752857e-04      1
3   4.649137e-04      1
4   5.096676e-04      1
5   2.114818e-04      1
6   1.956692e-05      1
7   1.237895e-06      1
8   9.171660e-05      1
9   9.533275e-06      1
10  1.575006e-04      1
11  5.056277e-03      1
12  1.533457e-03      1
13  4.286094e-06      1
14  1.270249e-02      1
15  5.886042e-04      1
16  1.559333e-03      1
17  7.954297e-06      1
18  4.903284e-04      1
19  1.080037e-03      1
20  1.677838e-01 0.2464
21  1.696667e-03      1
22  1.075366e-03      1
23  2.038660e-04      1
24  4.655660e-04      1
25  1.389796e-05      1
26  6.027443e-04      1
27  3.814103e-05      1
28  9.162274e-07      1
29  1.502829e-03      1
30  2.486885e-04      1
31  3.183895e-04      1
32  2.118321e-04      1
33  5.716820e-04      1
34  1.707585e-05      1
35  1.055507e-04      1
36  6.516551e-05      1
37  2.432887e-03      1
38  2.760060e-03      1
39  1.319441e-03      1
40  4.457791e-04      1
41  1.862866e-04      1
42  3.951810e-06      1
43  2.931733e-04      1
44  1.784940e-04      1
45  5.159737e-05      1
46  5.322605e-05      1
47  2.092701e-04      1
48  1.441570e-05      1
49  1.669675e-03      1
50  2.575232e-03 0.1792
51  7.334669e-05      1
52  3.893453e-04      1
53  1.074639e-03      1
54  3.290101e-05      1
55  2.967049e-03      1
56  4.733818e-04      1
57  6.629139e-04      1
58  2.744922e-04      1
59  8.821953e-05      1
60  2.772387e-04      1
61  5.340522e-04      1
62  2.153207e-04      1
63  4.141666e-02      1
64  6.848806e-06      1
65  8.399705e-04      1
66  5.350293e-04      1
67  2.323178e-05      1
68  2.618392e-04      1
69  2.796784e-04      1
70  2.940844e-03      1
71  2.701250e-04      1
72  4.856544e-04      1
73  1.355740e-03      1
74  2.985141e-04      1
75  3.641020e-09      1
76  1.984510e-07      1
77  3.183093e-05      1
78  1.661437e-03      1
79  6.208888e-05      1
80  3.153068e-06      1
81  7.933818e-05      1
82  4.768097e-04      1
83  5.075267e-04      1
84  2.467457e-03      1
85  8.191169e-05      1
86  3.134811e-04      1
87  8.977130e-05      1
88  3.039559e-06      1
89  7.438889e-04      1
90  2.278865e-04      1
91  3.250887e-04      1
92  3.538548e-02      1
93  5.837271e-04      1
94  5.553142e-04      1
95  7.498159e-05      1
96  6.663931e-05      1
97  6.175606e-05      1
98  6.431351e-05      1
99  1.056325e-03      1
100 2.707802e-03      1
101 9.019758e-04      1
102 6.572222e-05      1
103 2.576877e-06      1
104 6.996341e-04      1
105 3.209594e-06      1
106 1.943816e-04      1
107 7.611684e-04      1
108 2.183654e-04      1
109 2.078911e-04      1
110 1.982183e-03      1
111 7.294867e-06      1
112 3.705431e-04      1

$`MR-PRESSO results`$`Distortion Test`
$`MR-PRESSO results`$`Distortion Test`$`Outliers Indices`
[1] "No significant outliers"

$`MR-PRESSO results`$`Distortion Test`$`Distortion Coefficient`
[1] NA

$`MR-PRESSO results`$`Distortion Test`$Pvalue
[1] NA



