$`Main MR results`
       Exposure       MR Analysis Causal Estimate         Sd   T-stat   P-value
1 beta.exposure               Raw      0.01093006 0.04144791 0.263706 0.7926681
2 beta.exposure Outlier-corrected              NA         NA       NA        NA

$`MR-PRESSO results`
$`MR-PRESSO results`$`Global Test`
$`MR-PRESSO results`$`Global Test`$RSSobs
[1] 108.9677

$`MR-PRESSO results`$`Global Test`$Pvalue
[1] 0.0374


$`MR-PRESSO results`$`Outlier Test`
         RSSobs Pvalue
1  3.558918e-04      1
2  2.061408e-04      1
3  5.377877e-05      1
4  8.787254e-06      1
5  7.835596e-08      1
6  1.377585e-04      1
7  4.715852e-05      1
8  1.289671e-03      1
9  1.665052e-04      1
10 1.303478e-05      1
11 7.673504e-03      1
12 8.853598e-04      1
13 4.140666e-04      1
14 3.250432e-05      1
15 2.945405e-05      1
16 4.502479e-04      1
17 1.464373e-04      1
18 3.151284e-04      1
19 6.818405e-04      1
20 1.353814e-05      1
21 1.341665e-04      1
22 7.213400e-04      1
23 3.311091e-04      1
24 2.186832e-03      1
25 1.306702e-03      1
26 2.194596e-04      1
27 3.270385e-04      1
28 1.602688e-04      1
29 2.018193e-03      1
30 1.780647e-05      1
31 1.060131e-06      1
32 7.840929e-05      1
33 5.440702e-05      1
34 1.369351e-03      1
35 3.842684e-04      1
36 1.784423e-04      1
37 2.239454e-05      1
38 1.287138e-03      1
39 1.324780e-03      1
40 2.800208e-03      1
41 2.304358e-04      1
42 4.501052e-05      1
43 1.561862e-03      1
44 2.345492e-04      1
45 2.103510e-04      1
46 3.299166e-04      1
47 7.770838e-04      1
48 5.939120e-04      1
49 3.220251e-04      1
50 3.166330e-03      1
51 6.686978e-05      1
52 7.304421e-07      1
53 7.990181e-05      1
54 9.567285e-04      1
55 6.593975e-05      1
56 1.459857e-04      1
57 2.088244e-04      1
58 1.892732e-04      1
59 3.497831e-05      1
60 2.998596e-04      1
61 3.730400e-04      1
62 1.538182e-04      1
63 4.621458e-05      1
64 6.756000e-04      1
65 7.005983e-06      1
66 2.012152e-04      1
67 1.747447e-04      1
68 4.133144e-04      1
69 7.126993e-04      1
70 5.163585e-05      1
71 3.430120e-05      1
72 8.214269e-04      1
73 3.384812e-05      1
74 4.552632e-04      1
75 3.600601e-08      1
76 3.976612e-05      1
77 7.855868e-04      1
78 7.383860e-03      1
79 1.295360e-05      1
80 2.367933e-04      1
81 1.233877e-02 0.0664
82 4.893073e-04      1
83 2.635174e-04      1

$`MR-PRESSO results`$`Distortion Test`
$`MR-PRESSO results`$`Distortion Test`$`Outliers Indices`
[1] "No significant outliers"

$`MR-PRESSO results`$`Distortion Test`$`Distortion Coefficient`
[1] NA

$`MR-PRESSO results`$`Distortion Test`$Pvalue
[1] NA



