$`Main MR results`
       Exposure       MR Analysis Causal Estimate         Sd    T-stat  P-value
1 beta.exposure               Raw      0.02295092 0.03976108 0.5772208 0.564854
2 beta.exposure Outlier-corrected              NA         NA        NA       NA

$`MR-PRESSO results`
$`MR-PRESSO results`$`Global Test`
$`MR-PRESSO results`$`Global Test`$RSSobs
[1] 165.8816

$`MR-PRESSO results`$`Global Test`$Pvalue
[1] 0.0068


$`MR-PRESSO results`$`Outlier Test`
          RSSobs Pvalue
1   3.662516e-04      1
2   4.367201e-04      1
3   1.933645e-04      1
4   2.272883e-04      1
5   6.045723e-05      1
6   1.117677e-05      1
7   3.092149e-07      1
8   3.451690e-07      1
9   1.447761e-04      1
10  5.202422e-05      1
11  5.739778e-03      1
12  1.338527e-03      1
13  1.516867e-04      1
14  1.001904e-05      1
15  8.386777e-03      1
16  2.214950e-04      1
17  8.645797e-04      1
18  3.895331e-04      1
19  1.353154e-05      1
20  3.860990e-05      1
21  2.576059e-05      1
22  2.840958e-04      1
23  1.099544e-04      1
24  1.788225e-05      1
25  4.652137e-04      1
26  3.502986e-05      1
27  1.137857e-03      1
28  1.357188e-04      1
29  2.830208e-04      1
30  6.591177e-04      1
31  1.169593e-05      1
32  8.655073e-06      1
33  1.199180e-04      1
34  1.232597e-04      1
35  2.888925e-05      1
36  6.937203e-04      1
37  6.777909e-05      1
38  3.062965e-04      1
39  2.306278e-03      1
40  1.904205e-05      1
41  1.359767e-03      1
42  2.075057e-04      1
43  3.536017e-04      1
44  1.662862e-04      1
45  2.064995e-03      1
46  1.345112e-05      1
47  2.951784e-06      1
48  1.065686e-04      1
49  6.084986e-05      1
50  8.241768e-05      1
51  1.396887e-03      1
52  3.689205e-04      1
53  4.209053e-05      1
54  1.896625e-04      1
55  1.808552e-04      1
56  5.891978e-05      1
57  1.935079e-05      1
58  1.383014e-03      1
59  1.033746e-03      1
60  2.681676e-03 0.0738
61  1.367782e-03      1
62  2.846300e-03      1
63  2.423703e-04      1
64  5.141506e-05      1
65  1.530771e-03      1
66  2.181996e-04      1
67  2.285600e-04      1
68  2.229906e-04      1
69  5.754712e-04      1
70  2.990660e-04      1
71  3.819226e-06      1
72  7.921158e-04      1
73  5.741693e-04      1
74  5.109617e-04      1
75  3.066284e-04      1
76  1.770756e-04      1
77  3.103593e-03      1
78  2.009341e-03 0.7011
79  6.062141e-05      1
80  4.355593e-04      1
81  1.533487e-06      1
82  3.353122e-07      1
83  5.913103e-04      1
84  8.842602e-05      1
85  9.374160e-04      1
86  8.350311e-04      1
87  6.033726e-05      1
88  6.391039e-06      1
89  6.331403e-05      1
90  1.371165e-04      1
91  2.535063e-04      1
92  1.756316e-04      1
93  2.201161e-03      1
94  4.436325e-05      1
95  2.842458e-04      1
96  3.576098e-04      1
97  2.317272e-05      1
98  1.405749e-04      1
99  2.537143e-05      1
100 6.907159e-04      1
101 2.608193e-05      1
102 2.274994e-04      1
103 1.831310e-04      1
104 4.301176e-04      1
105 6.761947e-04      1
106 5.610890e-05      1
107 4.181098e-05      1
108 3.157414e-04      1
109 8.635260e-04      1
110 3.776229e-04      1
111 3.902769e-05      1
112 4.383207e-04      1
113 6.961888e-08      1
114 4.792180e-05      1
115 7.659480e-04      1
116 7.141413e-04      1
117 6.186149e-04      1
118 7.317096e-03      1
119 1.754299e-05      1
120 2.272448e-04      1
121 1.219910e-02 0.0984
122 4.230834e-04      1
123 2.968592e-04      1

$`MR-PRESSO results`$`Distortion Test`
$`MR-PRESSO results`$`Distortion Test`$`Outliers Indices`
[1] "No significant outliers"

$`MR-PRESSO results`$`Distortion Test`$`Distortion Coefficient`
[1] NA

$`MR-PRESSO results`$`Distortion Test`$Pvalue
[1] NA



