$`Main MR results`
       Exposure       MR Analysis Causal Estimate       Sd   T-stat    P-value
1 beta.exposure               Raw       -390.4884 206.5912 -1.89015 0.06125517
2 beta.exposure Outlier-corrected              NA       NA       NA         NA

$`MR-PRESSO results`
$`MR-PRESSO results`$`Global Test`
$`MR-PRESSO results`$`Global Test`$RSSobs
[1] 192.6966

$`MR-PRESSO results`$`Global Test`$Pvalue
[1] 1e-04


$`MR-PRESSO results`$`Outlier Test`
          RSSobs Pvalue
1   2.175052e+01      1
2   2.978730e+03      1
3   5.828450e+04      1
4   3.933137e+04      1
5   2.676304e+05      1
6   2.113227e+04      1
7   6.308886e+01      1
8   2.661891e+04      1
9   3.287316e+04      1
10  5.413223e+04      1
11  1.104468e+04      1
12  5.981584e+03      1
13  1.955483e+03      1
14  1.999930e+03      1
15  6.190451e+04      1
16  2.210979e+03      1
17  8.573148e+03      1
18  1.468087e+03      1
19  2.054887e+03      1
20  2.133515e+00      1
21  2.875449e+03      1
22  7.235573e+04      1
23  7.341299e+04      1
24  2.910587e+03      1
25  9.722116e+04  0.696
26  2.265708e+04      1
27  2.098140e+01      1
28  3.398774e+01      1
29  3.770698e+04      1
30  5.232500e+04      1
31  1.032069e+04      1
32  3.953979e+04      1
33  1.626470e+04      1
34  1.028947e+05      1
35  6.324089e+03      1
36  1.368115e+04      1
37  2.946141e+03      1
38  9.793994e+03      1
39  6.836653e+00      1
40  5.504461e+02      1
41  6.124195e+02      1
42  1.838175e+04      1
43  2.246335e+04      1
44  2.052160e+03      1
45  5.988245e+02      1
46  3.389022e+04      1
47  1.100981e+03      1
48  2.267170e+04      1
49  4.384858e+05  0.058
50  7.309373e+03      1
51  9.460795e+04  0.754
52  2.463101e+04      1
53  6.614565e+03      1
54  2.573932e+03      1
55  1.511257e+04      1
56  1.213320e+05 0.2552
57  3.661136e+04      1
58  4.514341e+04      1
59  1.184455e+04      1
60  3.445824e+04      1
61  3.717238e+03      1
62  1.269807e+04      1
63  1.104814e+04      1
64  2.936792e+04      1
65  1.899055e+03      1
66  8.871401e+02      1
67  1.284730e+05 0.2784
68  6.325027e+03      1
69  3.646309e+02      1
70  4.312755e+03      1
71  1.023861e+03      1
72  5.322845e+04      1
73  2.494692e+04      1
74  1.542741e+05 0.0696
75  3.667761e+04      1
76  3.867391e+03      1
77  7.968296e+04      1
78  5.298310e+02      1
79  9.639242e+03      1
80  9.666808e+04 0.6612
81  2.673585e+02      1
82  9.813610e+02      1
83  3.853584e+03      1
84  5.646194e+03      1
85  1.418251e+05 0.2204
86  2.647912e+04      1
87  3.628897e+03      1
88  2.210019e+04      1
89  6.046170e+03      1
90  2.102046e+03      1
91  3.661572e+04      1
92  2.242068e+03      1
93  1.047872e+01      1
94  7.088810e-01      1
95  1.008967e+04      1
96  2.008011e+04      1
97  1.511166e+03      1
98  2.923431e+01      1
99  8.789071e+03      1
100 5.655483e+03      1
101 5.459877e+03      1
102 1.450075e+02      1
103 4.299103e+03      1
104 1.270284e+04      1
105 4.363530e+03      1
106 3.874616e+04      1
107 1.817241e+01      1
108 2.480192e+03      1
109 9.018115e+03      1
110 6.790893e+03      1
111 1.019689e+04      1
112 5.829873e+04      1
113 1.622204e+04      1
114 3.743092e+04      1
115 3.035330e+02      1
116 1.395086e+03      1

$`MR-PRESSO results`$`Distortion Test`
$`MR-PRESSO results`$`Distortion Test`$`Outliers Indices`
[1] "No significant outliers"

$`MR-PRESSO results`$`Distortion Test`$`Distortion Coefficient`
[1] NA

$`MR-PRESSO results`$`Distortion Test`$Pvalue
[1] NA



