$`Main MR results`
       Exposure       MR Analysis Causal Estimate          Sd     T-stat
1 beta.exposure               Raw     0.000380359 0.002573557  0.1477951
2 beta.exposure Outlier-corrected    -0.001308897 0.002214817 -0.5909729
    P-value
1 0.8828545
2 0.5561445

$`MR-PRESSO results`
$`MR-PRESSO results`$`Global Test`
$`MR-PRESSO results`$`Global Test`$RSSobs
[1] 151.579

$`MR-PRESSO results`$`Global Test`$Pvalue
[1] "<1e-04"


$`MR-PRESSO results`$`Outlier Test`
         RSSobs  Pvalue
1  1.726310e-06       1
2  4.386785e-08       1
3  1.098967e-05  0.0172
4  8.050255e-08       1
5  3.658092e-07       1
6  1.731479e-06       1
7  1.019837e-06       1
8  2.247778e-06       1
9  8.559138e-08       1
10 6.574041e-07       1
11 5.226133e-07       1
12 1.449916e-07       1
13 1.999893e-06       1
14 2.435226e-07       1
15 2.003925e-06       1
16 1.748866e-08       1
17 1.724966e-07       1
18 1.179652e-06       1
19 3.669345e-08       1
20 7.955509e-07       1
21 9.889711e-08       1
22 5.832989e-05 <0.0086
23 1.240774e-06       1
24 7.789539e-09       1
25 1.259137e-06       1
26 1.192363e-06       1
27 3.446243e-07       1
28 6.217597e-07       1
29 1.258744e-06       1
30 1.022255e-06       1
31 1.975181e-06       1
32 2.588871e-07       1
33 9.405275e-11       1
34 2.628415e-07       1
35 1.187571e-06       1
36 3.416797e-07       1
37 2.241370e-06       1
38 3.797732e-07       1
39 6.281191e-07       1
40 2.867504e-06       1
41 6.283594e-07       1
42 4.594551e-08       1
43 8.630302e-09       1
44 4.804168e-07       1
45 2.961353e-06       1
46 7.977166e-07       1
47 3.494689e-07       1
48 4.802938e-07       1
49 8.158475e-08       1
50 5.063031e-07       1
51 5.082500e-07       1
52 1.703352e-07       1
53 6.602733e-06       1
54 1.511792e-05       1
55 1.947797e-06       1
56 7.900605e-08       1
57 2.285921e-06       1
58 5.289773e-06  0.8772
59 2.759819e-07       1
60 3.690831e-08       1
61 6.072515e-07       1
62 5.702686e-06       1
63 3.639552e-08       1
64 1.428616e-06       1
65 1.025463e-06       1
66 3.473040e-10       1
67 6.002380e-08       1
68 3.506084e-07       1
69 2.941440e-06       1
70 1.101251e-07       1
71 1.232612e-06       1
72 1.049643e-07       1
73 1.519421e-07       1
74 4.401923e-06  0.6794
75 1.192797e-05       1
76 5.071209e-06  0.3784
77 1.730958e-07       1
78 1.181105e-08       1
79 5.270188e-07       1
80 6.759057e-07       1
81 1.496158e-07       1
82 1.040190e-06       1
83 6.123464e-07       1
84 1.763715e-09       1
85 4.429643e-08       1
86 8.484046e-08       1

$`MR-PRESSO results`$`Distortion Test`
$`MR-PRESSO results`$`Distortion Test`$`Outliers Indices`
[1]  3 22

$`MR-PRESSO results`$`Distortion Test`$`Distortion Coefficient`
beta.exposure 
     129.0595 

$`MR-PRESSO results`$`Distortion Test`$Pvalue
[1] 0.2574



