SNP	CHROM	POS	REF	ALT	AF	BETA	SE	Z	P	N	TRAIT
rs6663484	1	33878554	T	G	0.357247	-0.0021920000000000004	0.005676	-0.3861874559548979	0.6993	3146	CSF_ptau
rs11264100	NA	NA	NA	NA	NA	NA	NA	NA	NA	NA	NA
rs4660532	1	41840197	G	A	0.326538	0.007368	0.006173	1.1935849667908636	0.2328	3146	CSF_ptau
rs12733544	1	50562813	G	A	0.342977	0.01005	0.005787	1.7366511145671333	0.08248	3146	CSF_ptau
rs77857773	1	73982119	T	G	0.060348	-0.004423	0.01081	-0.4091581868640148	0.6824	3146	CSF_ptau
rs2133204	1	77974484	G	A	0.445234	0.001415	0.005357	0.26414037707672205	0.7917	3146	CSF_ptau
rs147246572	1	93512434	A	G	0.0313406	0.01162	0.01646	0.7059538274605104	0.4803	3146	CSF_ptau
rs12068631	1	151005763	G	A	0.0703957	0.001818	0.009819	0.1851512373968836	0.8531	3146	CSF_ptau
rs2072659	NA	NA	NA	NA	NA	NA	NA	NA	NA	NA	NA
rs34973462	1	175993820	C	T	0.414577	-2.72e-4	0.005598	-0.04858878170775277	0.9613	3146	CSF_ptau
rs199949	NA	NA	NA	NA	NA	NA	NA	NA	NA	NA	NA
rs12123169	1	197780966	T	A	0.191509	0.009420999999999999	0.006511	1.446935954538473	0.14800000000000002	3146	CSF_ptau
rs1320330	2	622225	T	G	0.833515	-0.002558	0.006908	-0.370295	0.7112	3146	CSF_ptau
rs12618781	2	22436043	G	A	0.483494	-0.005748	0.005431	-1.0583686245626955	0.2899	3146	CSF_ptau
rs74733445	NA	NA	NA	NA	NA	NA	NA	NA	NA	NA	NA
rs57241556	2	49302050	G	T	0.186388	-0.012159999999999999	0.006761	-1.7985505102795445	0.07219	3146	CSF_ptau
rs7599488	2	60718347	C	T	0.442868	-0.002724	0.005365	-0.5077353215284249	0.6116	3146	CSF_ptau
rs78408772	NA	NA	NA	NA	NA	NA	NA	NA	NA	NA	NA
rs10204824	NA	NA	NA	NA	NA	NA	NA	NA	NA	NA	NA
rs3769943	2	166186004	G	C	0.236387	0.003181	0.0057009999999999995	0.5579722855639362	0.5768	3146	CSF_ptau
rs56259029	2	186052539	C	A	0.447052	-0.003565	0.005315	-0.6707431796801505	0.5024	3146	CSF_ptau
rs72901653	2	188848069	G	A	0.165336	-0.013999999999999999	0.007797	-1.7955623957932536	0.0726	3146	CSF_ptau
rs7426289	2	218966315	C	T	0.513258	0.012	0.005340999999999999	2.24677	0.02476	3146	CSF_ptau
rs2084533	3	16872929	C	T	0.350073	0.0050409999999999995	0.005697	0.8848516763208706	0.3763	3146	CSF_ptau
rs6550775	3	18502616	C	G	0.391223	-0.0065260000000000006	0.005518	-1.182674882203697	0.237	3146	CSF_ptau
rs3749278	3	32209230	T	C	0.422045	-0.002881	0.005447	-0.5289149990820635	0.5969	3146	CSF_ptau
rs7431710	3	48935583	G	A	0.648	-0.008015	0.005576	-1.43741	0.1507	3146	CSF_ptau
rs6548896	NA	NA	NA	NA	NA	NA	NA	NA	NA	NA	NA
rs4594597	3	77836377	T	G	0.301067	0.003286	0.00594	0.5531986531986531	0.5802	3146	CSF_ptau
rs58889493	3	85622699	T	A	0.68377	0.004713	0.005499	0.857065	0.3915	3146	CSF_ptau
rs2117137	3	89525505	A	G	0.422432	-0.001967	0.005896	-0.3336160108548168	0.7386	3146	CSF_ptau
rs17384777	3	104639377	T	C	0.0693841	-0.009342	0.009633	-0.969791342260978	0.3322	3146	CSF_ptau
rs699165	3	136224697	A	G	0.805656	0.01098	0.006118	1.7947	0.07269	3146	CSF_ptau
rs28813180	NA	NA	NA	NA	NA	NA	NA	NA	NA	NA	NA
rs73182216	NA	NA	NA	NA	NA	NA	NA	NA	NA	NA	NA
rs1024323	4	3006043	C	T	0.467549	0.0010550000000000002	0.005457	0.19332966831592452	0.8467	3146	CSF_ptau
rs2421267	NA	NA	NA	NA	NA	NA	NA	NA	NA	NA	NA
rs7672382	4	42174810	A	G	0.242779	-1.662e-4	0.0060490000000000006	-0.027475615804265167	0.9781	3146	CSF_ptau
rs11940255	4	67086288	G	A	0.67739	0.001913	0.005847	0.327176	0.7435	3146	CSF_ptau
rs10018253	4	67961464	A	C	0.326862	-0.002934	0.00613	-0.4786296900489396	0.6323	3146	CSF_ptau
rs968256	4	80208634	A	C	0.506159	-0.002741	0.005319	-0.515322	0.6063	3146	CSF_ptau
rs7681302	4	96119919	A	G	0.791137	0.005804	0.00733	0.791814	0.4285	3146	CSF_ptau
rs7660298	4	103960768	T	C	0.473976	6.825e-4	0.005391	0.1266	0.8993	3146	CSF_ptau
rs7682418	4	105428417	G	A	0.349926	0.0050799999999999994	0.005742000000000001	0.8847091605712294	0.3764	3146	CSF_ptau
rs1882161	4	178523263	T	C	0.326333	-0.005982	0.005634	-1.0617678381256657	0.2884	3146	CSF_ptau
rs2304608	5	87962298	C	A	0.152864	0.008520999999999999	0.007133	1.1945885321744005	0.2323	3146	CSF_ptau
rs10900901	5	107325186	T	C	0.333515	3.036e-4	0.005829	0.05208440555841482	0.9585	3146	CSF_ptau
rs62373813	5	145555322	C	T	0.288176	-0.009534	0.005951	-1.6020836834145524	0.1093	3146	CSF_ptau
rs7766641	6	26184102	G	A	0.343433	-0.0035210000000000003	0.005915999999999999	-0.5951656524678838	0.5518	3146	CSF_ptau
rs3734688	6	43423779	A	G	0.128985	-0.0066489999999999995	0.007444	-0.8932025792584631	0.3719	3146	CSF_ptau
rs17798356	NA	NA	NA	NA	NA	NA	NA	NA	NA	NA	NA
rs9387232	6	97751531	A	G	0.222707	0.006441	0.008574	0.7512246326102169	0.4526	3146	CSF_ptau
rs4478441	6	120579080	G	A	0.625091	0.001171	0.005377000000000001	0.217779	0.8276	3146	CSF_ptau
rs2159045	7	2207401	T	C	0.361594	0.006693000000000001	0.005593	1.19667441444663	0.2315	3146	CSF_ptau
rs1863077	7	6388469	T	C	0.467192	-0.006046	0.005954	-1.0154517971111858	0.31	3146	CSF_ptau
rs537264825	NA	NA	NA	NA	NA	NA	NA	NA	NA	NA	NA
rs215600	7	32333642	G	A	0.681551	0.007905	0.005639	1.40184	0.1611	3146	CSF_ptau
rs62447179	7	50339609	G	A	0.31216	-0.0024059999999999997	0.0059960000000000005	-0.4012675116744496	0.6883	3146	CSF_ptau
rs2529287	NA	NA	NA	NA	NA	NA	NA	NA	NA	NA	NA
rs10240199	7	99197178	G	C	0.121009	-0.005067	0.007940000000000001	-0.63816120906801	0.5234	3146	CSF_ptau
rs2396655	7	113228710	T	C	0.420756	-0.004646	0.0054600000000000004	-0.8509157509157509	0.395	3146	CSF_ptau
rs2741351	8	27418040	A	C	0.843319	0.005181	0.00695	0.745468	0.4561	3146	CSF_ptau
rs4236926	8	42578059	T	G	0.764663	7.634e-4	0.006462999999999999	0.118119	0.9059999999999999	3146	CSF_ptau
rs790564	8	64604218	A	C	0.758351	-0.003493	0.006027	-0.579559	0.5623	3146	CSF_ptau
rs7843622	8	69198140	T	C	0.675681	-0.005373	0.005484	-0.979759	0.3273	3146	CSF_ptau
rs117168102	8	79154295	G	T	0.0336957	0.008728	0.01594	0.5475533249686324	0.5841	3146	CSF_ptau
rs11166795	8	139197453	C	G	0.381636	-0.003	0.00598	-0.5016722408026756	0.6159	3146	CSF_ptau
rs58825673	8	139556209	C	T	0.0904139	-0.009202	0.009973000000000001	-0.9226912664193321	0.3563	3146	CSF_ptau
rs10977117	9	8451755	T	C	0.509424	-0.012490000000000001	0.005363000000000001	-2.328920380384113	0.0199	3146	CSF_ptau
rs10511761	9	25612704	T	G	0.632716	0.001002	0.0058590000000000005	0.171019	0.8642	3146	CSF_ptau
rs10761256	9	96446695	C	G	0.280942	-0.00838	0.005895	-1.4215436810856659	0.1553	3146	CSF_ptau
rs79364110	9	117915586	T	C	0.239257	0.0010279999999999998	0.005927	0.17344356335414204	0.8622	3146	CSF_ptau
rs112151537	NA	NA	NA	NA	NA	NA	NA	NA	NA	NA	NA
rs3025383	9	136502369	T	C	0.173755	-0.002908	0.007379999999999999	-0.3940379403794038	0.6936	3146	CSF_ptau
rs61751543	NA	NA	NA	NA	NA	NA	NA	NA	NA	NA	NA
rs11251155	10	2355317	T	C	0.221719	0.01354	0.006633	2.0413086084727876	0.04129	3146	CSF_ptau
rs1888187	10	11140234	C	T	0.356883	-0.0024	0.005541	-0.43313481321061176	0.665	3146	CSF_ptau
rs4745825	10	65657716	G	T	0.482143	0.001978	0.005306	0.372786	0.7093	3146	CSF_ptau
rs11186852	10	93962124	T	C	0.258997	-0.006816	0.006154	-1.1075723106922328	0.2681	3146	CSF_ptau
rs189991035	NA	NA	NA	NA	NA	NA	NA	NA	NA	NA	NA
rs7951365	11	16377044	T	C	0.290545	0.006942	0.005912	1.1742219215155616	0.2404	3146	CSF_ptau
rs1330717	11	31309813	A	C	0.632294	0.004009	0.005399	0.742545	0.4578	3146	CSF_ptau
rs10742683	11	43667625	G	A	0.471105	0.004118	0.005414	0.7606206132249722	0.447	3146	CSF_ptau
rs113001570	11	46737412	A	T	0.0538378	-6.445e-4	0.01193	-0.05402347024308466	0.9569	3146	CSF_ptau
rs7125588	11	113436072	A	G	0.38648	-0.002424	0.005409000000000001	-0.4481419855795895	0.654	3146	CSF_ptau
rs2427650	11	115001635	C	A	0.407407	0.001786	0.005792	0.3083563535911602	0.7578	3146	CSF_ptau
rs678485	NA	NA	NA	NA	NA	NA	NA	NA	NA	NA	NA
rs35247189	12	6857898	C	A	0.225865	0.0068590000000000005	0.00772	0.8884715025906736	0.3744	3146	CSF_ptau
rs193075037	NA	NA	NA	NA	NA	NA	NA	NA	NA	NA	NA
rs2934409	12	74915946	G	A	0.733188	-0.005039	0.006234	-0.808309	0.4189	3146	CSF_ptau
rs11104410	12	87692160	T	A	0.206107	-0.004889	0.006309	-0.7749247107307021	0.4385	3146	CSF_ptau
rs10774708	12	109893156	A	G	0.569637	-0.004332	0.005365	-0.807456	0.4195	3146	CSF_ptau
rs56348580	12	121432117	G	C	0.261068	-0.009798000000000001	0.005762	-1.7004512322110381	0.08918	3146	CSF_ptau
rs73180904	NA	NA	NA	NA	NA	NA	NA	NA	NA	NA	NA
rs1373275	13	54002073	A	C	0.60883	-0.003892	0.0054340000000000005	-0.716231	0.4739	3146	CSF_ptau
rs61960988	NA	NA	NA	NA	NA	NA	NA	NA	NA	NA	NA
rs28459050	13	67498677	T	C	0.299963	0.009465000000000001	0.006148	1.5395250487963568	0.1238	3146	CSF_ptau
rs12867499	13	99622292	A	G	0.400981	0.003092	0.005431	0.5693242496777757	0.5692	3146	CSF_ptau
rs914027	NA	NA	NA	NA	NA	NA	NA	NA	NA	NA	NA
rs10872875	14	33819496	T	G	0.511265	0.004688	0.005822	0.805222	0.4207	3146	CSF_ptau
rs11848179	14	64977053	A	G	0.302144	-0.015819999999999997	0.0057280000000000005	-2.7618715083798877	0.005790999999999999	3146	CSF_ptau
rs35499119	14	72267505	G	A	0.383041	0.019280000000000002	0.00625	3.0848	0.0020670000000000003	3146	CSF_ptau
rs141486917	14	83130660	G	A	0.103625	-0.01612	0.009804	-1.6442268461852303	0.1003	3146	CSF_ptau
rs6575649	NA	NA	NA	NA	NA	NA	NA	NA	NA	NA	NA
rs11846838	NA	NA	NA	NA	NA	NA	NA	NA	NA	NA	NA
rs632811	15	59155050	A	G	0.342842	-0.002191	0.005808	-0.37723829201101927	0.706	3146	CSF_ptau
rs10519203	15	78814046	G	A	0.665029	0.002885	0.0055320000000000005	0.521511	0.602	3146	CSF_ptau
rs4887093	NA	NA	NA	NA	NA	NA	NA	NA	NA	NA	NA
rs149372736	NA	NA	NA	NA	NA	NA	NA	NA	NA	NA	NA
rs182317	15	89943601	G	T	0.32478	0.002309	0.0067659999999999994	0.3412651492757907	0.733	3146	CSF_ptau
rs12934075	NA	NA	NA	NA	NA	NA	NA	NA	NA	NA	NA
rs1592485	16	52093549	C	A	0.655229	3.757e-4	0.005425	0.0692535	0.9448	3146	CSF_ptau
rs72622262	16	54662944	C	G	0.129313	-0.0020570000000000002	0.007193000000000001	-0.2859724732378702	0.7749	3146	CSF_ptau
rs11647656	16	64960717	C	T	0.308615	-0.01904	0.006023	-3.161215341192097	0.001596	3146	CSF_ptau
rs12924872	16	69552215	C	T	0.465086	0.0020629999999999997	0.005424	0.3803466076696165	0.7037	3146	CSF_ptau
rs310333	NA	NA	NA	NA	NA	NA	NA	NA	NA	NA	NA
rs258321	16	89756473	A	G	0.399017	-0.011909999999999999	0.005869	-2.0293065258135967	0.04249	3146	CSF_ptau
rs1873477	17	27311532	A	G	0.130672	0.007702	0.008034	0.9586756285785413	0.3378	3146	CSF_ptau
rs11872159	18	51275090	T	C	0.159717	-0.006108	0.006887000000000001	-0.8868883403513865	0.3752	3146	CSF_ptau
rs12954782	18	57864092	C	G	0.22648	0.00806	0.006056000000000001	1.330911492734478	0.1834	3146	CSF_ptau
rs4485470	18	62125063	G	A	0.614769	0.003798	0.005492	0.691551	0.4892	3146	CSF_ptau
rs12968544	NA	NA	NA	NA	NA	NA	NA	NA	NA	NA	NA
rs59208569	NA	NA	NA	NA	NA	NA	NA	NA	NA	NA	NA
rs10416125	19	10760007	G	A	0.709877	-0.005659	0.005611	-1.00855	0.3132	3146	CSF_ptau
rs11878397	19	31176391	G	T	0.224464	0.005166	0.006992	0.7388443935926773	0.46	3146	CSF_ptau
rs34406232	19	41305530	C	A	0.0251468	0.009406999999999999	0.0177	0.5314689265536723	0.5951	3146	CSF_ptau
rs56113850	NA	NA	NA	NA	NA	NA	NA	NA	NA	NA	NA
rs117875279	NA	NA	NA	NA	NA	NA	NA	NA	NA	NA	NA
rs6078373	20	11863500	G	A	0.428209	0.0059770000000000005	0.0054	1.106851851851852	0.2685	3146	CSF_ptau
rs1737894	20	31054702	C	G	0.455328	0.00182	0.005586	0.32581453634085217	0.7446	3146	CSF_ptau
rs61734341	20	31607551	G	C	0.0360769	-0.0135	0.01353	-0.9977827050997782	0.3183	3146	CSF_ptau
rs117568047	NA	NA	NA	NA	NA	NA	NA	NA	NA	NA	NA
rs2273500	NA	NA	NA	NA	NA	NA	NA	NA	NA	NA	NA
rs7281463	21	40520783	A	C	0.338962	0.008101	0.005312	1.5250376506024097	0.1274	3146	CSF_ptau
rs394872	21	46582100	C	T	0.539187	0.002852	0.005294	0.538723	0.5901	3146	CSF_ptau
rs12159707	NA	NA	NA	NA	NA	NA	NA	NA	NA	NA	NA
