$`Main MR results`
       Exposure       MR Analysis Causal Estimate        Sd     T-stat
1 beta.exposure               Raw     -0.03448147 0.3785807 -0.0910809
2 beta.exposure Outlier-corrected              NA        NA         NA
    P-value
1 0.9276504
2        NA

$`MR-PRESSO results`
$`MR-PRESSO results`$`Global Test`
$`MR-PRESSO results`$`Global Test`$RSSobs
[1] 116.8707

$`MR-PRESSO results`$`Global Test`$Pvalue
[1] 0.0107


$`MR-PRESSO results`$`Outlier Test`
         RSSobs Pvalue
1  4.490580e-02 0.2324
2  8.888974e-03      1
3  5.341820e-04      1
4  7.791858e-03      1
5  6.737636e-03      1
6  1.980751e-02      1
7  3.361184e-03      1
8  3.507357e-05      1
9  5.615083e-04      1
10 3.252300e-06      1
11 1.930912e-03      1
12 5.419808e-04      1
13 2.410201e-02      1
14 1.487976e-01      1
15 1.729859e-03      1
16 6.071000e-05      1
17 4.063963e-03      1
18 3.370732e-04      1
19 2.623867e-03      1
20 1.684808e-04      1
21 6.156473e-03      1
22 2.262022e-02      1
23 9.896198e-04      1
24 7.304045e-03      1
25 7.737198e-06      1
26 1.382079e-02      1
27 1.135921e-02      1
28 7.591372e-02      1
29 5.682287e-02 0.1328
30 1.763630e-02      1
31 7.754569e-01      1
32 1.285094e-01      1
33 5.569488e-02      1
34 6.524454e-05      1
35 2.382421e-04      1
36 2.245831e-03      1
37 3.659330e-02      1
38 3.512286e-01      1
39 1.762631e-02      1
40 5.844674e-05      1
41 1.233343e-03      1
42 5.027589e-03      1
43 3.348083e-04      1
44 6.033545e-05      1
45 3.018488e-02      1
46 4.224354e-01      1
47 2.425807e-03      1
48 3.664787e-05      1
49 2.867135e-04      1
50 1.933411e-03      1
51 4.579526e-03      1
52 8.684524e-05      1
53 3.216129e-02      1
54 8.549970e-03      1
55 2.131651e-03      1
56 1.118411e-02      1
57 8.597720e-04      1
58 2.519860e-03      1
59 1.712411e-02      1
60 6.689654e-04      1
61 1.350048e-02      1
62 1.140959e-04      1
63 7.716447e-04      1
64 1.124993e-04      1
65 1.451305e-04      1
66 7.139325e-02      1
67 1.787618e-05      1
68 2.747481e-02      1
69 1.260869e-02      1
70 4.333417e-02      1
71 2.762784e-01      1
72 7.522509e-01      1
73 1.428342e-03      1
74 3.204077e-02      1
75 1.160040e-02      1
76 5.108147e-05      1
77 7.890799e-04      1
78 5.534556e-01      1
79 8.946564e-03      1
80 2.685262e-02      1
81 3.762502e-02      1
82 2.369868e-02      1
83 4.434445e-03      1

$`MR-PRESSO results`$`Distortion Test`
$`MR-PRESSO results`$`Distortion Test`$`Outliers Indices`
[1] "No significant outliers"

$`MR-PRESSO results`$`Distortion Test`$`Distortion Coefficient`
[1] NA

$`MR-PRESSO results`$`Distortion Test`$Pvalue
[1] NA



