$`Main MR results`
       Exposure       MR Analysis Causal Estimate         Sd     T-stat
1 beta.exposure               Raw     -0.02496792 0.06041112 -0.4133001
2 beta.exposure Outlier-corrected      0.03503226 0.03841078  0.9120424
    P-value
1 0.6794478
2 0.3618979

$`MR-PRESSO results`
$`MR-PRESSO results`$`Global Test`
$`MR-PRESSO results`$`Global Test`$RSSobs
[1] 4059.868

$`MR-PRESSO results`$`Global Test`$Pvalue
[1] "<1.33333333333333e-05"


$`MR-PRESSO results`$`Outlier Test`
           RSSobs              Pvalue
1    2.235933e-04                   1
2    1.219190e-04                   1
3    8.274216e-04                   1
4    2.184245e-03                   1
5    1.964859e-04                   1
6    1.737880e-04                   1
7    1.559958e-04                   1
8    5.571634e-03                   1
9    1.036285e-05                   1
10   1.467874e-03                   1
11   2.178574e-05                   1
12   4.902012e-07                   1
13   1.119769e-04                   1
14   4.092403e-08                   1
15   4.331228e-04                   1
16   3.305775e-04                   1
17   1.783012e-04                   1
18   3.445162e-05                   1
19   5.400924e-04                   1
20   8.635883e-04                   1
21   2.986013e-05                   1
22   6.383711e-05                   1
23   8.314024e-06                   1
24   6.016601e-05                   1
25   1.829262e-04                   1
26   3.396027e-04                   1
27   1.009627e-04                   1
28   7.698047e-04                   1
29   6.118515e-06                   1
30   9.700205e-04                   1
31   3.727232e-06                   1
32   2.581861e-04                   1
33   4.247008e-05                   1
34   4.009599e-07                   1
35   6.157419e-05                   1
36   7.687306e-04                   1
37   2.277482e-05                   1
38   7.229301e-04                   1
39   1.241671e-05                   1
40   8.719049e-04                   1
41   2.533420e-04                   1
42   4.652908e-04                   1
43   3.967934e-05                   1
44   2.460326e-05                   1
45   4.331219e-07                   1
46   1.744261e-03                   1
47   3.855192e-04                   1
48   3.351549e-04                   1
49   6.471367e-04                   1
50   1.420080e-04                   1
51   2.291005e-04                   1
52   1.186636e-04                   1
53   7.090054e-04                   1
54   4.156826e-05                   1
55   2.143860e-03                   1
56   2.734212e-08                   1
57   2.775293e-04                   1
58   4.852364e-05                   1
59   2.106890e-03                   1
60   3.700901e-04                   1
61   2.097474e-03                   1
62   7.470324e-06                   1
63   3.896528e-04                   1
64   1.811519e-03                   1
65   3.629676e-04                   1
66   8.249466e-05                   1
67   7.233319e-03                   1
68   4.923069e-06                   1
69   2.183031e-05                   1
70   2.068010e-04                   1
71   9.404081e-05                   1
72   3.483658e-05                   1
73   1.096730e-04                   1
74   3.160377e-05                   1
75   1.976382e-04                   1
76   8.919745e-06                   1
77   3.503918e-06                   1
78   1.488622e-06                   1
79   3.581604e-04                   1
80   1.567905e-03                   1
81   7.287621e-07                   1
82   6.012327e-05                   1
83   2.472003e-04                   1
84   3.994274e-04                   1
85   7.971410e-05                   1
86   4.331483e-07                   1
87   4.722806e-04                   1
88   6.758791e-05                   1
89   1.138281e-04                   1
90   6.808437e-04                   1
91   7.678617e-04                   1
92   5.951979e-05                   1
93   4.652009e-04                   1
94   6.306974e-06                   1
95   1.721432e-05                   1
96   2.137478e-04                   1
97   2.735411e-04                   1
98   1.147251e-03                   1
99   1.983067e-03                   1
100  1.854864e-04                   1
101  5.757194e-05                   1
102  5.323011e-04                   1
103  5.732359e-04                   1
104  1.798964e-03                   1
105  3.107525e-06                   1
106  1.773515e-04                   1
107  1.357691e-04                   1
108  7.675389e-05                   1
109  1.850390e-04                   1
110  1.690869e-04                   1
111  5.620036e-05                   1
112  1.188599e-04                   1
113  8.774713e-05                   1
114  1.597830e-04                   1
115  1.521703e-04                   1
116  2.957347e-05                   1
117  2.627845e-05                   1
118  1.578861e-03                   1
119  7.161476e-04                   1
120  1.790967e-04                   1
121  3.751599e-04                   1
122  3.003886e-07                   1
123  4.143132e-03                   1
124  4.882827e-04                   1
125  2.531266e-04                   1
126  9.652745e-06                   1
127  2.185151e-07                   1
128  4.526169e-04                   1
129  3.736622e-04                   1
130  5.003820e-05                   1
131  4.792491e-04                   1
132  1.262784e-04                   1
133  2.024313e-06                   1
134  1.525692e-05                   1
135  5.460289e-04                   1
136  1.303273e-04                   1
137  2.437023e-04                   1
138  1.520517e-04                   1
139  2.131083e-05                   1
140  3.113869e-04                   1
141  1.217399e-04                   1
142  5.570967e-04                   1
143  1.501069e-05                   1
144  1.158822e-05                   1
145  1.487086e-04                   1
146  6.019687e-06                   1
147  4.859229e-04                   1
148  4.505078e-05                   1
149  3.092125e-06                   1
150  4.735173e-06                   1
151  6.837517e-04                   1
152  1.674286e-04                   1
153  1.123581e-03                   1
154  1.344894e-04                   1
155  4.079866e-04                   1
156  1.908270e-04                   1
157  2.144451e-04                   1
158  8.120663e-04                   1
159  8.006699e-04                   1
160  1.308689e-04                   1
161  1.516422e-04                   1
162  6.598777e-04                   1
163  3.177142e-03                   1
164  8.144872e-05                   1
165  5.486785e-05                   1
166  7.540626e-05                   1
167  1.440258e-03                   1
168  2.186849e-05                   1
169  1.635074e-04                   1
170  3.581419e-04                   1
171  2.113516e-03                   1
172  2.174572e-04                   1
173  2.801744e-04                   1
174  1.352226e-06                   1
175  7.103473e-07                   1
176  5.783349e-04                   1
177  1.168385e-03                   1
178  7.268611e-04                   1
179  4.299828e-05                   1
180  4.917274e-04                   1
181  4.971885e-05                   1
182  1.811578e-05                   1
183  5.470852e-04                   1
184  1.037275e-03                   1
185  5.801249e-04                   1
186  3.795370e-06                   1
187  5.424333e-05                   1
188  3.262083e-03                   1
189  1.108156e-03                   1
190  6.317233e-05                   1
191  1.153374e-03                   1
192  9.425791e-06                   1
193  3.961677e-04                   1
194  1.988098e-04                   1
195  9.107685e-05                   1
196  8.474594e-04                   1
197  1.036282e-03                   1
198  1.241387e-07                   1
199  7.781276e-04                   1
200  1.463012e-04                   1
201  1.484515e-03                   1
202  2.891925e-05                   1
203  1.399462e-04                   1
204  1.795686e-03                   1
205  1.733266e-04                   1
206  7.787274e-05                   1
207  4.985620e-05                   1
208  6.054406e-07                   1
209  7.218664e-04                   1
210  8.052342e-04                   1
211  4.442646e-05                   1
212  2.234952e-04                   1
213  4.167043e-05                   1
214  8.460648e-05                   1
215  4.969025e-05                   1
216  2.438842e-04                   1
217  4.758939e-05                   1
218  1.424268e-04                   1
219  1.478242e-05                   1
220  1.147734e-03                   1
221  2.326405e-04                   1
222  1.098068e-03                   1
223  3.817050e-06                   1
224  7.024779e-06                   1
225  4.259220e-06                   1
226  5.918589e-04                   1
227  9.060135e-05                   1
228  7.866985e-06                   1
229  5.990320e-04                   1
230  3.280126e-05                   1
231  5.853709e-04                   1
232  4.838671e-05                   1
233  1.547036e-04                   1
234  3.365761e-04                   1
235  1.425229e-06                   1
236  5.304009e-07                   1
237  4.043635e-05                   1
238  2.031305e-04                   1
239  3.002578e-05                   1
240  1.124841e-04                   1
241  2.872679e-07                   1
242  1.559919e-03                   1
243  9.410889e-05                   1
244  1.647975e-03                   1
245  1.788087e-04                   1
246  1.903716e-04                   1
247  1.232768e-05                   1
248  1.228776e-04                   1
249  4.201974e-04                   1
250  4.345272e-03                   1
251  2.157212e-05                   1
252  4.634946e-04                   1
253  1.594439e-04                   1
254  4.244567e-04                   1
255  4.757387e-03                   1
256  4.429751e-05                   1
257  2.520588e-04                   1
258  2.589436e-04                   1
259  6.575364e-05                   1
260  1.590504e-03                   1
261  1.379709e-05                   1
262  1.772345e-05                   1
263  2.435975e-04                   1
264  7.042443e-05                   1
265  2.230912e-03                   1
266  8.508145e-05                   1
267  1.204158e-03                   1
268  1.062101e-04                   1
269  1.074020e-03                   1
270  5.240675e-05                   1
271  2.289874e-03                   1
272  2.025582e-03                   1
273  3.189841e-04                   1
274  5.090026e-04                   1
275  1.767296e-05                   1
276  1.344894e-04                   1
277  1.286418e-05                   1
278  2.301620e-04                   1
279  3.782642e-04                   1
280  4.311435e-04                   1
281  2.574609e-04                   1
282  2.620994e-04                   1
283  7.239944e-05                   1
284  2.137381e-05                   1
285  1.563757e-05                   1
286  1.258734e-08                   1
287  2.081704e-05                   1
288  6.437075e-03             0.75608
289  6.835131e-05                   1
290  3.314798e-06                   1
291  1.266465e-03                   1
292  7.646468e-04                   1
293  1.518794e-03                   1
294  1.019570e-05                   1
295  4.659932e-05                   1
296  7.447876e-07                   1
297  5.838495e-06                   1
298  1.270646e-03                   1
299  6.895172e-03                   1
300  6.234195e-05                   1
301  1.335044e-05                   1
302  5.763617e-06                   1
303  2.103113e-04                   1
304  2.692498e-03                   1
305  1.315213e-04                   1
306  3.664844e-04                   1
307  8.210065e-04                   1
308  3.350715e-04                   1
309  1.852211e-04                   1
310  1.077137e-03                   1
311  8.314776e-04                   1
312  8.055828e-04                   1
313  1.652166e-05                   1
314  5.360063e-04                   1
315  1.375136e-09                   1
316  1.747329e-03                   1
317  3.514968e-04                   1
318  2.554801e-04                   1
319  3.273458e-04                   1
320  2.034438e-04                   1
321  1.932897e-05                   1
322  3.481639e-04                   1
323  5.414038e-04                   1
324  2.658037e-05                   1
325  2.541734e-03                   1
326  4.074465e-04                   1
327  1.010790e-03                   1
328  2.095444e-04                   1
329  1.152326e-05                   1
330  1.636450e-04                   1
331  1.360457e-04                   1
332  1.504297e-04                   1
333  3.598298e-04                   1
334  1.091411e-05                   1
335  5.089893e-04                   1
336  4.577854e-04                   1
337  1.984963e-04                   1
338  1.416785e-05                   1
339  3.078514e-04                   1
340  4.863000e-05                   1
341  1.269505e-05                   1
342  6.359531e-04                   1
343  6.090173e-04                   1
344  5.825618e-05                   1
345  1.397590e-04                   1
346  3.565395e-04                   1
347  1.947736e-03                   1
348  7.019000e-04                   1
349  1.643834e-04                   1
350  4.925396e-04                   1
351  9.171316e-05                   1
352  1.613852e-04                   1
353  1.649632e-05                   1
354  4.783432e-04                   1
355  2.320142e-05                   1
356  1.164937e-03                   1
357  1.359112e-05                   1
358  1.421320e-04                   1
359  1.101792e-05                   1
360  7.131103e-04                   1
361  5.823360e-07                   1
362  2.154725e-04                   1
363  1.402945e-04                   1
364  4.439299e-04                   1
365  2.137477e-03                   1
366  2.728254e-03                   1
367  6.810912e-06                   1
368  1.401998e-04                   1
369  1.619745e-04                   1
370  2.594551e-04                   1
371  1.347569e-04                   1
372  1.047336e-05                   1
373  5.549473e-04                   1
374  3.229682e-07                   1
375  2.753961e-04                   1
376  1.982837e-04                   1
377  6.832009e-05                   1
378  5.207003e-04                   1
379  4.080339e-05                   1
380  7.368803e-05                   1
381  2.164325e-03                   1
382  4.669560e-04                   1
383  1.784476e-04                   1
384  2.730886e-04                   1
385  6.729630e-04                   1
386  2.222669e-03                   1
387  1.590164e-03                   1
388  7.788417e-05                   1
389  7.047376e-04                   1
390  3.087172e-04                   1
391  1.674522e-05                   1
392  3.291851e-04                   1
393  5.786134e-07                   1
394  1.786516e-04                   1
395  5.063082e-06                   1
396  6.913675e-06                   1
397  1.597873e-04                   1
398  1.660195e-04                   1
399  1.683656e-04                   1
400  2.359998e-04                   1
401  4.172110e-06                   1
402  3.261672e-05                   1
403  8.960159e-06                   1
404  4.405135e-04                   1
405  1.476486e-04                   1
406  7.297802e-04                   1
407  1.286418e-05                   1
408  1.098198e-03                   1
409  4.506845e-06                   1
410  9.469869e-04                   1
411  5.166319e-03                   1
412  1.697901e-04                   1
413  2.335283e-06                   1
414  3.963422e-04                   1
415  3.834426e-05                   1
416  1.869578e-05                   1
417  9.498078e-04                   1
418  1.324983e-04                   1
419  1.578238e-03                   1
420  2.960923e-05                   1
421  1.322366e-03                   1
422  3.427860e-03                   1
423  7.602058e-05                   1
424  5.355074e-06                   1
425  5.323173e-04                   1
426  3.416023e-04                   1
427  2.453357e-04                   1
428  1.048014e-03                   1
429  1.267245e-04                   1
430  3.937318e-07                   1
431  2.058719e-05                   1
432  6.441344e-04                   1
433  1.555192e-03                   1
434  7.196840e-05                   1
435  2.578191e-04                   1
436  2.823261e-07                   1
437  4.314320e-04                   1
438  4.405407e-05                   1
439  3.053160e-04                   1
440  4.232059e-04                   1
441  4.068455e-04                   1
442  5.824085e-07                   1
443  8.002368e-08                   1
444  5.681072e-06                   1
445  1.652261e-03                   1
446  1.831091e-05                   1
447  5.722393e-04                   1
448  5.774314e-04                   1
449  6.939029e-05                   1
450  2.847608e-04                   1
451  1.590587e-04                   1
452  7.259652e-05                   1
453  3.060568e-04                   1
454  1.258106e-03                   1
455  1.078665e-03                   1
456  6.362973e-04                   1
457  6.074167e-04                   1
458  1.274323e-03                   1
459  1.760132e-04                   1
460  2.857912e-04                   1
461  5.913119e-05                   1
462  1.670319e-04                   1
463  1.149536e-04                   1
464  5.264458e-05                   1
465  1.111860e-05                   1
466  3.597791e-04                   1
467  4.482667e-07                   1
468  2.277675e-05                   1
469  4.225032e-05                   1
470  3.956242e-04                   1
471  1.893028e-03                   1
472  2.591530e-04                   1
473  8.706409e-05                   1
474  8.424950e-06                   1
475  7.751803e-04                   1
476  5.308568e-04                   1
477  8.875816e-04                   1
478  1.931871e-05                   1
479  2.742427e-04                   1
480  1.477913e-04                   1
481  2.994075e-04                   1
482  1.363211e-05                   1
483  1.104047e-04                   1
484  6.689549e-04                   1
485  7.294837e-05                   1
486  4.890888e-05                   1
487  5.233058e-05                   1
488  1.015675e-04                   1
489  2.257287e-04                   1
490  2.048534e-04                   1
491  2.196715e-03                   1
492  1.447711e-04                   1
493  1.280144e-03                   1
494  1.541317e-03                   1
495  2.362860e-04                   1
496  4.719417e-04                   1
497  1.408969e-05                   1
498  8.107792e-04                   1
499  3.207967e-06                   1
500  1.111886e-04                   1
501  1.152174e-03                   1
502  2.709275e-05                   1
503  1.752659e-06                   1
504  4.127489e-04                   1
505  4.513797e-04                   1
506  6.788071e-04                   1
507  1.409468e-05                   1
508  7.935008e-04                   1
509  1.074448e-02                   1
510  2.625818e-04                   1
511  2.651269e-04                   1
512  9.792636e-06                   1
513  1.367407e-03                   1
514  1.201369e-04                   1
515  1.934210e-06                   1
516  2.768948e-04                   1
517  1.140746e-04                   1
518  2.050802e-03                   1
519  8.513570e-04                   1
520  2.061512e-03                   1
521  1.171329e-03                   1
522  4.732107e-04                   1
523  1.130608e-04                   1
524  4.844968e-05                   1
525  2.665557e-04                   1
526  8.560070e-06                   1
527  2.065756e-03                   1
528  1.028822e-04                   1
529  8.431555e-04                   1
530  9.472525e-04                   1
531  1.128568e-03                   1
532  1.781257e-03                   1
533  2.231082e-06                   1
534  1.602512e-06                   1
535  3.296875e-05                   1
536  7.919588e-04                   1
537  9.433136e-05                   1
538  7.424802e-04                   1
539  6.624983e-04                   1
540  4.697911e-06                   1
541  2.125434e-06                   1
542  4.869498e-07                   1
543  1.745462e-08                   1
544  1.577000e-05                   1
545  1.405019e-03                   1
546  5.822221e-05                   1
547  1.894130e-05                   1
548  7.418497e-04                   1
549  4.100286e-05                   1
550  7.453497e-05                   1
551  4.502973e-04                   1
552  5.527834e-03                   1
553  9.765736e-04                   1
554  6.954950e-05                   1
555  2.002446e-04                   1
556  1.930526e-04                   1
557  1.459366e-04                   1
558  3.700961e-04                   1
559  7.171993e-05                   1
560  5.323172e-04                   1
561  1.180676e-03                   1
562  7.620753e-04                   1
563  8.084581e-04                   1
564  1.522085e-05                   1
565  6.401123e-04                   1
566  5.528531e-05                   1
567  5.649110e-06                   1
568  7.049844e-04                   1
569  8.954251e-05                   1
570  1.137908e-04                   1
571  1.847919e-04                   1
572  4.015485e-03                   1
573  6.734541e-04                   1
574  1.428604e-03                   1
575  1.498723e-03                   1
576  3.659112e-03                   1
577  3.024566e-04                   1
578  4.074847e-04                   1
579  5.329319e-06                   1
580  9.772363e-04                   1
581  5.884631e-04                   1
582  2.006296e-04                   1
583  1.811145e-07                   1
584  5.897602e-04                   1
585  5.637121e-05                   1
586  1.398720e-04                   1
587  5.059800e-07                   1
588  2.652215e-04                   1
589  4.934986e-07                   1
590  4.243966e-04                   1
591  3.372813e-07                   1
592  1.563296e-06                   1
593  1.074071e-03                   1
594  3.503963e-05                   1
595  3.116032e-04                   1
596  1.435611e-03                   1
597  3.934778e-05                   1
598  3.200702e-04                   1
599  6.930617e-05                   1
600  2.439387e-04                   1
601  1.483296e-04                   1
602  2.095672e-05                   1
603  1.038765e-03                   1
604  6.968623e-04                   1
605  7.437046e-04                   1
606  1.418919e-04                   1
607  2.968543e-04                   1
608  8.921504e-04                   1
609  4.132078e-06                   1
610  2.516754e-04                   1
611  9.709157e-04                   1
612  1.076951e-05                   1
613  4.035121e-06                   1
614  5.123655e-07                   1
615  3.909229e-04                   1
616  8.393162e-05                   1
617  3.651326e-05                   1
618  4.830717e-07                   1
619  6.817804e-04                   1
620  1.205312e-05                   1
621  1.775666e-05                   1
622  5.980860e-04                   1
623  2.772325e-04                   1
624  5.397029e-04                   1
625  3.568472e-04                   1
626  2.346643e-06                   1
627  4.241914e-03                   1
628  7.823090e-05                   1
629  8.043240e-05                   1
630  9.000473e-06                   1
631  2.547023e-03                   1
632  1.883807e-04                   1
633  6.252613e-04                   1
634  1.343304e-03                   1
635  1.514249e-03                   1
636  3.061825e-05                   1
637  1.105332e-04                   1
638  2.301401e-03                   1
639  5.607396e-05                   1
640  3.195114e-05                   1
641  3.300906e-03                   1
642  1.717869e-04                   1
643  5.017330e-05                   1
644  1.693463e-06                   1
645  9.303112e-04                   1
646  7.016403e-04                   1
647  3.785372e-07                   1
648  3.112353e-04                   1
649  1.116814e-03                   1
650  6.404304e-05                   1
651  8.659116e-04                   1
652  1.479104e-06                   1
653  1.059179e-03                   1
654  1.156441e-03                   1
655  1.369200e-06                   1
656  1.217291e-05                   1
657  1.847475e-04                   1
658  9.039051e-03                   1
659  7.268335e-04                   1
660  2.837745e-04                   1
661  3.694634e-04                   1
662  3.518576e-05                   1
663  2.233133e-04                   1
664  2.005650e-04                   1
665  7.425013e-04                   1
666  1.637506e-04                   1
667  5.156247e-04                   1
668  5.465690e-04                   1
669  8.731865e-05                   1
670  8.495765e-04                   1
671  1.090840e-03                   1
672  8.321931e-04                   1
673  1.749536e-06                   1
674  1.290968e-03                   1
675  1.637666e-04                   1
676  1.540265e-04                   1
677  8.845048e-04                   1
678  2.713972e-04                   1
679  1.327622e-05                   1
680  4.699413e-07                   1
681  2.177888e-05                   1
682  4.781752e-05                   1
683  6.284798e-04                   1
684  3.761433e-04                   1
685  1.279062e-04                   1
686  2.768768e-04                   1
687  7.120051e-05                   1
688  5.230079e-04                   1
689  7.638052e-04                   1
690  1.502370e-05                   1
691  3.128020e-06                   1
692  5.576547e-04                   1
693  2.055197e-03                   1
694  5.550212e-04                   1
695  1.625923e-03                   1
696  2.780203e-04                   1
697  6.353677e-05                   1
698  1.443271e-03                   1
699  1.384769e-05                   1
700  2.729256e-05                   1
701  8.630523e-04                   1
702  5.266082e-04                   1
703  1.160786e-04                   1
704  1.680587e-04                   1
705  1.010146e-04                   1
706  2.759518e-05                   1
707  1.215590e-05                   1
708  3.797598e-04                   1
709  7.972639e-04                   1
710  4.233954e-05                   1
711  1.432271e-03                   1
712  2.227188e-05                   1
713  2.520038e-05                   1
714  1.354702e-06                   1
715  1.413934e-03                   1
716  1.144957e-03                   1
717  6.558808e-03                   1
718  8.155043e-04                   1
719  1.806460e-03                   1
720  2.386086e-03                   1
721  3.125471e-04                   1
722  3.240788e-04                   1
723  4.085020e-04                   1
724  1.598331e-04                   1
725  3.097631e-04                   1
726  3.475472e-04                   1
727  7.682357e-05                   1
728  1.444092e-03                   1
729  1.199317e-04                   1
730  1.600871e-03                   1
731  1.303284e-04                   1
732  2.115982e-04                   1
733  5.760328e-03                   1
734  9.308075e-05                   1
735  9.549407e-05                   1
736  1.139028e-06                   1
737  2.792135e-04                   1
738  1.932029e-03                   1
739  6.614863e-05                   1
740  8.033732e-05                   1
741  1.522624e-04                   1
742  9.343685e-04                   1
743  4.576781e-05                   1
744  9.834134e-04                   1
745  4.234955e-05                   1
746  2.538344e-04                   1
747  1.857190e-04                   1
748  6.030754e-08                   1
749  4.324111e-05                   1
750  6.590721e-05                   1
751  1.198747e-03                   1
752  1.443330e-04                   1
753  2.103874e-04                   1
754  2.694202e-05                   1
755  1.470215e-05                   1
756  3.370517e-05                   1
757  7.509373e-05                   1
758  1.878667e-04                   1
759  3.528453e-05                   1
760  2.229590e-03                   1
761  3.552961e-04                   1
762  3.002900e-05                   1
763  1.617093e-05                   1
764  1.066194e-06                   1
765  4.974408e-04                   1
766  2.185280e-06                   1
767  2.746646e-04                   1
768  8.739213e-05                   1
769  1.634897e-05                   1
770  8.610533e-09                   1
771  2.167287e-04                   1
772  8.267979e-04                   1
773  3.506818e-04                   1
774  1.605586e-04                   1
775  7.680146e-05                   1
776  7.634752e-04                   1
777  7.287959e-04                   1
778  1.284419e-04                   1
779  1.938448e-04                   1
780  1.122559e-04                   1
781  2.488724e-04                   1
782  3.200446e-04                   1
783  1.228415e-03                   1
784  1.442758e-03                   1
785  2.886669e-05                   1
786  2.234464e-04                   1
787  7.151692e-05                   1
788  1.331249e-03                   1
789  3.796857e-04                   1
790  4.458410e-03  0.0969333333333333
791  3.515801e-04                   1
792  3.588804e-06                   1
793  4.257884e-05                   1
794  1.575361e-04                   1
795  1.049902e-06                   1
796  2.831950e-04                   1
797  4.982825e-04                   1
798  7.387667e-04                   1
799  2.349549e-06                   1
800  1.278476e-03                   1
801  1.148472e-04                   1
802  7.412530e-05                   1
803  8.312578e-05                   1
804  6.366816e-05                   1
805  4.928423e-05                   1
806  4.823322e-05                   1
807  1.268567e-05                   1
808  5.385956e-05                   1
809  2.608022e-05                   1
810  1.382851e-03                   1
811  5.257116e-04                   1
812  2.764997e-05                   1
813  7.295543e-05                   1
814  2.016933e-06                   1
815  2.402927e-05                   1
816  1.511401e-03                   1
817  3.043931e-04                   1
818  8.868245e-06                   1
819  1.052632e-03                   1
820  1.758961e-04                   1
821  2.468035e-05                   1
822  6.598713e-04                   1
823  1.107436e-04                   1
824  1.110192e-03                   1
825  8.617589e-05                   1
826  7.891963e-04                   1
827  9.444353e-04                   1
828  2.193828e-06                   1
829  3.795567e-05                   1
830  2.342289e-04                   1
831  2.599146e-04                   1
832  1.957786e-04                   1
833  7.624584e-04                   1
834  3.506890e-04                   1
835  2.968785e-05                   1
836  7.433134e-06                   1
837  1.022527e-03                   1
838  2.205521e-04                   1
839  3.739954e-04                   1
840  7.109068e-04                   1
841  8.843138e-04                   1
842  2.118410e-04                   1
843  9.647641e-04                   1
844  2.095331e-05                   1
845  2.582745e-06                   1
846  3.851270e-04                   1
847  1.667951e-05                   1
848  2.890733e-06                   1
849  3.713354e-04                   1
850  7.298190e-05                   1
851  6.681841e-04                   1
852  3.277088e-04                   1
853  2.294983e-04                   1
854  7.847605e-04                   1
855  1.422484e-04                   1
856  6.758547e-05                   1
857  1.292322e-05                   1
858  6.268725e-04                   1
859  1.054045e-03                   1
860  9.777380e-05                   1
861  2.461865e-05                   1
862  4.857337e-09                   1
863  4.060895e-04                   1
864  7.898188e-04                   1
865  1.510599e-03                   1
866  1.623307e-03                   1
867  8.143170e-04                   1
868  4.402420e-04                   1
869  3.477319e-04                   1
870  6.778343e-07                   1
871  3.637827e-04                   1
872  4.652536e-09                   1
873  1.629902e-04                   1
874  7.951467e-04                   1
875  4.977712e-04                   1
876  5.251347e-05                   1
877  2.314239e-05                   1
878  1.222842e-04                   1
879  2.945768e-04                   1
880  4.221969e-04                   1
881  1.416908e-03                   1
882  8.057361e-05                   1
883  1.040553e-03                   1
884  8.064160e-05                   1
885  3.559381e-04                   1
886  1.332109e-04                   1
887  2.607245e-05                   1
888  3.644380e-04                   1
889  4.612430e-04                   1
890  9.357243e-06                   1
891  4.647445e-04                   1
892  3.018352e-04                   1
893  1.679784e-04                   1
894  7.707418e-06                   1
895  3.581689e-04                   1
896  1.621875e-04                   1
897  2.349295e-04                   1
898  3.248753e-05                   1
899  4.129137e-03                   1
900  1.084857e-04                   1
901  2.573673e-04                   1
902  2.300213e-04                   1
903  6.873822e-04                   1
904  1.292998e-05                   1
905  2.628346e-04                   1
906  4.797947e-04                   1
907  9.286888e-05                   1
908  8.346533e-06                   1
909  8.239295e-04                   1
910  2.279837e-05                   1
911  7.661964e-05                   1
912  1.790097e-04                   1
913  1.274948e-04                   1
914  3.645459e-04                   1
915  1.249820e-05                   1
916  8.823060e-04                   1
917  1.427532e-04                   1
918  6.095530e-05                   1
919  2.921361e-04                   1
920  1.287064e-04                   1
921  1.192072e-03                   1
922  7.721503e-06                   1
923  2.019349e-04                   1
924  8.672357e-04                   1
925  1.271233e-04                   1
926  6.005537e-07                   1
927  1.147976e-04                   1
928  5.175750e-04                   1
929  2.947568e-04                   1
930  9.213255e-05                   1
931  8.628587e-05                   1
932  4.382682e-06                   1
933  1.204804e-03                   1
934  1.102874e-05                   1
935  1.290985e-03                   1
936  3.086489e-07                   1
937  3.044724e-04                   1
938  1.226353e-04                   1
939  3.669728e-06                   1
940  1.565729e-04                   1
941  3.308828e-05                   1
942  1.207596e-05                   1
943  3.619580e-03                   1
944  9.497369e-05                   1
945  8.873427e-04                   1
946  6.833576e-05                   1
947  5.430738e-04                   1
948  1.153909e-05                   1
949  3.191611e-04                   1
950  4.957858e-04                   1
951  1.292662e-04                   1
952  9.895495e-05                   1
953  7.842778e-07                   1
954  1.695526e-05                   1
955  1.665519e-06                   1
956  4.953207e-04                   1
957  1.867246e-05                   1
958  1.865814e-04                   1
959  3.320200e-04                   1
960  3.442355e-05                   1
961  1.193765e-04                   1
962  2.721239e-04                   1
963  6.741812e-05                   1
964  4.095285e-04                   1
965  1.470638e-06                   1
966  1.568697e-04                   1
967  1.846539e-04                   1
968  9.257980e-05                   1
969  2.033781e-06                   1
970  2.948815e-05                   1
971  3.953880e-04                   1
972  1.429045e-03                   1
973  6.622694e-05                   1
974  1.827110e-04                   1
975  9.297746e-04                   1
976  6.598407e-05                   1
977  1.224938e-04                   1
978  3.015228e-04                   1
979  2.045105e-04                   1
980  6.614859e-04                   1
981  6.907927e-06                   1
982  4.459805e-06                   1
983  1.412996e-04                   1
984  2.613155e-05                   1
985  4.080628e-04                   1
986  1.961491e-04                   1
987  9.098625e-05                   1
988  1.573232e-08                   1
989  4.841275e-05                   1
990  3.631488e-05                   1
991  6.496424e-05                   1
992  1.451743e-04                   1
993  4.757995e-04                   1
994  1.165713e-04                   1
995  1.664847e-03                   1
996  2.327284e-04                   1
997  5.641000e-05                   1
998  2.332355e-07                   1
999  1.382113e-04                   1
1000 1.977620e-03                   1
1001 1.315408e-03                   1
1002 8.953396e-05                   1
1003 5.544963e-05                   1
1004 5.755875e-04                   1
1005 4.247411e-04                   1
1006 4.161394e-04                   1
1007 1.305461e-04                   1
1008 3.873199e-04                   1
1009 4.684099e-04                   1
1010 1.033670e-04                   1
1011 5.682434e-04                   1
1012 1.181285e-03                   1
1013 7.819213e-06                   1
1014 1.141198e-05                   1
1015 1.024840e-03                   1
1016 4.359239e-04                   1
1017 2.058345e-04                   1
1018 7.066920e-05                   1
1019 2.130437e-05                   1
1020 9.360217e-04                   1
1021 2.979784e-06                   1
1022 2.927784e-04                   1
1023 9.415697e-04                   1
1024 1.661366e-04                   1
1025 1.798646e-03                   1
1026 8.671554e-06                   1
1027 5.738090e-04                   1
1028 1.756320e-04                   1
1029 1.115062e-03                   1
1030 1.732704e-06                   1
1031 2.661065e-04                   1
1032 1.957059e-07                   1
1033 2.471917e-05                   1
1034 7.008987e-04                   1
1035 1.036284e-04                   1
1036 1.118477e-03                   1
1037 1.178072e-04                   1
1038 2.358025e-04                   1
1039 1.467918e-05                   1
1040 2.697365e-04                   1
1041 8.802940e-04                   1
1042 4.749630e-04                   1
1043 1.820719e-04                   1
1044 6.578692e-04                   1
1045 4.127237e-07                   1
1046 4.321755e-04                   1
1047 2.748090e-04                   1
1048 2.389313e-04                   1
1049 4.238657e-04                   1
1050 3.541985e-04                   1
1051 4.265180e-04                   1
1052 6.440323e-05                   1
1053 2.076484e-05                   1
1054 4.930172e-04                   1
1055 4.091960e-05                   1
1056 4.953342e-06                   1
1057 2.321598e-04                   1
1058 6.545855e-05                   1
1059 5.108299e-04                   1
1060 2.575475e-05                   1
1061 7.816725e-05                   1
1062 4.603782e-04                   1
1063 2.290990e-04                   1
1064 3.082105e-05                   1
1065 5.339263e-04                   1
1066 4.419258e-04                   1
1067 4.391304e-04                   1
1068 1.004281e-05                   1
1069 2.806635e-04                   1
1070 2.877816e-04                   1
1071 7.648836e-04                   1
1072 5.549936e-05                   1
1073 6.114347e-04                   1
1074 1.846879e-04                   1
1075 6.983759e-04                   1
1076 7.812103e-04                   1
1077 1.005725e-04                   1
1078 6.027793e-04                   1
1079 7.377521e-06                   1
1080 1.288719e-06                   1
1081 7.450339e-07                   1
1082 1.733975e-03                   1
1083 2.160235e-07                   1
1084 2.264720e-04                   1
1085 6.344901e-05                   1
1086 3.913904e-04                   1
1087 4.058330e-04                   1
1088 1.824282e-03                   1
1089 3.267330e-04                   1
1090 1.138064e-03                   1
1091 4.047674e-04                   1
1092 1.089929e-05                   1
1093 8.184663e-04                   1
1094 1.878043e-04                   1
1095 1.284483e-04                   1
1096 3.398695e-04                   1
1097 1.431609e-05                   1
1098 1.055030e-03                   1
1099 5.319916e-04                   1
1100 3.262279e-05                   1
1101 1.719757e-05                   1
1102 1.150149e-03                   1
1103 6.602451e-05                   1
1104 2.729532e-04                   1
1105 1.477818e-03                   1
1106 4.018777e-04                   1
1107 3.140024e-04                   1
1108 1.546914e-04                   1
1109 2.607533e-05                   1
1110 7.224403e-05                   1
1111 4.668148e-06                   1
1112 1.204078e-03                   1
1113 1.255658e-04                   1
1114 4.057834e-04                   1
1115 4.119432e-04                   1
1116 4.897801e-05                   1
1117 2.489257e-05                   1
1118 2.127234e-06                   1
1119 4.846081e-05                   1
1120 1.045332e-03                   1
1121 3.885008e-05                   1
1122 1.314572e-03                   1
1123 7.593206e-05                   1
1124 1.632612e-04                   1
1125 9.664258e-05                   1
1126 1.149719e-05                   1
1127 1.060133e-05                   1
1128 3.827157e-06                   1
1129 3.678876e-05                   1
1130 1.081824e-05                   1
1131 2.456239e-04                   1
1132 1.202549e-03                   1
1133 2.688337e-05                   1
1134 2.934047e-04                   1
1135 2.846201e-04                   1
1136 2.891698e-04                   1
1137 6.291458e-04                   1
1138 1.141089e-03                   1
1139 1.032483e-06                   1
1140 1.067066e-03                   1
1141 5.904167e-04                   1
1142 1.661688e-04                   1
1143 1.507843e-04                   1
1144 6.899208e-05                   1
1145 5.230201e-04                   1
1146 5.317705e-04                   1
1147 1.961208e-04                   1
1148 6.911267e-04                   1
1149 7.721347e-04                   1
1150 8.971564e-05                   1
1151 9.358598e-04                   1
1152 5.306475e-05                   1
1153 3.281319e-04                   1
1154 2.111399e-04                   1
1155 3.489052e-06                   1
1156 6.382099e-04                   1
1157 7.913692e-04                   1
1158 1.046096e-03                   1
1159 1.371639e-05                   1
1160 1.259188e-04                   1
1161 2.886194e-05                   1
1162 1.104709e-04                   1
1163 2.425662e-03                   1
1164 4.737624e-04                   1
1165 9.029229e-04                   1
1166 8.755725e-04                   1
1167 2.815007e-05                   1
1168 3.717009e-03   0.155093333333333
1169 1.235274e-05                   1
1170 1.982969e-06                   1
1171 1.021330e-02                   1
1172 1.000388e-05                   1
1173 1.305346e-05                   1
1174 3.380088e-04                   1
1175 6.454071e-04                   1
1176 9.690972e-05                   1
1177 2.080436e-05                   1
1178 2.151376e-04                   1
1179 4.896096e-05                   1
1180 6.753557e-05                   1
1181 9.935109e-05                   1
1182 2.995306e-05                   1
1183 3.080893e-05                   1
1184 2.849165e-04                   1
1185 4.992986e-05                   1
1186 2.714310e-05                   1
1187 1.425424e-04                   1
1188 3.816001e-05                   1
1189 1.108408e-04                   1
1190 9.670891e-05                   1
1191 7.846584e-04                   1
1192 1.234610e-04                   1
1193 6.312522e-04                   1
1194 6.805361e-07                   1
1195 3.763087e-04                   1
1196 2.071867e-05                   1
1197 1.257699e-05                   1
1198 3.593929e-05                   1
1199 2.359067e-07                   1
1200 2.447674e-04                   1
1201 8.301987e-06                   1
1202 2.958544e-04                   1
1203 1.160033e-07                   1
1204 3.736749e-06                   1
1205 2.910470e-06                   1
1206 3.660809e-05                   1
1207 5.099208e-04                   1
1208 3.745627e-05                   1
1209 1.654061e-04                   1
1210 2.556664e-06                   1
1211 1.584857e-04                   1
1212 3.026552e-05                   1
1213 1.135264e-04                   1
1214 1.258221e-05                   1
1215 1.886708e-04                   1
1216 1.565890e-03                   1
1217 1.986442e-04                   1
1218 6.820681e-04                   1
1219 5.404896e-04                   1
1220 4.710143e-04                   1
1221 4.389017e-05                   1
1222 1.107972e-03                   1
1223 1.548076e-03                   1
1224 5.098842e-05                   1
1225 3.815293e-08                   1
1226 2.613272e-04                   1
1227 5.213529e-06                   1
1228 2.445233e-04                   1
1229 3.073576e-05                   1
1230 6.379953e-06                   1
1231 3.165804e-04                   1
1232 5.584863e-05                   1
1233 1.328112e-03                   1
1234 1.085982e-02                   1
1235 4.403911e-06                   1
1236 5.348323e-03                   1
1237 8.795450e-05                   1
1238 2.011493e-03                   1
1239 3.558812e-04                   1
1240 2.064839e-04                   1
1241 7.457507e-06                   1
1242 8.365587e-04                   1
1243 1.252222e-03                   1
1244 3.755496e-04                   1
1245 2.704094e-04                   1
1246 4.855428e-05                   1
1247 5.637908e-05                   1
1248 7.608174e-04                   1
1249 1.229703e-04                   1
1250 3.781390e-07                   1
1251 2.338311e-04                   1
1252 1.047408e-04                   1
1253 4.300542e-04                   1
1254 1.404262e-04                   1
1255 4.056173e-06                   1
1256 9.968980e-05                   1
1257 4.008391e-03                   1
1258 1.300638e-06                   1
1259 3.137330e-04                   1
1260 2.482173e-03                   1
1261 3.506627e-05                   1
1262 1.279268e-04                   1
1263 6.202591e-05                   1
1264 2.930590e-04                   1
1265 1.735155e-05                   1
1266 5.124121e-07                   1
1267 2.118687e-04                   1
1268 2.838495e-04                   1
1269 1.586280e+00 <0.0193866666666667
1270 1.644266e-05                   1
1271 3.732917e-05                   1
1272 2.610448e-05                   1
1273 1.091212e-04                   1
1274 4.170303e-05                   1
1275 7.909698e-04                   1
1276 2.213745e-04                   1
1277 5.191037e-04                   1
1278 6.449515e-09                   1
1279 5.161101e-06                   1
1280 1.701145e-05                   1
1281 2.779684e-04                   1
1282 1.526781e-05                   1
1283 4.513667e-05                   1
1284 6.027244e-06                   1
1285 8.127200e-04                   1
1286 4.841779e-06                   1
1287 1.644922e-04                   1
1288 4.186882e-06                   1
1289 7.085102e-04                   1
1290 1.176251e-07                   1
1291 1.769521e-04                   1
1292 3.620462e-04                   1
1293 3.790875e-04                   1
1294 2.814813e-04                   1
1295 5.272530e-05                   1
1296 3.839939e-05                   1
1297 1.430137e-03                   1
1298 2.262614e-05                   1
1299 2.944937e-04                   1
1300 6.801862e-06                   1
1301 2.088327e-04                   1
1302 6.238380e-08                   1
1303 5.192703e-04                   1
1304 1.376545e-04                   1
1305 6.997606e-04                   1
1306 3.434330e-05                   1
1307 4.732371e-04                   1
1308 5.022306e-05                   1
1309 8.358277e-06                   1
1310 1.296136e-03                   1
1311 8.339744e-04                   1
1312 3.091901e-05                   1
1313 2.023389e-04                   1
1314 2.705211e-04                   1
1315 9.177725e-05                   1
1316 9.230659e-06                   1
1317 4.450445e-04                   1
1318 3.895283e-04                   1
1319 3.858631e-04                   1
1320 3.608512e-03                   1
1321 9.816594e-04                   1
1322 1.129913e-04                   1
1323 2.678580e-05                   1
1324 5.112133e-05                   1
1325 2.031506e-06                   1
1326 1.065563e-03                   1
1327 7.951619e-04                   1
1328 1.213975e-04                   1
1329 3.445411e-06                   1
1330 2.584548e-04                   1
1331 3.295431e-06                   1
1332 5.946845e-04                   1
1333 3.722717e-04                   1
1334 1.091533e-03                   1
1335 1.081225e-04                   1
1336 1.019806e-04                   1
1337 1.298295e-05                   1
1338 3.533449e-05                   1
1339 1.773550e-04                   1
1340 8.577815e-08                   1
1341 9.870151e-04                   1
1342 1.657932e-04                   1
1343 5.647387e-04                   1
1344 2.083112e-04                   1
1345 4.849545e-05                   1
1346 6.628835e-04                   1
1347 4.243540e-04                   1
1348 8.289217e-04                   1
1349 8.303389e-06                   1
1350 1.396460e-03                   1
1351 3.015297e-04                   1
1352 1.325159e-03                   1
1353 1.339949e-06                   1
1354 3.590681e-04                   1
1355 7.006794e-03  0.0193866666666667
1356 2.781519e-04                   1
1357 1.897783e-04                   1
1358 4.191809e-04                   1
1359 2.234787e-04                   1
1360 1.985022e-03                   1
1361 2.541210e-04                   1
1362 1.445991e-05                   1
1363 3.668975e-04                   1
1364 2.078947e-05                   1
1365 8.061588e-04                   1
1366 6.015434e-05                   1
1367 5.928731e-04                   1
1368 4.524070e-07                   1
1369 1.001273e-03                   1
1370 7.742310e-04                   1
1371 9.239557e-05                   1
1372 2.146099e-04                   1
1373 1.070199e-05                   1
1374 3.911456e-03                   1
1375 4.830011e-04                   1
1376 1.727655e-04                   1
1377 1.245251e-04                   1
1378 1.698502e-04                   1
1379 1.713922e-05                   1
1380 5.532599e-05                   1
1381 1.110112e-04                   1
1382 8.436892e-04                   1
1383 1.202652e-04                   1
1384 2.006748e-03                   1
1385 3.981020e-05                   1
1386 4.902229e-04                   1
1387 3.491854e-04                   1
1388 1.136987e-03                   1
1389 5.283522e-05                   1
1390 2.963009e-04                   1
1391 5.042874e-05                   1
1392 9.723597e-04                   1
1393 5.466875e-05                   1
1394 1.180790e-03                   1
1395 3.740326e-04                   1
1396 4.770739e-04                   1
1397 4.382340e-05                   1
1398 1.941067e-03                   1
1399 3.755756e-04                   1
1400 4.087177e-05                   1
1401 4.334668e-05                   1
1402 1.940132e-03                   1
1403 6.637039e-06                   1
1404 1.248507e-03                   1
1405 6.934569e-05                   1
1406 6.707630e-05                   1
1407 1.521533e-04                   1
1408 5.963824e-04                   1
1409 8.948368e-05                   1
1410 9.700534e-04                   1
1411 7.915739e-06                   1
1412 3.168558e-05                   1
1413 1.840551e-04                   1
1414 9.722637e-05                   1
1415 2.371521e-04                   1
1416 9.971826e-05                   1
1417 3.168667e-05                   1
1418 4.040660e-04                   1
1419 3.620692e-04                   1
1420 2.328480e-04                   1
1421 6.208228e-05                   1
1422 3.800985e-05                   1
1423 3.497271e-05                   1
1424 2.060328e-04                   1
1425 2.818114e-07                   1
1426 5.129786e-05                   1
1427 1.541877e-04                   1
1428 8.072792e-04                   1
1429 8.406070e-03                   1
1430 2.915258e-07                   1
1431 2.143692e-04                   1
1432 2.063578e-04                   1
1433 7.770672e-05                   1
1434 7.616953e-04                   1
1435 3.329778e-04                   1
1436 9.217961e-05                   1
1437 9.955104e-04                   1
1438 2.085133e-03                   1
1439 5.163784e-04                   1
1440 2.368262e-04                   1
1441 1.388726e-04                   1
1442 9.320959e-04                   1
1443 6.646138e-04                   1
1444 2.865065e-04                   1
1445 1.467103e-04                   1
1446 1.416181e-04                   1
1447 4.779059e-05                   1
1448 5.564560e-06                   1
1449 1.149160e-03                   1
1450 8.730452e-04                   1
1451 8.163162e-05                   1
1452 4.850877e-04                   1
1453 6.043135e-05                   1
1454 6.596507e-04                   1

$`MR-PRESSO results`$`Distortion Test`
$`MR-PRESSO results`$`Distortion Test`$`Outliers Indices`
[1] 1269 1355

$`MR-PRESSO results`$`Distortion Test`$`Distortion Coefficient`
beta.exposure 
    -171.2712 

$`MR-PRESSO results`$`Distortion Test`$Pvalue
[1] 0.27972



