$`Main MR results`
       Exposure       MR Analysis Causal Estimate         Sd   T-stat
1 beta.exposure               Raw      0.16385671 0.07739186 2.117234
2 beta.exposure Outlier-corrected      0.08779881 0.04465270 1.966260
     P-value
1 0.03630458
2 0.05163680

$`MR-PRESSO results`
$`MR-PRESSO results`$`Global Test`
$`MR-PRESSO results`$`Global Test`$RSSobs
[1] 494.1259

$`MR-PRESSO results`$`Global Test`$Pvalue
[1] "<1e-04"


$`MR-PRESSO results`$`Outlier Test`
          RSSobs  Pvalue
1   1.089731e-03       1
2   6.977637e-05       1
3   7.936308e-05       1
4   5.140734e-04       1
5   9.958697e-06       1
6   1.365297e-03       1
7   1.046426e-03       1
8   3.445903e-05       1
9   5.272618e-05       1
10  8.906074e-05       1
11  3.322359e-05       1
12  7.162574e-07       1
13  8.563042e-04       1
14  9.203038e-03  0.0121
15  6.362055e-03  0.8228
16  1.856758e-03       1
17  6.714545e-04       1
18  6.373392e-04       1
19  5.296259e-04       1
20  4.673500e-06       1
21  2.043058e-04       1
22  2.060386e-04       1
23  8.867806e-06       1
24  5.841802e-05       1
25  6.935808e-04       1
26  5.677877e-05       1
27  4.930850e-04       1
28  5.075929e-06       1
29  6.987371e-06       1
30  2.184913e-04       1
31  1.043261e-06       1
32  7.645309e-06       1
33  2.352215e-07       1
34  3.387097e-05       1
35  8.386483e-03       1
36  7.256155e-05       1
37  9.349248e-07       1
38  1.566925e-06       1
39  4.984113e-05       1
40  5.048408e-03       1
41  2.591613e-02       1
42  7.685536e-04       1
43  5.722704e-03 <0.0121
44  3.486677e-05       1
45  3.674235e-04       1
46  6.768635e-05       1
47  1.082826e-03       1
48  2.061785e-04       1
49  3.759872e-08       1
50  9.597343e-05       1
51  2.998271e-04       1
52  1.074592e-03       1
53  3.060231e-04       1
54  1.548288e-02       1
55  1.446282e-03       1
56  6.874869e-05       1
57  1.129339e-04       1
58  1.231175e-04       1
59  7.246527e-08       1
60  1.267350e-03       1
61  4.706667e-07       1
62  1.476999e-03       1
63  4.341521e-05       1
64  1.887277e-04       1
65  2.021916e-05       1
66  5.398926e-04       1
67  1.031010e-02       1
68  2.457163e-04       1
69  8.097164e-04       1
70  4.366919e-04       1
71  3.184843e-04       1
72  5.595751e-04       1
73  3.635213e-04       1
74  2.589284e-04       1
75  4.046103e-03       1
76  3.657797e-04       1
77  1.621114e-04       1
78  2.949655e-04       1
79  8.206380e-04       1
80  5.718288e-04       1
81  1.016949e-03       1
82  4.627463e-04       1
83  5.727422e-06       1
84  4.079400e-04       1
85  8.372530e-05       1
86  1.340644e-03       1
87  7.401706e-06       1
88  3.308256e-05       1
89  1.322516e-04       1
90  2.098290e-04       1
91  5.555453e-06       1
92  4.613835e-04       1
93  3.161762e-03  0.0726
94  8.949847e-04       1
95  1.060206e-03       1
96  3.360448e-03       1
97  8.012248e-04       1
98  2.940944e-04       1
99  1.060358e-04       1
100 8.804473e-07       1
101 2.210321e-04       1
102 1.018992e-03       1
103 1.956191e-05       1
104 3.656669e-02  0.1573
105 2.155494e-05       1
106 1.405658e-04       1
107 6.474338e-05       1
108 9.119263e-04       1
109 1.114606e+00 <0.0121
110 5.180483e-05       1
111 6.523975e-05       1
112 1.827691e-04       1
113 6.192199e-05       1
114 2.012815e-04       1
115 2.028066e-04       1
116 4.048710e-04       1
117 2.220894e-03       1
118 1.748262e-05       1
119 1.119900e-05       1
120 3.925406e-04       1
121 6.735497e-04       1

$`MR-PRESSO results`$`Distortion Test`
$`MR-PRESSO results`$`Distortion Test`$`Outliers Indices`
[1]  14  43 109

$`MR-PRESSO results`$`Distortion Test`$`Distortion Coefficient`
beta.exposure 
     86.62747 

$`MR-PRESSO results`$`Distortion Test`$Pvalue
[1] 0.0707



