$`Main MR results`
       Exposure       MR Analysis Causal Estimate         Sd   T-stat
1 beta.exposure               Raw      0.17047900 0.09577766 1.779945
2 beta.exposure Outlier-corrected      0.08691105 0.05011669 1.734174
     P-value
1 0.07893027
2 0.08694183

$`MR-PRESSO results`
$`MR-PRESSO results`$`Global Test`
$`MR-PRESSO results`$`Global Test`$RSSobs
[1] 455.6285

$`MR-PRESSO results`$`Global Test`$Pvalue
[1] "<1e-04"


$`MR-PRESSO results`$`Outlier Test`
         RSSobs Pvalue
1  6.636018e-05      1
2  5.072508e-04      1
3  1.568703e-05      1
4  1.341681e-03      1
5  3.703709e-05      1
6  8.274700e-05      1
7  3.079132e-05      1
8  8.690110e-04      1
9  9.149879e-03  0.008
10 6.443757e-03  0.592
11 1.891038e-03  0.688
12 6.599658e-04      1
13 5.419924e-04      1
14 2.015324e-04      1
15 7.564098e-06      1
16 6.767817e-04      1
17 6.496123e-05      1
18 6.149773e-06      1
19 2.479079e-04      1
20 6.503003e-07      1
21 3.689372e-05      1
22 8.509153e-03      1
23 6.884800e-05      1
24 1.740766e-06      1
25 4.427386e-05      1
26 5.116528e-03      1
27 2.615050e-02      1
28 5.757005e-03 <0.008
29 3.856735e-04      1
30 7.007895e-05      1
31 1.105965e-03      1
32 1.568814e-02      1
33 1.432172e-03      1
34 6.551900e-05      1
35 1.212632e-04      1
36 1.176021e-04      1
37 2.538310e-07      1
38 1.252596e-03      1
39 2.781850e-07      1
40 1.494539e-03      1
41 1.971880e-04      1
42 5.172991e-04      1
43 1.008476e-02      1
44 8.194047e-04      1
45 4.296344e-04      1
46 3.246567e-04      1
47 3.737016e-04      1
48 4.011080e-03      1
49 1.569666e-04      1
50 2.889824e-04      1
51 8.364222e-04      1
52 4.004881e-04      1
53 8.085181e-05      1
54 1.358380e-03      1
55 2.749788e-05      1
56 1.432721e-04      1
57 2.034288e-04      1
58 6.962762e-06      1
59 5.255605e-04      1
60 3.184975e-03  0.056
61 1.019839e-03      1
62 1.103691e-03      1
63 7.817745e-04      1
64 1.091774e-04      1
65 4.015951e-07      1
66 2.264354e-04      1
67 1.663529e-05      1
68 3.605984e-02  0.152
69 2.310981e-05      1
70 1.558650e-04      1
71 6.214864e-05      1
72 9.333766e-04      1
73 1.114840e+00 <0.008
74 4.815232e-05      1
75 6.769238e-05      1
76 1.769082e-04      1
77 2.061978e-04      1
78 2.088142e-04      1
79 4.000431e-04      1
80 6.999211e-04      1

$`MR-PRESSO results`$`Distortion Test`
$`MR-PRESSO results`$`Distortion Test`$`Outliers Indices`
[1]  9 28 73

$`MR-PRESSO results`$`Distortion Test`$`Distortion Coefficient`
beta.exposure 
     96.15343 

$`MR-PRESSO results`$`Distortion Test`$Pvalue
[1] 0.0661



