$`Main MR results`
       Exposure       MR Analysis Causal Estimate       Sd   T-stat   P-value
1 beta.exposure               Raw        230.9671 306.9485 0.752462 0.4541603
2 beta.exposure Outlier-corrected              NA       NA       NA        NA

$`MR-PRESSO results`
$`MR-PRESSO results`$`Global Test`
$`MR-PRESSO results`$`Global Test`$RSSobs
[1] 108.167

$`MR-PRESSO results`$`Global Test`$Pvalue
[1] 0.0118


$`MR-PRESSO results`$`Outlier Test`
         RSSobs Pvalue
1  2.493673e+04      1
2  2.923663e+03      1
3  1.516227e+03      1
4  1.327447e+04      1
5  1.169627e+03      1
6  3.281236e+04      1
7  3.319015e+04      1
8  7.931659e+05      1
9  6.051692e-04      1
10 1.918356e+04      1
11 3.680009e+04      1
12 7.600899e+04      1
13 5.962544e+02      1
14 4.636888e+02      1
15 6.285237e+04      1
16 1.530144e+03      1
17 2.366608e+03      1
18 2.988343e+03      1
19 1.628833e+04      1
20 2.734249e+05  0.225
21 5.472053e+04      1
22 1.428668e+04      1
23 2.543878e+04      1
24 1.157039e+04      1
25 2.084424e+03      1
26 8.226579e+04      1
27 2.001561e+05      1
28 8.109717e+04      1
29 3.876127e+03      1
30 2.865596e+00      1
31 1.811071e+03      1
32 4.310345e+04      1
33 6.288197e+03      1
34 1.279217e+03      1
35 2.508212e+04      1
36 1.205857e+03      1
37 2.446536e+04      1
38 3.474514e+03      1
39 1.394966e+04      1
40 1.430937e+05      1
41 5.444492e+02      1
42 4.018855e+04      1
43 8.198093e+04 0.8325
44 3.106925e+04      1
45 2.495335e+04      1
46 6.427155e+02      1
47 9.524402e+03      1
48 4.019716e+03      1
49 3.135012e+04      1
50 1.569592e+03      1
51 5.734154e+03      1
52 2.415145e+04      1
53 2.465139e+04      1
54 1.366149e+04      1
55 6.991854e+04      1
56 9.240292e+04      1
57 1.632166e+04      1
58 5.670124e+04      1
59 8.194397e+02      1
60 2.156663e+04      1
61 3.571670e+03      1
62 1.872568e+04      1
63 3.019138e+03      1
64 1.054090e+02      1
65 1.036644e+04      1
66 1.033703e+04      1
67 3.487262e+04      1
68 1.434685e+04      1
69 1.407910e+05      1
70 1.739411e+04      1
71 8.463323e+02      1
72 2.056035e+04      1
73 2.116684e+04      1
74 8.570872e+03      1
75 2.752323e+05 0.4875

$`MR-PRESSO results`$`Distortion Test`
$`MR-PRESSO results`$`Distortion Test`$`Outliers Indices`
[1] "No significant outliers"

$`MR-PRESSO results`$`Distortion Test`$`Distortion Coefficient`
[1] NA

$`MR-PRESSO results`$`Distortion Test`$Pvalue
[1] NA



