$`Main MR results`
       Exposure       MR Analysis Causal Estimate       Sd   T-stat   P-value
1 beta.exposure               Raw        150.8805 289.6396 0.520925 0.6034757
2 beta.exposure Outlier-corrected              NA       NA       NA        NA

$`MR-PRESSO results`
$`MR-PRESSO results`$`Global Test`
$`MR-PRESSO results`$`Global Test`$RSSobs
[1] 150.8003

$`MR-PRESSO results`$`Global Test`$Pvalue
[1] 0.0088


$`MR-PRESSO results`$`Outlier Test`
          RSSobs Pvalue
1   5.192806e+03      1
2   2.608036e+04      1
3   2.432623e+04      1
4   2.497085e+03      1
5   2.917773e+04      1
6   1.321626e+03      1
7   2.237139e+03      1
8   1.231102e+04      1
9   1.356228e+03      1
10  5.951876e+03      1
11  3.084175e+04      1
12  3.419494e+04      1
13  8.626740e+05      1
14  1.267517e+03      1
15  9.283421e+00      1
16  1.415061e+05      1
17  4.441470e+01      1
18  1.864061e+04      1
19  1.810847e+05      1
20  3.833385e+04      1
21  7.904774e+04      1
22  7.535919e+02      1
23  5.878776e+02      1
24  2.623199e+04      1
25  5.725008e+04      1
26  1.000944e+03      1
27  1.873656e+03      1
28  2.096931e+02      1
29  2.756389e+03      1
30  2.664033e+03      1
31  1.831892e+04      1
32  2.705108e+05  0.253
33  5.265190e+04      1
34  6.744815e+02      1
35  1.299539e+04      1
36  2.618982e+04      1
37  1.044014e+04      1
38  2.243478e+03      1
39  8.443544e+04      1
40  2.870414e+04      1
41  2.073291e+05      1
42  2.837355e+03      1
43  1.305745e+04      1
44  4.670480e+02      1
45  6.165014e+02      1
46  8.610538e+04      1
47  3.581311e+03      1
48  1.212944e+01      1
49  1.609335e+03      1
50  4.119049e+04      1
51  5.790407e+03      1
52  1.488871e+03      1
53  2.423570e+04      1
54  1.075799e+03      1
55  2.366647e+04      1
56  3.994647e+03      1
57  1.309823e+04      1
58  1.901512e+04      1
59  1.384299e+05      1
60  1.498491e+03      1
61  1.610902e+03      1
62  4.095505e+04      1
63  8.317499e+04      1
64  3.035407e+04      1
65  2.397194e+04      1
66  5.300469e+04      1
67  8.363617e+02      1
68  9.141471e+03      1
69  1.049929e+04      1
70  9.040654e+03      1
71  1.720651e+04      1
72  4.302530e+03      1
73  3.245366e+04      1
74  1.076991e+05  0.638
75  9.467566e+03      1
76  1.503269e+04      1
77  1.727316e+03      1
78  5.325506e+03      1
79  3.200730e+04      1
80  2.226564e+04      1
81  2.631889e+04      1
82  1.299992e+04      1
83  6.805444e+04      1
84  9.971142e+04      1
85  1.575440e+04      1
86  4.701999e+04      1
87  4.799972e+02      1
88  7.171944e+04      1
89  2.286753e+04      1
90  3.319774e+03      1
91  6.948532e+03      1
92  1.822994e+04      1
93  2.623066e+03      1
94  6.643108e+01      1
95  2.143839e+04      1
96  1.191204e+04      1
97  3.361685e+04      1
98  1.342342e+04      1
99  1.301143e+05      1
100 1.822754e+04      1
101 6.942772e+02      1
102 2.272376e+04      1
103 1.985335e+04      1
104 8.553210e+03      1
105 3.623960e+04      1
106 1.172719e+04      1
107 2.318297e+04      1
108 3.261849e+04      1
109 8.972593e+03      1
110 2.809510e+05  0.506

$`MR-PRESSO results`$`Distortion Test`
$`MR-PRESSO results`$`Distortion Test`$`Outliers Indices`
[1] "No significant outliers"

$`MR-PRESSO results`$`Distortion Test`$`Distortion Coefficient`
[1] NA

$`MR-PRESSO results`$`Distortion Test`$Pvalue
[1] NA



