$`Main MR results`
       Exposure       MR Analysis Causal Estimate        Sd      T-stat
1 beta.exposure               Raw     -0.01166128 0.1296933 -0.08991429
2 beta.exposure Outlier-corrected     -0.05651798 0.1219766 -0.46335119
    P-value
1 0.9285829
2 0.6444030

$`MR-PRESSO results`
$`MR-PRESSO results`$`Global Test`
$`MR-PRESSO results`$`Global Test`$RSSobs
[1] 104.8642

$`MR-PRESSO results`$`Global Test`$Pvalue
[1] 0.0411


$`MR-PRESSO results`$`Outlier Test`
         RSSobs Pvalue
1  9.491340e-06      1
2  2.312597e-06      1
3  3.664784e-04      1
4  1.811570e-04      1
5  3.867949e-05      1
6  1.856584e-03      1
7  2.988811e-04      1
8  4.153769e-03      1
9  1.279872e-04      1
10 1.245635e-07      1
11 5.753755e-05      1
12 4.744407e-04      1
13 1.412395e-04      1
14 4.057658e-05      1
15 2.286573e-04      1
16 1.454010e-04      1
17 1.166236e-03      1
18 2.795498e-04      1
19 1.958961e-04      1
20 1.972792e-04      1
21 1.117158e-04      1
22 3.619564e-05      1
23 7.621661e-04      1
24 8.775296e-04      1
25 5.277083e-05      1
26 4.635271e-06      1
27 9.350440e-04      1
28 1.020859e-05      1
29 4.233428e-05      1
30 7.109066e-04      1
31 3.253398e-05      1
32 1.832919e-05      1
33 2.053591e-04      1
34 4.526982e-05      1
35 6.194321e-04      1
36 1.270869e-03      1
37 3.229297e-05      1
38 2.290862e-03      1
39 1.357676e-04      1
40 8.106176e-04      1
41 8.737084e-05      1
42 6.520454e-04      1
43 1.724711e-06      1
44 8.098982e-04      1
45 9.119632e-05      1
46 2.086035e-04      1
47 1.505417e-05      1
48 1.151903e-03      1
49 1.050234e-03      1
50 3.857224e-05      1
51 1.665490e-04      1
52 5.379269e-05      1
53 1.849684e-04      1
54 1.177976e-04      1
55 4.338549e-04      1
56 1.426229e-03      1
57 5.106043e-04      1
58 8.821593e-05      1
59 9.993899e-05      1
60 2.711664e-04      1
61 4.388397e-08      1
62 5.925442e-04      1
63 4.535549e-04      1
64 4.023046e-05      1
65 1.386913e-04      1
66 4.943262e-05      1
67 2.666456e-04      1
68 7.160259e-06      1
69 1.451898e-05      1
70 2.676666e-04      1
71 2.257683e-03      1
72 1.350163e-04      1
73 1.894693e-04      1
74 3.956745e-05      1
75 2.524848e-04      1
76 6.563600e-04      1
77 1.007000e-03      1
78 2.965249e-03  0.024
79 2.813149e-05      1
80 1.089234e-08      1

$`MR-PRESSO results`$`Distortion Test`
$`MR-PRESSO results`$`Distortion Test`$`Outliers Indices`
[1] 78

$`MR-PRESSO results`$`Distortion Test`$`Distortion Coefficient`
beta.exposure 
     79.36713 

$`MR-PRESSO results`$`Distortion Test`$Pvalue
[1] 0.8296



