$`Main MR results`
       Exposure       MR Analysis Causal Estimate         Sd   T-stat
1 beta.exposure               Raw     -0.04558278 0.02354446 -1.93603
2 beta.exposure Outlier-corrected              NA         NA       NA
     P-value
1 0.05653424
2         NA

$`MR-PRESSO results`
$`MR-PRESSO results`$`Global Test`
$`MR-PRESSO results`$`Global Test`$RSSobs
[1] 100.9005

$`MR-PRESSO results`$`Global Test`$Pvalue
[1] 0.0498


$`MR-PRESSO results`$`Outlier Test`
         RSSobs Pvalue
1  3.323007e-05      1
2  3.839408e-05      1
3  3.361106e-07      1
4  9.507304e-05      1
5  1.245607e-04      1
6  8.017501e-05      1
7  1.068819e-03      1
8  3.354693e-06      1
9  2.643619e-03      1
10 1.171087e-04      1
11 1.170534e-05      1
12 2.919902e-03      1
13 9.778084e-04      1
14 6.426819e-07      1
15 2.743628e-04      1
16 7.592839e-05      1
17 4.392052e-06      1
18 8.389007e-05      1
19 1.006386e-04      1
20 6.232315e-05      1
21 8.227368e-04      1
22 3.643909e-04      1
23 1.261733e-04      1
24 4.107036e-05      1
25 4.842419e-04      1
26 1.102525e-04      1
27 3.890041e-04      1
28 4.732377e-05      1
29 1.288468e-06      1
30 3.345517e-06      1
31 2.000118e-03      1
32 4.119103e-05      1
33 2.908811e-06      1
34 1.031283e-04      1
35 1.147414e-04      1
36 2.428229e-05      1
37 2.247414e-05      1
38 1.211094e-03 0.2496
39 9.883449e-05      1
40 5.030169e-05      1
41 1.505427e-05      1
42 4.639973e-05      1
43 8.450998e-04      1
44 1.457291e-04      1
45 6.470226e-05      1
46 6.622331e-04 0.2574
47 3.310034e-04      1
48 7.131039e-05      1
49 1.004234e-05      1
50 2.050127e-04      1
51 2.388081e-08      1
52 8.476338e-06      1
53 1.513443e-04      1
54 1.372583e-05      1
55 2.433758e-03      1
56 2.549381e-04      1
57 3.881825e-05      1
58 1.545833e-04      1
59 4.642414e-05      1
60 9.560707e-06      1
61 1.819898e-04      1
62 6.380572e-07      1
63 5.953123e-04      1
64 5.137376e-04 0.8034
65 1.147489e-05      1
66 4.312490e-05      1
67 1.709513e-05      1
68 4.202954e-04      1
69 4.904217e-04      1
70 1.861872e-04      1
71 6.614143e-05      1
72 1.097383e-03      1
73 4.676145e-04      1
74 6.403718e-06      1
75 6.762673e-05      1
76 1.099612e-04      1
77 3.109536e-04      1
78 3.144605e-04      1

$`MR-PRESSO results`$`Distortion Test`
$`MR-PRESSO results`$`Distortion Test`$`Outliers Indices`
[1] "No significant outliers"

$`MR-PRESSO results`$`Distortion Test`$`Distortion Coefficient`
[1] NA

$`MR-PRESSO results`$`Distortion Test`$Pvalue
[1] NA



