$`Main MR results`
       Exposure       MR Analysis Causal Estimate         Sd    T-stat
1 beta.exposure               Raw     -0.04174307 0.02385777 -1.749663
2 beta.exposure Outlier-corrected              NA         NA        NA
     P-value
1 0.08291543
2         NA

$`MR-PRESSO results`
$`MR-PRESSO results`$`Global Test`
$`MR-PRESSO results`$`Global Test`$RSSobs
[1] 158.5169

$`MR-PRESSO results`$`Global Test`$Pvalue
[1] 0.0037


$`MR-PRESSO results`$`Outlier Test`
          RSSobs Pvalue
1   2.358190e-05      1
2   2.388123e-04      1
3   3.217020e-05      1
4   3.598875e-05      1
5   7.938012e-05      1
6   2.081154e-07      1
7   4.871371e-06      1
8   9.896194e-05      1
9   1.216657e-04      1
10  2.371806e-07      1
11  8.367061e-05      1
12  1.050993e-03      1
13  3.857746e-06      1
14  2.839830e-03      1
15  7.690578e-05      1
16  1.201742e-04      1
17  6.119512e-06      1
18  2.262128e-08      1
19  1.107072e-05      1
20  3.102584e-03      1
21  3.436653e-06      1
22  9.653553e-04      1
23  1.187982e-06      1
24  2.693854e-04      1
25  7.816938e-05      1
26  3.707975e-04      1
27  2.557973e-06      1
28  7.901257e-05      1
29  8.022705e-05      1
30  1.043742e-03 0.0904
31  9.686265e-05      1
32  6.461709e-05      1
33  8.011484e-04      1
34  3.692332e-04      1
35  1.305747e-04      1
36  2.233094e-04      1
37  4.450602e-05      1
38  4.668730e-04      1
39  1.078238e-04      1
40  3.784330e-04      1
41  4.845032e-05      1
42  8.968366e-07      1
43  1.609570e-04      1
44  4.987017e-06      1
45  5.212354e-05      1
46  1.328479e-05      1
47  1.306686e-03 0.2712
48  8.244410e-06      1
49  2.035764e-03      1
50  3.971410e-05      1
51  2.622573e-06      1
52  1.054580e-04      1
53  1.191553e-04      1
54  2.577292e-05      1
55  2.118996e-05      1
56  1.201800e-03 0.4972
57  9.698138e-05      1
58  4.857411e-05      1
59  1.346141e-05      1
60  4.403663e-05      1
61  1.603901e-05      1
62  8.277028e-04      1
63  1.637501e-04      1
64  3.007526e-05      1
65  6.318995e-05      1
66  6.672665e-04 0.3277
67  3.343785e-04      1
68  7.377653e-05      1
69  5.601715e-04      1
70  1.115423e-05      1
71  6.447151e-04      1
72  3.570605e-05      1
73  2.381974e-07      1
74  2.015516e-04      1
75  3.435843e-05      1
76  6.787161e-08      1
77  9.372553e-06      1
78  7.590835e-04 0.2712
79  3.997792e-05      1
80  6.935583e-05      1
81  1.489936e-04      1
82  1.470459e-05      1
83  2.317812e-06      1
84  2.462244e-03      1
85  2.462462e-04      1
86  4.048757e-05      1
87  1.584551e-04      1
88  3.707951e-05      1
89  1.022043e-05      1
90  2.057666e-04      1
91  1.246528e-06      1
92  9.937049e-05      1
93  6.052660e-04      1
94  5.089093e-04      1
95  1.327647e-07      1
96  1.206315e-05      1
97  4.542534e-05      1
98  1.793612e-05      1
99  3.289675e-04      1
100 4.742387e-04      1
101 1.817375e-04      1
102 6.906594e-05      1
103 1.140967e-03      1
104 4.609730e-04      1
105 5.753809e-06      1
106 5.061530e-04      1
107 6.952617e-05      1
108 1.228472e-05      1
109 1.495906e-04      1
110 3.075636e-04      1
111 6.300895e-05      1
112 3.144967e-04      1
113 3.044249e-04      1

$`MR-PRESSO results`$`Distortion Test`
$`MR-PRESSO results`$`Distortion Test`$`Outliers Indices`
[1] "No significant outliers"

$`MR-PRESSO results`$`Distortion Test`$`Distortion Coefficient`
[1] NA

$`MR-PRESSO results`$`Distortion Test`$Pvalue
[1] NA



