$`Main MR results`
       Exposure       MR Analysis Causal Estimate         Sd    T-stat  P-value
1 beta.exposure               Raw      0.03578307 0.03992103 0.8963464 0.371833
2 beta.exposure Outlier-corrected              NA         NA        NA       NA

$`MR-PRESSO results`
$`MR-PRESSO results`$`Global Test`
$`MR-PRESSO results`$`Global Test`$RSSobs
[1] 171.1839

$`MR-PRESSO results`$`Global Test`$Pvalue
[1] 0.0029


$`MR-PRESSO results`$`Outlier Test`
          RSSobs Pvalue
1   3.775322e-04      1
2   4.257007e-04      1
3   1.866750e-04      1
4   2.521455e-04      1
5   6.806317e-05      1
6   1.405773e-05      1
7   6.574779e-07      1
8   8.389125e-07      1
9   1.526067e-04      1
10  5.755229e-05      1
11  5.776310e-03      1
12  1.393618e-03      1
13  1.369043e-04      1
14  7.243683e-06      1
15  9.192861e-03      1
16  2.122619e-04      1
17  8.435367e-04      1
18  3.648395e-04      1
19  1.105247e-05      1
20  4.574948e-05      1
21  2.212803e-05      1
22  2.958502e-04      1
23  1.163768e-04      1
24  1.517590e-05      1
25  4.818425e-04      1
26  3.845568e-05      1
27  1.119451e-03      1
28  1.249385e-04      1
29  2.528514e-04      1
30  6.357644e-04      1
31  9.886100e-06      1
32  1.014403e-05      1
33  1.060444e-04      1
34  1.143566e-04      1
35  2.515567e-05      1
36  6.654033e-04      1
37  7.268435e-05      1
38  2.812414e-04      1
39  2.439154e-03      1
40  1.646268e-05      1
41  1.424139e-03      1
42  1.953195e-04      1
43  3.842384e-04      1
44  1.729358e-04      1
45  2.116762e-03      1
46  9.485891e-06      1
47  6.019367e-06      1
48  1.416490e-04      1
49  6.825647e-05      1
50  7.813664e-05      1
51  1.427027e-03      1
52  3.534039e-04      1
53  4.636126e-05      1
54  2.022204e-04      1
55  1.885276e-04      1
56  7.289747e-05      1
57  1.637092e-05      1
58  1.490394e-03      1
59  9.690267e-04      1
60  2.648390e-03  0.123
61  1.415514e-03      1
62  2.897053e-03      1
63  2.557962e-04      1
64  5.884328e-05      1
65  1.498454e-03      1
66  2.016618e-04      1
67  2.366572e-04      1
68  2.369249e-04      1
69  5.605334e-04      1
70  2.682338e-04      1
71  4.867595e-06      1
72  8.089694e-04      1
73  5.544384e-04      1
74  5.221311e-04      1
75  2.910162e-04      1
76  1.708900e-04      1
77  3.039953e-03      1
78  1.967927e-03      1
79  5.433096e-05      1
80  4.455059e-04      1
81  5.604978e-07      1
82  8.138235e-08      1
83  5.791072e-04      1
84  9.820489e-05      1
85  9.176201e-04      1
86  8.209447e-04      1
87  5.468238e-05      1
88  5.109705e-06      1
89  6.723586e-05      1
90  1.279964e-04      1
91  3.100520e-04      1
92  1.621047e-04      1
93  2.285243e-03      1
94  5.579587e-05      1
95  2.681276e-04      1
96  3.420717e-04      1
97  2.107811e-05      1
98  1.274786e-04      1
99  1.046788e-05      1
100 7.076299e-04      1
101 6.012813e-05      1
102 2.592938e-04      1
103 1.923819e-04      1
104 4.490050e-04      1
105 6.396983e-04      1
106 6.110065e-05      1
107 5.077898e-05      1
108 2.120707e-02      1
109 3.241748e-04      1
110 9.117404e-04      1
111 3.687989e-04      1
112 4.499616e-05      1
113 4.212971e-04      1
114 5.594131e-07      1
115 5.766620e-05      1
116 7.454859e-04      1
117 7.295108e-04      1
118 6.409501e-04      1
119 7.247376e-03      1
120 2.326493e-05      1
121 2.174526e-04      1
122 1.205753e-02 0.0984
123 3.357074e-04      1

$`MR-PRESSO results`$`Distortion Test`
$`MR-PRESSO results`$`Distortion Test`$`Outliers Indices`
[1] "No significant outliers"

$`MR-PRESSO results`$`Distortion Test`$`Distortion Coefficient`
[1] NA

$`MR-PRESSO results`$`Distortion Test`$Pvalue
[1] NA



