$`Main MR results`
       Exposure       MR Analysis Causal Estimate         Sd    T-stat
1 beta.exposure               Raw      0.02551744 0.04192504 0.6086442
2 beta.exposure Outlier-corrected              NA         NA        NA
    P-value
1 0.5444427
2        NA

$`MR-PRESSO results`
$`MR-PRESSO results`$`Global Test`
$`MR-PRESSO results`$`Global Test`$RSSobs
[1] 114.5919

$`MR-PRESSO results`$`Global Test`$Pvalue
[1] 0.0162


$`MR-PRESSO results`$`Outlier Test`
         RSSobs Pvalue
1  3.685474e-04      1
2  2.332517e-04      1
3  6.198629e-05      1
4  1.174033e-05      1
5  4.269860e-07      1
6  1.464632e-04      1
7  5.317482e-05      1
8  1.351257e-03      1
9  1.489121e-04      1
10 9.433654e-06      1
11 8.554266e-03      1
12 8.611368e-04      1
13 3.851281e-04      1
14 4.003139e-05      1
15 2.504445e-05      1
16 4.688716e-04      1
17 1.337157e-04      1
18 2.787970e-04      1
19 6.548451e-04      1
20 1.132883e-05      1
21 1.174745e-04      1
22 6.885250e-04      1
23 3.015250e-04      1
24 2.334301e-03      1
25 1.378646e-03      1
26 2.052226e-04      1
27 3.607049e-04      1
28 1.677020e-04      1
29 2.076421e-03      1
30 1.261209e-05      1
31 3.482709e-06      1
32 1.134652e-04      1
33 6.242345e-05      1
34 1.403298e-03      1
35 3.662609e-04      1
36 1.923327e-04      1
37 1.875579e-05      1
38 1.405333e-03      1
39 1.378256e-03      1
40 2.857461e-03      1
41 2.453573e-04      1
42 5.297875e-05      1
43 1.524759e-03      1
44 2.150745e-04      1
45 2.257764e-04      1
46 2.931445e-04      1
47 7.960705e-04      1
48 5.710776e-04      1
49 3.038394e-04      1
50 3.093208e-03      1
51 5.937232e-05      1
52 2.709215e-07      1
53 9.053494e-05      1
54 9.339871e-04      1
55 5.922940e-05      1
56 1.353040e-04      1
57 2.684817e-04      1
58 1.733036e-04      1
59 4.673476e-05      1
60 2.810639e-04      1
61 3.549915e-04      1
62 1.382437e-04      1
63 2.228935e-05      1
64 6.946307e-04      1
65 3.254433e-05      1
66 2.355934e-04      1
67 1.850392e-04      1
68 4.344035e-04      1
69 6.700828e-04      1
70 5.710146e-05      1
71 4.366719e-05      1
72 2.262031e-02 0.9877
73 8.750423e-04      1
74 4.021923e-05      1
75 4.355277e-04      1
76 1.301752e-07      1
77 4.999785e-05      1
78 7.620396e-04      1
79 7.304232e-03      1
80 1.868267e-05      1
81 2.254347e-04      1
82 1.217677e-02 0.0996
83 3.054674e-04      1

$`MR-PRESSO results`$`Distortion Test`
$`MR-PRESSO results`$`Distortion Test`$`Outliers Indices`
[1] "No significant outliers"

$`MR-PRESSO results`$`Distortion Test`$`Distortion Coefficient`
[1] NA

$`MR-PRESSO results`$`Distortion Test`$Pvalue
[1] NA



