$`Main MR results`
       Exposure       MR Analysis Causal Estimate          Sd   T-stat
1 beta.exposure               Raw    -0.008047386 0.004124093 -1.95131
2 beta.exposure Outlier-corrected              NA          NA       NA
     P-value
1 0.05439347
2         NA

$`MR-PRESSO results`
$`MR-PRESSO results`$`Global Test`
$`MR-PRESSO results`$`Global Test`$RSSobs
[1] 108.4895

$`MR-PRESSO results`$`Global Test`$Pvalue
[1] 0.0489


$`MR-PRESSO results`$`Outlier Test`
         RSSobs Pvalue
1  2.722230e-07      1
2  1.508767e-08      1
3  6.008695e-06 0.1848
4  6.820369e-08      1
5  1.470321e-06      1
6  1.506865e-07      1
7  1.836567e-06      1
8  8.521786e-07      1
9  3.363642e-07      1
10 1.982433e-06      1
11 5.226511e-07      1
12 2.737831e-06      1
13 1.984460e-07      1
14 7.879411e-08      1
15 2.547805e-08      1
16 5.281643e-06   0.42
17 4.939833e-07      1
18 2.616632e-07      1
19 5.023896e-07      1
20 6.455316e-08      1
21 1.540447e-07      1
22 1.382690e-06      1
23 5.006980e-07      1
24 2.524416e-10      1
25 6.065925e-09      1
26 4.606174e-07      1
27 1.320977e-06      1
28 1.242567e-06      1
29 1.155873e-06      1
30 2.165589e-07      1
31 8.554334e-08      1
32 6.170402e-10      1
33 1.363182e-07      1
34 5.116514e-06      1
35 2.382877e-06      1
36 5.161216e-07      1
37 3.960206e-07      1
38 9.555876e-08      1
39 6.923481e-07      1
40 5.811027e-08      1
41 4.155004e-08      1
42 2.275271e-08      1
43 3.448148e-07      1
44 5.680260e-09      1
45 1.366288e-06      1
46 1.718476e-06      1
47 9.078126e-07      1
48 1.713962e-06      1
49 3.875245e-07      1
50 6.252684e-07      1
51 2.663268e-07      1
52 8.802761e-06      1
53 1.355671e-07      1
54 2.380586e-07      1
55 8.355961e-07      1
56 1.576540e-07      1
57 5.134732e-08      1
58 8.368315e-07      1
59 5.150551e-07      1
60 1.448844e-06      1
61 2.634127e-08      1
62 8.454203e-07      1
63 1.009860e-06      1
64 4.470891e-06 0.6468
65 1.256195e-06      1
66 3.979229e-07      1
67 8.253976e-07      1
68 2.085014e-06      1
69 5.372706e-07      1
70 1.877477e-08      1
71 5.072770e-08      1
72 4.306367e-06      1
73 3.434087e-08      1
74 1.330955e-07      1
75 2.101817e-06      1
76 6.126644e-06      1
77 2.212410e-07      1
78 8.953136e-07      1
79 2.407622e-06      1
80 4.835357e-07      1
81 5.150551e-07      1
82 1.771870e-06      1
83 5.557404e-09      1
84 1.564691e-06      1

$`MR-PRESSO results`$`Distortion Test`
$`MR-PRESSO results`$`Distortion Test`$`Outliers Indices`
[1] "No significant outliers"

$`MR-PRESSO results`$`Distortion Test`$`Distortion Coefficient`
[1] NA

$`MR-PRESSO results`$`Distortion Test`$Pvalue
[1] NA



