SNP	CHROM	POS	REF	ALT	AF	BETA	SE	Z	P	N	TRAIT
rs74079553	NA	NA	NA	NA	NA	NA	NA	NA	NA	NA	NA
rs12033923	1	77896355	T	C	0.0828187	0.01923	0.008695	2.2116158711903395	0.027039999999999998	3146	CSF_ab42
rs10923030	1	88617883	C	T	0.237645	-0.004176	0.004922	-0.848435595286469	0.3963	3146	CSF_ab42
rs11809772	NA	NA	NA	NA	NA	NA	NA	NA	NA	NA	NA
rs12145483	1	208973877	T	C	0.169326	0.00409	0.005953	0.6870485469511171	0.4922	3146	CSF_ab42
rs11119365	NA	NA	NA	NA	NA	NA	NA	NA	NA	NA	NA
rs116258323	1	214449747	C	T	0.0427117	0.0010199999999999999	0.009796	0.1041241322988975	0.9171	3146	CSF_ab42
rs11683756	NA	NA	NA	NA	NA	NA	NA	NA	NA	NA	NA
rs370025	2	13418275	C	T	0.054951	-0.0076489999999999995	0.008741	-0.8750715021164626	0.3816	3146	CSF_ab42
rs4832509	2	18059381	A	G	0.870727	-9.03e-5	0.006118	-0.0147597	0.9882	3146	CSF_ab42
rs1260326	2	27730940	T	C	0.613661	-0.002212	0.00411	-0.5382	0.5904	3146	CSF_ab42
rs7597379	2	44119416	T	C	0.512177	0.002065	0.004202	0.491433	0.6233	3146	CSF_ab42
rs4953148	NA	NA	NA	NA	NA	NA	NA	NA	NA	NA	NA
rs11677810	NA	NA	NA	NA	NA	NA	NA	NA	NA	NA	NA
rs10153775	2	78613996	C	A	0.697738	-0.008015	0.004409000000000001	-1.81787	0.06921000000000001	3146	CSF_ab42
rs114658808	2	119423996	G	A	0.0591222	-0.022080000000000002	0.01202	-1.8369384359401002	0.06638	3146	CSF_ab42
rs4972811	NA	NA	NA	NA	NA	NA	NA	NA	NA	NA	NA
rs6760497	2	211455953	A	G	0.413384	-1.056e-4	0.004106	-0.025718460789089136	0.9795	3146	CSF_ab42
rs11718871	NA	NA	NA	NA	NA	NA	NA	NA	NA	NA	NA
rs6807666	3	85594428	A	C	0.699163	-0.003499	0.004215999999999999	-0.829934	0.4066	3146	CSF_ab42
rs55726529	NA	NA	NA	NA	NA	NA	NA	NA	NA	NA	NA
rs6764067	NA	NA	NA	NA	NA	NA	NA	NA	NA	NA	NA
rs11940694	NA	NA	NA	NA	NA	NA	NA	NA	NA	NA	NA
rs187725101	NA	NA	NA	NA	NA	NA	NA	NA	NA	NA	NA
rs537715653	NA	NA	NA	NA	NA	NA	NA	NA	NA	NA	NA
rs144198753	NA	NA	NA	NA	NA	NA	NA	NA	NA	NA	NA
rs11733695	NA	NA	NA	NA	NA	NA	NA	NA	NA	NA	NA
rs148382129	NA	NA	NA	NA	NA	NA	NA	NA	NA	NA	NA
rs13107325	4	103188709	C	T	0.0473169	0.008479	0.008023	1.0568365947899787	0.2907	3146	CSF_ab42
rs2088483	4	106216367	T	C	0.340727	-0.008795	0.004298	-2.046300604932527	0.04083	3146	CSF_ab42
rs6533629	4	113494607	G	A	0.397123	0.003198	0.004255	0.7515863689776733	0.4523	3146	CSF_ab42
rs34174593	5	7657967	G	A	0.0540247	-0.009058	0.009788	-0.9254188802615447	0.3548	3146	CSF_ab42
rs149394357	NA	NA	NA	NA	NA	NA	NA	NA	NA	NA	NA
rs78046126	NA	NA	NA	NA	NA	NA	NA	NA	NA	NA	NA
rs9372625	6	98344031	G	A	0.334676	-0.002565	0.004305	-0.5958188153310104	0.5514	3146	CSF_ab42
rs9347805	NA	NA	NA	NA	NA	NA	NA	NA	NA	NA	NA
rs146365067	NA	NA	NA	NA	NA	NA	NA	NA	NA	NA	NA
rs4739209	8	20991587	G	T	0.206609	-0.00175	0.00518	-0.3378378378378379	0.7356	3146	CSF_ab42
rs35040843	NA	NA	NA	NA	NA	NA	NA	NA	NA	NA	NA
rs16872457	8	106149928	G	A	0.204975	-0.008001000000000001	0.005436	-1.471854304635762	0.1412	3146	CSF_ab42
rs11779830	8	126796400	T	C	0.406511	-0.0012460000000000001	0.004415	-0.28221970554926396	0.7777	3146	CSF_ab42
rs13266268	NA	NA	NA	NA	NA	NA	NA	NA	NA	NA	NA
rs531322888	NA	NA	NA	NA	NA	NA	NA	NA	NA	NA	NA
rs3138496	NA	NA	NA	NA	NA	NA	NA	NA	NA	NA	NA
rs74424378	9	109331094	T	G	0.217026	-0.002671	0.004674	-0.571459135643988	0.5678	3146	CSF_ab42
rs201332355	NA	NA	NA	NA	NA	NA	NA	NA	NA	NA	NA
rs150347273	10	9398572	G	A	0.0288462	0.002208	0.01267	0.17426992896606155	0.8617	3146	CSF_ab42
rs7078436	10	30378863	A	G	0.27403	-0.001126	0.004372999999999999	-0.25748913789160766	0.7967	3146	CSF_ab42
rs554894200	NA	NA	NA	NA	NA	NA	NA	NA	NA	NA	NA
rs1517311	11	84930506	T	A	0.916999	0.009194	0.006523	1.40947	0.1588	3146	CSF_ab42
rs7948028	11	113328681	A	C	0.279007	8.292e-4	0.004212	0.19686609686609688	0.8439	3146	CSF_ab42
rs1042725	12	66358347	C	T	0.459956	0.001003	0.0040409999999999995	0.2482058896312794	0.804	3146	CSF_ab42
rs73519744	NA	NA	NA	NA	NA	NA	NA	NA	NA	NA	NA
rs117893703	NA	NA	NA	NA	NA	NA	NA	NA	NA	NA	NA
rs1319338	15	26449418	T	A	0.0669464	0.007425	0.008015999999999999	0.9262724550898205	0.3544	3146	CSF_ab42
rs74354286	NA	NA	NA	NA	NA	NA	NA	NA	NA	NA	NA
rs9937062	NA	NA	NA	NA	NA	NA	NA	NA	NA	NA	NA
rs72771074	NA	NA	NA	NA	NA	NA	NA	NA	NA	NA	NA
rs74980679	16	71779310	G	T	0.120508	-0.002784	0.005961	-0.467035732259688	0.6405	3146	CSF_ab42
rs55938136	NA	NA	NA	NA	NA	NA	NA	NA	NA	NA	NA
rs578102530	NA	NA	NA	NA	NA	NA	NA	NA	NA	NA	NA
rs36045580	NA	NA	NA	NA	NA	NA	NA	NA	NA	NA	NA
rs2119292	18	53082974	C	T	0.868612	0.01033	0.006252000000000001	1.65227	0.09842999999999999	3146	CSF_ab42
rs492602	NA	NA	NA	NA	NA	NA	NA	NA	NA	NA	NA
rs9610194	22	35392059	C	G	0.0848749	0.009372	0.007561	1.239518582198122	0.2152	3146	CSF_ab42
rs9607805	22	41854446	C	T	0.738703	0.003764	0.004594	0.81933	0.4127	3146	CSF_ab42
