$`Main MR results`
       Exposure       MR Analysis Causal Estimate          Sd    T-stat
1 beta.exposure               Raw     0.002446318 0.009037164 0.2706953
2 beta.exposure Outlier-corrected     0.005485446 0.008617754 0.6365285
    P-value
1 0.7872452
2 0.5260658

$`MR-PRESSO results`
$`MR-PRESSO results`$`Global Test`
$`MR-PRESSO results`$`Global Test`$RSSobs
[1] 142.6702

$`MR-PRESSO results`$`Global Test`$Pvalue
[1] 6e-04


$`MR-PRESSO results`$`Outlier Test`
         RSSobs  Pvalue
1  3.311415e-07       1
2  7.688230e-07       1
3  2.089492e-06       1
4  2.235669e-07       1
5  4.285586e-07       1
6  3.251128e-07       1
7  5.870493e-07       1
8  1.534119e-06       1
9  1.357883e-07       1
10 7.902179e-06       1
11 3.452459e-06       1
12 4.612186e-07       1
13 1.917206e-07       1
14 2.744814e-06       1
15 1.151771e-06       1
16 1.147978e-06       1
17 2.854851e-06       1
18 5.352369e-07       1
19 1.916832e-05       1
20 1.138966e-07       1
21 6.109937e-07       1
22 2.670635e-05       1
23 2.102787e-07       1
24 1.713275e-08       1
25 2.494548e-05       1
26 2.253866e-07       1
27 5.289051e-06  0.3276
28 1.621583e-06       1
29 7.180459e-07       1
30 5.029562e-09       1
31 1.073092e-06       1
32 4.625983e-07       1
33 6.882175e-10       1
34 7.714444e-07       1
35 1.001098e-05 <0.0091
36 1.587785e-08       1
37 3.976140e-06       1
38 1.098279e-07       1
39 4.728042e-06       1
40 6.021165e-07       1
41 7.909533e-10       1
42 1.636877e-05       1
43 5.278292e-08       1
44 3.558221e-06       1
45 5.517909e-07       1
46 5.463083e-09       1
47 8.749016e-07       1
48 7.553869e-07       1
49 2.266730e-07       1
50 8.764456e-07       1
51 1.421862e-07       1
52 2.071849e-06       1
53 2.234379e-07       1
54 1.544244e-06       1
55 1.705282e-08       1
56 2.860044e-06       1
57 1.811728e-06       1
58 2.974862e-08       1
59 4.463716e-09       1
60 1.869499e-07       1
61 3.800647e-07       1
62 1.016830e-05  0.7462
63 3.876798e-06       1
64 4.182841e-06  0.9282
65 3.093763e-08       1
66 1.105180e-07       1
67 7.222339e-07       1
68 8.860958e-07       1
69 4.026556e-07       1
70 5.044725e-06  0.5096
71 3.298591e-07       1
72 1.644300e-06       1
73 3.190732e-07       1
74 1.094471e-06       1
75 1.161109e-06       1
76 2.267283e-07       1
77 3.356737e-07       1
78 2.067671e-06       1
79 1.153829e-06       1
80 2.228171e-07       1
81 3.399286e-05       1
82 5.600443e-07       1
83 4.318189e-07       1
84 2.525264e-06       1
85 3.038128e-06       1
86 8.864216e-07       1
87 4.580171e-07       1
88 2.934069e-08       1
89 7.610891e-08       1
90 9.574676e-07       1
91 1.734559e-08       1

$`MR-PRESSO results`$`Distortion Test`
$`MR-PRESSO results`$`Distortion Test`$`Outliers Indices`
[1] 35

$`MR-PRESSO results`$`Distortion Test`$`Distortion Coefficient`
beta.exposure 
    -55.40348 

$`MR-PRESSO results`$`Distortion Test`$Pvalue
[1] 0.8195



