SNP	CHROM	POS	REF	ALT	AF	BETA	SE	Z	P	N	TRAIT
rs2235536	1	1689164	C	T	0.4322	-0.0398	0.0473	-0.8414376321353065	0.4002	4735	Neurofibrillary_Tangles
rs9728923	NA	NA	NA	NA	NA	NA	NA	NA	NA	NA	NA
rs56169608	1	18439991	G	A	0.455	0.0525	0.047	1.1170212765957446	0.2641	4735	Neurofibrillary_Tangles
rs6660612	1	23143338	G	A	0.4792	-0.0168	0.0468	-0.3589743589743589	0.7194	4735	Neurofibrillary_Tangles
rs10493055	1	34626340	T	G	0.4268	-0.0239	0.046	-0.519565	0.6036	4735	Neurofibrillary_Tangles
rs2089358	1	37194103	C	T	0.6893	-0.0018	0.0478	-0.03765690376569037	0.9698	4735	Neurofibrillary_Tangles
rs547137	1	44827158	G	A	0.6967	-0.0066	0.0478	-0.13807531380753138	0.89	4735	Neurofibrillary_Tangles
rs11588755	1	57819204	G	A	0.4552	0.0673	0.0476	1.4138655462184873	0.1575	4735	Neurofibrillary_Tangles
rs6685401	1	62599874	G	A	0.5236	-0.0218	0.0437	-0.49885583524027455	0.6182	4735	Neurofibrillary_Tangles
rs6690101	1	66414039	T	C	0.3976	0.0441	0.045	0.98	0.3278	4735	Neurofibrillary_Tangles
rs1620977	1	72729142	A	G	0.7112	-0.0215	0.0494	-0.435223	0.6642	4735	Neurofibrillary_Tangles
rs77461959	NA	NA	NA	NA	NA	NA	NA	NA	NA	NA	NA
rs699844	1	74878253	A	G	0.0776	-0.1153	0.0823	-1.40097	0.1612	4735	Neurofibrillary_Tangles
rs2706179	1	76657985	C	T	0.7961	0.0261	0.0536	0.4869402985074627	0.6262	4735	Neurofibrillary_Tangles
rs305470	NA	NA	NA	NA	NA	NA	NA	NA	NA	NA	NA
rs12030482	NA	NA	NA	NA	NA	NA	NA	NA	NA	NA	NA
rs6702604	1	107190062	A	G	0.4035	0.0159	0.0448	0.354911	0.7219	4735	Neurofibrillary_Tangles
rs61798467	1	107568465	A	G	0.2014	-0.0663	0.0607	-1.09226	0.2748	4735	Neurofibrillary_Tangles
rs1289939	1	117944435	T	C	0.7616	-0.0518	0.0513	-1.00975	0.3129	4735	Neurofibrillary_Tangles
rs12023901	NA	NA	NA	NA	NA	NA	NA	NA	NA	NA	NA
rs4656570	NA	NA	NA	NA	NA	NA	NA	NA	NA	NA	NA
rs1200160	1	169103195	A	G	0.5258	0.0055	0.0427	0.128806	0.8981	4735	Neurofibrillary_Tangles
rs5877	1	173878862	T	C	0.35	0.0228	0.0453	0.503311	0.615	4735	Neurofibrillary_Tangles
rs2418884	NA	NA	NA	NA	NA	NA	NA	NA	NA	NA	NA
rs10800992	1	190900576	C	T	0.4304	-0.004	0.0445	-0.08988764044943821	0.9284	4735	Neurofibrillary_Tangles
rs10800793	1	201825750	A	G	0.3869	-0.0611	0.0462	-1.32251	0.1859	4735	Neurofibrillary_Tangles
rs6669981	NA	NA	NA	NA	NA	NA	NA	NA	NA	NA	NA
rs147180704	NA	NA	NA	NA	NA	NA	NA	NA	NA	NA	NA
rs11119409	1	210293333	C	T	0.5799	-0.0859	0.0444	-1.9346846846846848	0.05317	4735	Neurofibrillary_Tangles
rs41307740	NA	NA	NA	NA	NA	NA	NA	NA	NA	NA	NA
rs3007716	1	226125617	A	G	0.2178	-0.0257	0.0572	-0.449301	0.6526	4735	Neurofibrillary_Tangles
rs2883027	1	230239257	A	G	0.3973	-0.0168	0.0448	-0.375	0.7085	4735	Neurofibrillary_Tangles
rs4659466	NA	NA	NA	NA	NA	NA	NA	NA	NA	NA	NA
rs10803156	NA	NA	NA	NA	NA	NA	NA	NA	NA	NA	NA
rs823247	2	2850540	C	T	0.4727	0.113	0.0443	2.5507900677200905	0.01065	4735	Neurofibrillary_Tangles
rs13414504	2	17483658	G	A	0.3299	0.0195	0.0466	0.41845493562231756	0.6758	4735	Neurofibrillary_Tangles
rs72780006	NA	NA	NA	NA	NA	NA	NA	NA	NA	NA	NA
rs115867433	2	34983487	A	G	0.0492	-0.0977	0.1042	-0.93762	0.3482	4735	Neurofibrillary_Tangles
rs9653490	2	42833641	C	T	0.6992	-0.0587	0.0486	-1.2078189300411524	0.2274	4735	Neurofibrillary_Tangles
rs13010288	2	51824512	G	T	0.1106	-0.0334	0.0718	-0.4651810584958217	0.6418	4735	Neurofibrillary_Tangles
rs12618568	2	53008216	C	T	0.4809	-0.0481	0.0435	-1.1057471264367815	0.2697	4735	Neurofibrillary_Tangles
rs113851554	2	66750564	G	T	0.0472	0.1007	0.1417	0.7106563161609033	0.4772	4735	Neurofibrillary_Tangles
rs57842630	2	67002805	G	A	0.7083	-0.0551	0.0698	-0.7893982808022924	0.4298	4735	Neurofibrillary_Tangles
rs12991815	NA	NA	NA	NA	NA	NA	NA	NA	NA	NA	NA
rs4405790	NA	NA	NA	NA	NA	NA	NA	NA	NA	NA	NA
rs143204943	2	96863818	C	T	0.0192	-0.133	0.2031	-0.654849827671098	0.5124	4735	Neurofibrillary_Tangles
rs17489287	2	98393231	C	T	0.3056	0.0289	0.0478	0.604602510460251	0.5445	4735	Neurofibrillary_Tangles
rs72820274	2	104412924	G	A	0.4078	-0.037000000000000005	0.0455	-0.8131868131868133	0.4158	4735	Neurofibrillary_Tangles
rs6543236	2	104602524	C	T	0.1666	0.0736	0.0734	1.002724795640327	0.3163	4735	Neurofibrillary_Tangles
rs62158170	2	114082175	A	G	0.2257	-0.0861	0.0531	-1.62147	0.1051	4735	Neurofibrillary_Tangles
rs4555351	2	116524076	G	A	0.4064	-0.0531	0.0505	-1.0514851485148515	0.2939	4735	Neurofibrillary_Tangles
rs13387408	2	125304251	G	A	0.3625	0.0343	0.0465	0.7376344086021505	0.4606	4735	Neurofibrillary_Tangles
rs6738149	2	144000583	A	C	0.1372	0.034	0.0648	0.524691	0.5996	4735	Neurofibrillary_Tangles
rs55633567	2	146471182	G	A	0.574	0.0188	0.044000000000000004	0.42727272727272725	0.6696	4735	Neurofibrillary_Tangles
rs6756610	NA	NA	NA	NA	NA	NA	NA	NA	NA	NA	NA
rs116466468	2	159137557	T	C	0.2376	0.0476	0.0508	0.937008	0.3492	4735	Neurofibrillary_Tangles
rs4664299	2	160570033	T	C	0.7643	0.034	0.0526	0.646388	0.5183	4735	Neurofibrillary_Tangles
rs836602	NA	NA	NA	NA	NA	NA	NA	NA	NA	NA	NA
rs7571486	2	176473295	G	A	0.248	0.0622	0.0522	1.1915708812260535	0.23399999999999999	4735	Neurofibrillary_Tangles
rs10176724	2	178226009	G	T	0.8668	-0.0567	0.0641	-0.8845553822152885	0.3766	4735	Neurofibrillary_Tangles
rs6753440	NA	NA	NA	NA	NA	NA	NA	NA	NA	NA	NA
rs12473133	2	200970495	G	T	0.2068	0.1426	0.054000000000000006	2.6407407407407404	0.008326	4735	Neurofibrillary_Tangles
rs55772859	2	208042581	C	A	0.3169	0.0357	0.0469	0.7611940298507464	0.4467	4735	Neurofibrillary_Tangles
rs2365661	2	210391837	A	G	0.2747	0.012	0.0498	0.240964	0.8092	4735	Neurofibrillary_Tangles
rs34967082	2	215382654	G	A	0.3995	-0.006999999999999999	0.0462	-0.15151515151515152	0.879	4735	Neurofibrillary_Tangles
rs11676140	2	222757468	G	A	0.2981	-0.0301	0.0551	-0.5462794918330308	0.5852	4735	Neurofibrillary_Tangles
rs10929159	2	236932963	T	G	0.5844	-0.0755	0.0443	-1.70429	0.08857999999999999	4735	Neurofibrillary_Tangles
rs149249498	2	239282142	G	T	0.0811	0.0283	0.0801	0.3533083645443196	0.7240000000000001	4735	Neurofibrillary_Tangles
rs769621	3	3780926	T	C	0.8147	0.0069	0.0563	0.122558	0.9025	4735	Neurofibrillary_Tangles
rs4684703	3	10550397	G	A	0.4802	0.0089	0.0482	0.18464730290456433	0.8529	4735	Neurofibrillary_Tangles
rs80286526	NA	NA	NA	NA	NA	NA	NA	NA	NA	NA	NA
rs2365370	3	20118980	A	G	0.0791	0.0829	0.078	1.06282	0.2882	4735	Neurofibrillary_Tangles
rs4858708	NA	NA	NA	NA	NA	NA	NA	NA	NA	NA	NA
rs11714011	3	34053980	G	A	0.066	0.1092	0.08900000000000001	1.2269662921348314	0.2197	4735	Neurofibrillary_Tangles
rs35110063	3	43066558	G	A	0.4203	-0.0311	0.0445	-0.698876404494382	0.4855	4735	Neurofibrillary_Tangles
rs11918413	3	43902518	C	A	0.6667	-0.0198	0.0459	-0.43137254901960786	0.6665	4735	Neurofibrillary_Tangles
rs3774751	3	50209053	G	T	0.4689	-0.0319	0.0436	-0.731651376146789	0.465	4735	Neurofibrillary_Tangles
rs1567084	3	71435955	A	G	0.4724	-0.026	0.0483	-0.538302	0.59	4735	Neurofibrillary_Tangles
rs2654439	3	71808566	T	C	0.7357	-0.0992	0.0503	-1.97217	0.0484	4735	Neurofibrillary_Tangles
rs62258944	NA	NA	NA	NA	NA	NA	NA	NA	NA	NA	NA
rs9858244	3	85787399	G	A	0.225	0.0658	0.0526	1.2509505703422052	0.2113	4735	Neurofibrillary_Tangles
rs17025198	3	88001713	G	A	0.2122	0.0233	0.0525	0.4438095238095239	0.6576	4735	Neurofibrillary_Tangles
rs1580173	3	107955515	G	A	0.5585	-0.0164	0.0437	-0.37528604118993136	0.7076	4735	Neurofibrillary_Tangles
rs7620131	3	114175554	A	G	0.0596	-0.0015	0.0948	-0.0158228	0.9876	4735	Neurofibrillary_Tangles
rs62264767	3	117642005	A	C	0.1393	0.0477	0.0647	0.737249	0.4607	4735	Neurofibrillary_Tangles
rs75869405	3	130748245	G	A	0.0881	0.0247	0.0885	0.2790960451977401	0.7805	4735	Neurofibrillary_Tangles
rs11917268	3	132559306	C	A	0.1177	0.001	0.0754	0.013262599469496022	0.9892	4735	Neurofibrillary_Tangles
rs4380409	3	143800896	A	G	0.2864	-0.0015	0.0481	-0.031185	0.975	4735	Neurofibrillary_Tangles
rs73157994	3	151087980	C	T	0.1592	-0.0625	0.0612	-1.0212418300653596	0.3068	4735	Neurofibrillary_Tangles
rs492858	3	155432229	C	T	0.0789	0.0847	0.0818	1.0354523227383863	0.3004	4735	Neurofibrillary_Tangles
rs2364921	3	158522463	T	C	0.5361	0.0249	0.0438	0.568493	0.5701	4735	Neurofibrillary_Tangles
rs11706718	3	163754418	T	C	0.1852	0.0858	0.0644	1.3323	0.1828	4735	Neurofibrillary_Tangles
rs694786	3	173112907	T	C	0.542	-0.0116	0.0437	-0.265446	0.7902	4735	Neurofibrillary_Tangles
rs7641339	3	178367446	G	A	0.4429	-0.0228	0.0442	-0.5158371040723981	0.6054	4735	Neurofibrillary_Tangles
rs2216427	NA	NA	NA	NA	NA	NA	NA	NA	NA	NA	NA
rs4686489	3	184753819	A	C	0.5205	-0.0021	0.0451	-0.0465632	0.9628	4735	Neurofibrillary_Tangles
rs58624989	3	187980436	C	T	0.0778	0.0311	0.0841	0.3697978596908442	0.7113	4735	Neurofibrillary_Tangles
rs6814726	4	2268794	C	T	0.188	0.0486	0.0831	0.5848375451263538	0.5589	4735	Neurofibrillary_Tangles
rs56270611	NA	NA	NA	NA	NA	NA	NA	NA	NA	NA	NA
rs207301	4	19095959	G	A	0.7399	0.0242	0.0511	0.4735812133072407	0.6358	4735	Neurofibrillary_Tangles
rs56210137	4	22050663	T	G	0.7943	-0.0064	0.0543	-0.117864	0.9056	4735	Neurofibrillary_Tangles
rs260122	4	29407530	G	A	0.3662	-0.057999999999999996	0.0501	-1.157684630738523	0.2468	4735	Neurofibrillary_Tangles
rs16990210	4	34720226	T	C	0.1624	-0.0073	0.0632	-0.115506	0.9084	4735	Neurofibrillary_Tangles
rs6846979	4	47757815	A	G	0.2307	0.0022	0.053900000000000003	0.0408163	0.9681	4735	Neurofibrillary_Tangles
rs12500601	4	56317656	T	G	0.32	-0.0548	0.0464	-1.18103	0.2379	4735	Neurofibrillary_Tangles
rs72636644	4	67947008	G	A	0.1135	-0.0175	0.0696	-0.25143678160919547	0.8018	4735	Neurofibrillary_Tangles
rs9991924	4	80730658	T	C	0.4543	-0.0941	0.0435	-2.16322	0.030539999999999998	4735	Neurofibrillary_Tangles
rs17005118	4	82288564	G	A	0.2763	0.0083	0.048	0.17291666666666666	0.8628	4735	Neurofibrillary_Tangles
rs72657797	NA	NA	NA	NA	NA	NA	NA	NA	NA	NA	NA
rs28493596	4	101459746	A	C	0.4742	0.0123	0.0504	0.244048	0.8073	4735	Neurofibrillary_Tangles
rs13135092	4	103198082	A	G	0.0874	0.0556	0.081	0.68642	0.4926	4735	Neurofibrillary_Tangles
rs116255950	4	133281393	G	A	0.0336	-0.1278	0.2274	-0.5620052770448549	0.5741	4735	Neurofibrillary_Tangles
rs13138995	4	148987430	A	G	0.603	-0.033	0.0439	-0.751708	0.452	4735	Neurofibrillary_Tangles
rs1523563	4	162087670	G	T	0.4255	-0.0149	0.0444	-0.3355855855855856	0.73740000000000006	4735	Neurofibrillary_Tangles
rs13120450	NA	NA	NA	NA	NA	NA	NA	NA	NA	NA	NA
rs13106863	4	175584403	T	C	0.265	0.0137	0.0509	0.269155	0.7872	4735	Neurofibrillary_Tangles
rs2648115	4	186788809	C	T	0.418	-0.0552	0.0445	-1.2404494382022473	0.2152	4735	Neurofibrillary_Tangles
rs1441540	5	3253428	T	C	0.2876	-0.0346	0.0491	-0.704684	0.4813	4735	Neurofibrillary_Tangles
rs62639509	NA	NA	NA	NA	NA	NA	NA	NA	NA	NA	NA
rs11742077	5	25076925	T	C	0.5711	-0.014	0.0442	-0.316742	0.7511	4735	Neurofibrillary_Tangles
rs6450799	5	30813302	C	T	0.5847	-0.011000000000000001	0.0471	-0.23354564755838642	0.816	4735	Neurofibrillary_Tangles
rs17223714	5	50492629	A	G	0.2125	-0.01	0.0531	-0.188324	0.8503	4735	Neurofibrillary_Tangles
rs12520974	5	61514611	T	C	0.4661	0.0652	0.0504	1.29365	0.1957	4735	Neurofibrillary_Tangles
rs76217310	5	71997275	T	G	0.1391	0.0285	0.0733	0.388813	0.6978	4735	Neurofibrillary_Tangles
rs701394	5	80296487	A	G	0.3713	0.0276	0.0453	0.609272	0.5418	4735	Neurofibrillary_Tangles
rs16903122	5	87693561	C	T	0.2534	-0.1103	0.0501	-2.2015968063872253	0.0277	4735	Neurofibrillary_Tangles
rs35539975	5	91607148	A	G	0.2235	-0.111	0.0512	-2.16797	0.030160000000000003	4735	Neurofibrillary_Tangles
rs17083297	5	92995477	C	A	0.1724	0.0417	0.0596	0.6996644295302014	0.4834	4735	Neurofibrillary_Tangles
rs2657498	NA	NA	NA	NA	NA	NA	NA	NA	NA	NA	NA
rs2431108	5	103947968	T	C	0.3391	0.0704	0.0467	1.50749	0.1318	4735	Neurofibrillary_Tangles
rs17367725	5	107112116	C	T	0.346	0.0703	0.0464	1.5150862068965518	0.1299	4735	Neurofibrillary_Tangles
rs8180457	5	107209814	T	C	0.8427	0.0204	0.0593	0.344013	0.7304	4735	Neurofibrillary_Tangles
rs287657	NA	NA	NA	NA	NA	NA	NA	NA	NA	NA	NA
rs4509059	5	117110711	T	G	0.3373	0.0079	0.0486	0.162551	0.8716	4735	Neurofibrillary_Tangles
rs11739528	5	120131452	T	C	0.2763	0.0214	0.0484	0.442149	0.6582	4735	Neurofibrillary_Tangles
rs55972276	NA	NA	NA	NA	NA	NA	NA	NA	NA	NA	NA
rs6888135	5	141254063	C	A	0.5069	-0.0343	0.0438	-0.7831050228310502	0.4337	4735	Neurofibrillary_Tangles
rs10045427	5	148869387	A	C	0.2802	0.0119	0.0482	0.246888	0.8052	4735	Neurofibrillary_Tangles
rs57001955	NA	NA	NA	NA	NA	NA	NA	NA	NA	NA	NA
rs62383308	5	165460085	G	A	0.0999	0.0011	0.0928	0.01185344827586207	0.9904	4735	Neurofibrillary_Tangles
rs879483	5	175280111	A	G	0.4918	-0.017	0.0448	-0.379464	0.7038	4735	Neurofibrillary_Tangles
rs2962842	5	176338955	A	G	0.4529	-0.0699	0.0449	-1.55679	0.1191	4735	Neurofibrillary_Tangles
rs6601080	5	179511043	G	A	0.6724	-0.0609	0.0472	-1.2902542372881356	0.1972	4735	Neurofibrillary_Tangles
rs4613858	6	3287681	C	T	0.8644	-0.1349	0.133	-1.0142857142857142	0.3102	4735	Neurofibrillary_Tangles
rs675209	6	7102084	T	C	0.7349	-0.0479	0.0503	-0.952286	0.3413	4735	Neurofibrillary_Tangles
rs428210	6	14905071	A	C	0.7298	0.0427	0.05	0.854	0.39299999999999996	4735	Neurofibrillary_Tangles
rs11756035	NA	NA	NA	NA	NA	NA	NA	NA	NA	NA	NA
rs114182814	NA	NA	NA	NA	NA	NA	NA	NA	NA	NA	NA
rs6456714	NA	NA	NA	NA	NA	NA	NA	NA	NA	NA	NA
rs10947428	6	33647058	T	C	0.2174	0.0474	0.055	0.861818	0.3886	4735	Neurofibrillary_Tangles
rs10947690	6	37631768	A	G	0.2483	-0.0659	0.0537	-1.22719	0.22	4735	Neurofibrillary_Tangles
rs66858749	NA	NA	NA	NA	NA	NA	NA	NA	NA	NA	NA
rs833061	6	43737486	C	T	0.4849	-0.0056	0.0476	-0.1176470588235294	0.9064	4735	Neurofibrillary_Tangles
rs4373347	6	67672896	T	G	0.3422	0.006	0.0467	0.12848	0.8974	4735	Neurofibrillary_Tangles
rs12199707	NA	NA	NA	NA	NA	NA	NA	NA	NA	NA	NA
rs885247	6	73660234	T	C	0.1528	-0.0128	0.0603	-0.212272	0.8313	4735	Neurofibrillary_Tangles
rs4530821	6	80063503	G	A	0.1827	0.0203	0.0558	0.3637992831541218	0.7163	4735	Neurofibrillary_Tangles
rs10944696	6	94498850	G	A	0.2926	0.0364	0.0477	0.7631027253668764	0.4461	4735	Neurofibrillary_Tangles
rs667320	6	98673816	A	G	0.8778	0.0519	0.0655	0.792366	0.4285	4735	Neurofibrillary_Tangles
rs2388840	6	99598756	G	A	0.5757	-0.0064	0.0448	-0.14285714285714288	0.8862	4735	Neurofibrillary_Tangles
rs240112	6	101059253	C	A	0.5433	0.0684	0.0439	1.5580865603644647	0.1193	4735	Neurofibrillary_Tangles
rs314281	6	105400605	T	C	0.5417	0.0629	0.0433	1.45266	0.147	4735	Neurofibrillary_Tangles
rs6926809	NA	NA	NA	NA	NA	NA	NA	NA	NA	NA	NA
rs34902403	6	116073847	A	G	0.0323	0.083	0.1293	0.641918	0.5208	4735	Neurofibrillary_Tangles
rs728017	6	124292594	A	G	0.6127	0.0219	0.0448	0.488839	0.6243	4735	Neurofibrillary_Tangles
rs62429521	6	140324582	C	A	0.1317	-0.0245	0.0716	-0.3421787709497207	0.7325	4735	Neurofibrillary_Tangles
rs1147852	6	147980909	G	A	0.3082	0.0698	0.0478	1.4602510460251046	0.1441	4735	Neurofibrillary_Tangles
rs34196349	NA	NA	NA	NA	NA	NA	NA	NA	NA	NA	NA
rs4709655	6	163280204	C	T	0.1236	-0.0381	0.0677	-0.5627769571639587	0.5732	4735	Neurofibrillary_Tangles
rs190106279	NA	NA	NA	NA	NA	NA	NA	NA	NA	NA	NA
rs6978112	NA	NA	NA	NA	NA	NA	NA	NA	NA	NA	NA
rs940780	7	3323848	T	C	0.6464	-0.0675	0.046	-1.46739	0.1424	4735	Neurofibrillary_Tangles
rs6977305	NA	NA	NA	NA	NA	NA	NA	NA	NA	NA	NA
rs10950397	7	12264737	C	T	0.4342	0.1005	0.0444	2.2635135135135136	0.02359	4735	Neurofibrillary_Tangles
rs2030672	NA	NA	NA	NA	NA	NA	NA	NA	NA	NA	NA
rs10951340	7	32562408	G	A	0.3761	0.0182	0.045	0.4044444444444445	0.6864	4735	Neurofibrillary_Tangles
rs62456370	7	49893406	A	G	0.7517	0.0139	0.0514	0.270428	0.7866	4735	Neurofibrillary_Tangles
rs3112265	7	54387185	A	C	0.048	0.1001	0.1837	0.54491	0.5857	4735	Neurofibrillary_Tangles
rs7794589	NA	NA	NA	NA	NA	NA	NA	NA	NA	NA	NA
rs11984380	7	70481029	G	A	0.5327	-0.0696	0.0441	-1.5782312925170068	0.1144	4735	Neurofibrillary_Tangles
rs6465151	7	88310899	C	T	0.1182	-0.1632	0.0662	-2.465256797583082	0.013680000000000001	4735	Neurofibrillary_Tangles
rs6973090	7	102008352	G	A	0.1832	0.0887	0.0789	1.1242078580481623	0.2608	4735	Neurofibrillary_Tangles
rs1013307	7	108260762	G	A	0.8941	-0.0505	0.0736	-0.6861413043478262	0.4925	4735	Neurofibrillary_Tangles
rs8180817	NA	NA	NA	NA	NA	NA	NA	NA	NA	NA	NA
rs73204027	NA	NA	NA	NA	NA	NA	NA	NA	NA	NA	NA
rs7807019	7	117543063	A	G	0.4602	-0.0135	0.0443	-0.30474	0.7602	4735	Neurofibrillary_Tangles
rs17520265	7	119674508	G	A	0.0336	-0.1628	0.2046	-0.7956989247311828	0.4264	4735	Neurofibrillary_Tangles
rs6967168	7	132672192	T	G	0.2481	0.1303	0.1075	1.21209	0.2254	4735	Neurofibrillary_Tangles
rs2598293	7	133989882	C	T	0.4615	-0.0097	0.0436	-0.22247706422018348	0.8243	4735	Neurofibrillary_Tangles
rs1731951	NA	NA	NA	NA	NA	NA	NA	NA	NA	NA	NA
rs77875040	7	139323735	G	A	0.0875	-0.0176	0.1231	-0.1429731925264013	0.8866	4735	Neurofibrillary_Tangles
rs111512387	NA	NA	NA	NA	NA	NA	NA	NA	NA	NA	NA
rs7008383	8	9385933	G	A	0.9811	-0.0256	0.1897	-0.13494992092778071	0.8925	4735	Neurofibrillary_Tangles
rs28611339	8	10170037	G	T	0.1311	0.0308	0.0677	0.4549483013293944	0.6488	4735	Neurofibrillary_Tangles
rs2256810	8	14646209	T	C	0.248	-0.0769	0.0508	-1.51378	0.1302	4735	Neurofibrillary_Tangles
rs113973451	8	21906789	G	T	0.1325	-0.0276	0.0758	-0.36411609498680736	0.7153	4735	Neurofibrillary_Tangles
rs184551615	NA	NA	NA	NA	NA	NA	NA	NA	NA	NA	NA
rs874168	NA	NA	NA	NA	NA	NA	NA	NA	NA	NA	NA
rs13253948	NA	NA	NA	NA	NA	NA	NA	NA	NA	NA	NA
rs2565096	8	40376429	G	A	0.7509	-0.0183	0.0511	-0.3581213307240705	0.7202	4735	Neurofibrillary_Tangles
rs671985	NA	NA	NA	NA	NA	NA	NA	NA	NA	NA	NA
rs4588900	8	73890425	G	A	0.531	0.06	0.0435	1.3793103448275863	0.1684	4735	Neurofibrillary_Tangles
rs2170382	8	74689288	C	T	0.1219	0.0756	0.0671	1.126676602086438	0.2598	4735	Neurofibrillary_Tangles
rs4409363	8	82788255	T	C	0.5951	-0.023	0.0453	-0.507726	0.6116	4735	Neurofibrillary_Tangles
rs17643634	8	91650818	C	T	0.1749	0.0152	0.0659	0.2306525037936267	0.818	4735	Neurofibrillary_Tangles
rs7844069	8	93277087	T	G	0.5804	-0.0657	0.0445	-1.4764	0.1393	4735	Neurofibrillary_Tangles
rs112600754	NA	NA	NA	NA	NA	NA	NA	NA	NA	NA	NA
rs28552587	8	103356226	A	G	0.4117	0.0467	0.0444	1.0518	0.293	4735	Neurofibrillary_Tangles
rs10955647	NA	NA	NA	NA	NA	NA	NA	NA	NA	NA	NA
rs13253607	8	115066582	C	T	0.3974	-0.0765	0.0444	-1.7229729729729728	0.08479	4735	Neurofibrillary_Tangles
rs800566	8	116709834	A	G	0.762	0.0493	0.0505	0.976238	0.3288	4735	Neurofibrillary_Tangles
rs62523467	8	127253967	C	T	0.3653	-0.0341	0.0453	-0.7527593818984547	0.4514	4735	Neurofibrillary_Tangles
rs6471065	8	133404011	C	T	0.201	-0.0359	0.055	-0.6527272727272727	0.5138	4735	Neurofibrillary_Tangles
rs3812442	8	144692971	C	T	0.6172	0.015	0.0487	0.3080082135523614	0.7573	4735	Neurofibrillary_Tangles
rs10758593	9	4292083	G	A	0.4158	0.1059	0.0452	2.3429203539823007	0.01916	4735	Neurofibrillary_Tangles
rs118166957	9	8858043	C	T	0.0379	0.6164	0.5438	1.133504965060684	0.2569	4735	Neurofibrillary_Tangles
rs10756571	9	14534505	C	T	0.699	0.0333	0.0481	0.6923076923076924	0.4889	4735	Neurofibrillary_Tangles
rs10811973	9	23831902	A	G	0.2488	-0.0119	0.0522	-0.227969	0.8201	4735	Neurofibrillary_Tangles
rs824264	9	28782175	G	A	0.1559	0.0033	0.0608	0.054276315789473686	0.9562	4735	Neurofibrillary_Tangles
rs7020413	9	37002115	A	G	0.2623	-0.0828	0.0489	-1.69325	0.09065	4735	Neurofibrillary_Tangles
rs28600695	NA	NA	NA	NA	NA	NA	NA	NA	NA	NA	NA
rs7044885	NA	NA	NA	NA	NA	NA	NA	NA	NA	NA	NA
rs10739951	9	96361585	T	C	0.3966	-0.0106	0.0442	-0.239819	0.8103	4735	Neurofibrillary_Tangles
rs10819718	9	102778480	T	C	0.1074	-0.1107	0.0694	-1.5951	0.1108	4735	Neurofibrillary_Tangles
rs35623509	NA	NA	NA	NA	NA	NA	NA	NA	NA	NA	NA
rs1927902	9	120518991	T	C	0.7408	0.0343	0.0503	0.681909	0.4952	4735	Neurofibrillary_Tangles
rs12684080	9	125867350	C	T	0.0634	-0.0191	0.0986	-0.19371196754563894	0.8461	4735	Neurofibrillary_Tangles
rs11244184	9	133777093	C	T	0.141	-0.2193	0.0632	-3.469936708860759	5.237e-4	4735	Neurofibrillary_Tangles
rs9411335	9	134901224	G	A	0.6859	0.084	0.0474	1.7721518987341773	0.07597000000000001	4735	Neurofibrillary_Tangles
rs10858247	9	139107230	T	C	0.3186	0.0356	0.0503	0.707753	0.479	4735	Neurofibrillary_Tangles
rs77641763	9	140265782	C	T	0.244	-0.0311	0.0753	-0.4130146082337317	0.6797	4735	Neurofibrillary_Tangles
rs9410111	9	140506058	C	T	0.1947	0.0399	0.0529	0.7542533081285443	0.451	4735	Neurofibrillary_Tangles
rs10795462	NA	NA	NA	NA	NA	NA	NA	NA	NA	NA	NA
rs12251016	NA	NA	NA	NA	NA	NA	NA	NA	NA	NA	NA
rs6482430	10	25029207	C	A	0.6172	-0.0144	0.0471	-0.3057324840764331	0.7593	4735	Neurofibrillary_Tangles
rs2767624	10	30262363	C	T	0.5229	-0.0202	0.0436	-0.463302752293578	0.6438	4735	Neurofibrillary_Tangles
rs12246855	NA	NA	NA	NA	NA	NA	NA	NA	NA	NA	NA
rs1900489	10	57142963	A	G	0.5942	-0.0121	0.0442	-0.273756	0.7853	4735	Neurofibrillary_Tangles
rs224029	10	64519299	T	C	0.5976	0.0116	0.0452	0.256637	0.7977	4735	Neurofibrillary_Tangles
rs10822610	10	67473417	C	T	0.0534	-0.0808	0.0943	-0.8568398727465536	0.3918	4735	Neurofibrillary_Tangles
rs11812551	10	70599221	C	T	0.1298	0.0591	0.068	0.8691176470588234	0.3848	4735	Neurofibrillary_Tangles
rs11001276	NA	NA	NA	NA	NA	NA	NA	NA	NA	NA	NA
rs7475916	NA	NA	NA	NA	NA	NA	NA	NA	NA	NA	NA
rs67736663	10	89295813	C	T	0.1919	-0.0314	0.0564	-0.5567375886524822	0.5776	4735	Neurofibrillary_Tangles
rs11191250	10	104034780	T	C	0.1746	0.0158	0.0591	0.267343	0.7897	4735	Neurofibrillary_Tangles
rs9787523	10	106460460	T	C	0.4173	-0.0598	0.0442	-1.35294	0.1759	4735	Neurofibrillary_Tangles
rs1331156	10	107920521	A	G	0.7792	-6e-4	0.0526	-0.0114068	0.9902	4735	Neurofibrillary_Tangles
rs3750805	NA	NA	NA	NA	NA	NA	NA	NA	NA	NA	NA
rs7902287	10	120213295	A	G	0.4263	-0.0054	0.0442	-0.122172	0.9025	4735	Neurofibrillary_Tangles
rs9971199	10	131686381	A	C	0.2983	-0.0429	0.0551	-0.778584	0.4364	4735	Neurofibrillary_Tangles
rs34774469	10	134953920	G	A	0.2458	0.0581	0.0559	1.039355992844365	0.2984	4735	Neurofibrillary_Tangles
rs4910472	NA	NA	NA	NA	NA	NA	NA	NA	NA	NA	NA
rs111395229	NA	NA	NA	NA	NA	NA	NA	NA	NA	NA	NA
rs11024433	11	17944125	G	A	0.2652	-0.0186	0.0487	-0.3819301848049281	0.7024	4735	Neurofibrillary_Tangles
rs1509589	11	24593626	T	C	0.6321	0.0342	0.0456	0.75	0.4543	4735	Neurofibrillary_Tangles
rs1806152	11	31851040	C	T	0.1608	-0.0969	0.0622	-1.5578778135048232	0.1191	4735	Neurofibrillary_Tangles
rs10768431	11	38911091	C	T	0.3346	0.019	0.0474	0.4008438818565401	0.688	4735	Neurofibrillary_Tangles
rs72899452	11	45415577	C	T	0.0665	-0.1333	0.091	-1.464835164835165	0.14300000000000002	4735	Neurofibrillary_Tangles
rs11605348	11	47606483	G	A	0.3427	-0.0513	0.0463	-1.1079913606911447	0.268	4735	Neurofibrillary_Tangles
rs12807357	11	57656902	C	T	0.3225	-0.0204	0.0467	-0.43683083511777304	0.6629	4735	Neurofibrillary_Tangles
rs524859	11	66041079	G	A	0.3558	0.0629	0.0452	1.3915929203539823	0.1646	4735	Neurofibrillary_Tangles
rs932074	NA	NA	NA	NA	NA	NA	NA	NA	NA	NA	NA
rs2008734	11	73366697	G	A	0.5569	-0.0554	0.0452	-1.2256637168141593	0.2199	4735	Neurofibrillary_Tangles
rs10898136	11	83274143	A	G	0.401	0.0068	0.0459	0.148148	0.8824	4735	Neurofibrillary_Tangles
rs2221119	NA	NA	NA	NA	NA	NA	NA	NA	NA	NA	NA
rs6589988	11	99126016	A	G	0.3358	0.0464	0.0458	1.0131	0.311	4735	Neurofibrillary_Tangles
rs2458167	11	99500748	A	C	0.6773	0.042	0.0461	0.911063	0.363	4735	Neurofibrillary_Tangles
rs7110574	11	107416784	T	C	0.3584	-0.0504	0.046	-1.09565	0.2739	4735	Neurofibrillary_Tangles
rs1064939	NA	NA	NA	NA	NA	NA	NA	NA	NA	NA	NA
rs45457998	11	118492713	A	G	0.031	0.0069	0.1454	0.0474553	0.9624	4735	Neurofibrillary_Tangles
rs647905	11	121534938	C	T	0.5406	-0.0808	0.0445	-1.8157303370786517	0.06972	4735	Neurofibrillary_Tangles
rs12273435	11	133825855	G	A	0.1397	0.0074	0.0692	0.1069364161849711	0.9144	4735	Neurofibrillary_Tangles
rs1440480	11	134290032	A	G	0.6141	-0.045	0.0499	-0.901804	0.3677	4735	Neurofibrillary_Tangles
rs1541463	12	505759	G	A	0.7503	-0.0301	0.0504	-0.5972222222222222	0.5506	4735	Neurofibrillary_Tangles
rs2286729	12	6873818	G	A	0.083	-0.0279	0.0926	-0.30129589632829373	0.7633	4735	Neurofibrillary_Tangles
rs2668370	12	17637631	G	A	0.0775	0.177	0.0876	2.0205479452054793	0.043269999999999996	4735	Neurofibrillary_Tangles
rs1259427	12	31680583	A	G	0.6991	0.0873	0.0471	1.8535	0.06366000000000001	4735	Neurofibrillary_Tangles
rs1167132	12	43484487	C	T	0.3879	0.0287	0.0435	0.6597701149425288	0.5098	4735	Neurofibrillary_Tangles
rs61614746	12	54740214	G	A	0.1041	0.0544	0.0759	0.7167325428194994	0.4735	4735	Neurofibrillary_Tangles
rs324017	12	57487814	A	C	0.6913	0.029	0.0485	0.597938	0.5495	4735	Neurofibrillary_Tangles
rs61921611	12	66367726	T	C	0.3069	0.0032	0.0473	0.0676533	0.9464	4735	Neurofibrillary_Tangles
rs684118	12	70843231	G	A	0.3325	0.0194	0.0462	0.41991341991341996	0.6744	4735	Neurofibrillary_Tangles
rs12310246	12	84700945	G	A	0.248	-0.0332	0.0504	-0.6587301587301587	0.5096	4735	Neurofibrillary_Tangles
rs1222516	12	90770673	C	T	0.5299	0.0013	0.0449	0.028953229398663693	0.9778	4735	Neurofibrillary_Tangles
rs201372	12	99263338	C	T	0.259	0.006999999999999999	0.0566	0.12367491166077738	0.9009	4735	Neurofibrillary_Tangles
rs11113745	12	108517253	C	T	0.6668	-0.0381	0.0499	-0.7635270541082164	0.445	4735	Neurofibrillary_Tangles
rs11113838	12	108755736	G	A	0.2941	0.0359	0.0516	0.6957364341085271	0.4857	4735	Neurofibrillary_Tangles
rs68094047	12	109855201	C	T	0.2547	0.0131	0.0502	0.26095617529880477	0.7945	4735	Neurofibrillary_Tangles
rs4767645	12	118385788	G	T	0.4791	-0.0377	0.047	-0.8021276595744681	0.4227	4735	Neurofibrillary_Tangles
rs11043298	NA	NA	NA	NA	NA	NA	NA	NA	NA	NA	NA
rs28582096	12	123856998	G	A	0.2214	-0.0092	0.0551	-0.16696914700544463	0.8672	4735	Neurofibrillary_Tangles
rs2265211	13	21305022	T	C	0.2959	0.0296	0.0486	0.609053	0.5417	4735	Neurofibrillary_Tangles
rs9532325	13	39678937	C	T	0.7563	-0.0629	0.0537	-1.1713221601489758	0.2418	4735	Neurofibrillary_Tangles
rs9576812	13	40046785	G	A	0.395	-0.0264	0.0452	-0.584070796460177	0.5598	4735	Neurofibrillary_Tangles
rs9527083	13	53991125	G	A	0.6637	0.0013	0.0464	0.028017241379310345	0.9776	4735	Neurofibrillary_Tangles
rs1031654	13	54382035	C	A	0.8023	-4e-4	0.0547	-0.007312614259597807	0.9946	4735	Neurofibrillary_Tangles
rs142412036	NA	NA	NA	NA	NA	NA	NA	NA	NA	NA	NA
rs6562066	13	60532796	T	C	0.6193	0.0457	0.0452	1.01106	0.312	4735	Neurofibrillary_Tangles
rs4619277	NA	NA	NA	NA	NA	NA	NA	NA	NA	NA	NA
rs7989827	13	69857608	T	G	0.4774	0.0203	0.0431	0.47099800000000003	0.6375	4735	Neurofibrillary_Tangles
rs11149313	13	85294881	A	G	0.2823	-0.0056	0.0488	-0.114754	0.9094	4735	Neurofibrillary_Tangles
rs2389631	13	96932868	A	C	0.3419	0.0577	0.0457	1.26258	0.2068	4735	Neurofibrillary_Tangles
rs67159568	NA	NA	NA	NA	NA	NA	NA	NA	NA	NA	NA
rs7492220	13	109732475	A	G	0.581	-0.06	0.045	-1.33333	0.1822	4735	Neurofibrillary_Tangles
rs1536053	13	111982291	C	T	0.3324	-0.0113	0.0476	-0.23739495798319324	0.8126	4735	Neurofibrillary_Tangles
rs35230291	14	21651258	G	A	0.2151	0.0111	0.0722	0.15373961218836565	0.8773	4735	Neurofibrillary_Tangles
rs4981170	14	33412996	A	G	0.8101	0.0654	0.0585	1.11795	0.2641	4735	Neurofibrillary_Tangles
rs34376636	14	41819755	C	T	0.2829	0.068	0.0495	1.3737373737373737	0.1695	4735	Neurofibrillary_Tangles
rs28538732	14	42596275	C	T	0.6298	0.0306	0.0452	0.6769911504424779	0.4981	4735	Neurofibrillary_Tangles
rs55667396	NA	NA	NA	NA	NA	NA	NA	NA	NA	NA	NA
rs35045162	NA	NA	NA	NA	NA	NA	NA	NA	NA	NA	NA
rs12437256	NA	NA	NA	NA	NA	NA	NA	NA	NA	NA	NA
rs1364603	14	80020811	A	G	0.6193	0.0265	0.0451	0.587583	0.5571	4735	Neurofibrillary_Tangles
rs11852064	14	93840352	A	C	0.1228	0.0222	0.0664	0.334337	0.7386	4735	Neurofibrillary_Tangles
rs2693672	NA	NA	NA	NA	NA	NA	NA	NA	NA	NA	NA
rs1190817	14	101229986	T	C	0.2025	-0.0927	0.061	-1.51967	0.1286	4735	Neurofibrillary_Tangles
rs8012775	14	104067809	T	C	0.259	-0.0367	0.0498	-0.736948	0.4608	4735	Neurofibrillary_Tangles
rs77614227	15	36181554	T	G	0.0455	0.2141	0.2575	0.831456	0.4057	4735	Neurofibrillary_Tangles
rs2082845	15	36359579	G	A	0.5079	-0.0714	0.0435	-1.6413793103448278	0.1008	4735	Neurofibrillary_Tangles
rs12912299	15	38897857	C	T	0.4874	-0.0448	0.0449	-0.997772828507795	0.3187	4735	Neurofibrillary_Tangles
rs4300583	15	47211654	A	G	0.3559	-0.0979	0.0453	-2.16115	0.03082	4735	Neurofibrillary_Tangles
rs281223	NA	NA	NA	NA	NA	NA	NA	NA	NA	NA	NA
rs715338	15	57215867	G	A	0.5896	-0.0634	0.0438	-1.447488584474886	0.14800000000000002	4735	Neurofibrillary_Tangles
rs4775400	15	61682079	G	T	0.4993	0.0187	0.0478	0.3912133891213389	0.6955	4735	Neurofibrillary_Tangles
rs11638476	15	67485101	G	A	0.4569	-0.025	0.0437	-0.5720823798627003	0.5678	4735	Neurofibrillary_Tangles
rs1038093	15	74012409	T	C	0.4027	0.0179	0.0445	0.402247	0.6879	4735	Neurofibrillary_Tangles
rs4886867	15	74348374	G	A	0.7867	-0.0741	0.0546	-1.357142857142857	0.1746	4735	Neurofibrillary_Tangles
rs149269688	NA	NA	NA	NA	NA	NA	NA	NA	NA	NA	NA
rs176644	15	89913632	G	T	0.4065	0.0786	0.0456	1.7236842105263157	0.08476	4735	Neurofibrillary_Tangles
rs4702	15	91426560	G	A	0.5487	-0.0287	0.0448	-0.640625	0.5218	4735	Neurofibrillary_Tangles
rs35625885	15	96957969	A	G	0.1317	-0.0521	0.0736	-0.70788	0.4785	4735	Neurofibrillary_Tangles
rs9672549	15	99180105	T	C	0.5358	-0.0353	0.0483	-0.730849	0.4653	4735	Neurofibrillary_Tangles
rs3184470	16	715164	G	A	0.332	0.0189	0.0474	0.3987341772151899	0.69	4735	Neurofibrillary_Tangles
rs62017761	16	6552504	T	G	0.475	0.043	0.0434	0.990783	0.3215	4735	Neurofibrillary_Tangles
rs830716	NA	NA	NA	NA	NA	NA	NA	NA	NA	NA	NA
rs11075260	16	15285027	G	T	0.6943	0.0846	0.0575	1.4713043478260868	0.141	4735	Neurofibrillary_Tangles
rs66674044	NA	NA	NA	NA	NA	NA	NA	NA	NA	NA	NA
rs2106450	16	20915247	T	C	0.7358	-0.0315	0.0501	-0.628743	0.5295	4735	Neurofibrillary_Tangles
rs4788203	16	29978827	G	A	0.4088	-0.1469	0.0455	-3.2285714285714286	0.001259	4735	Neurofibrillary_Tangles
rs1015438	16	51177517	G	A	0.2025	0.1357	0.0553	2.4538878842676306	0.014190000000000001	4735	Neurofibrillary_Tangles
rs4238749	16	52639234	C	A	0.4039	-0.0613	0.0444	-1.3806306306306306	0.1674	4735	Neurofibrillary_Tangles
rs1734202	NA	NA	NA	NA	NA	NA	NA	NA	NA	NA	NA
rs9931543	16	56128782	T	C	0.2731	0.0507	0.05	1.014	0.3107	4735	Neurofibrillary_Tangles
rs113884328	16	61668297	C	A	0.2251	-0.0579	0.0564	-1.0265957446808511	0.304	4735	Neurofibrillary_Tangles
rs67814273	16	62205563	G	A	0.1901	0.0678	0.0594	1.1414141414141414	0.2537	4735	Neurofibrillary_Tangles
rs35322724	16	77137324	C	A	0.5675	-0.0076	0.0439	-0.17312072892938496	0.8622	4735	Neurofibrillary_Tangles
rs7199074	16	83399681	C	A	0.2658	0.0319	0.05	0.6379999999999999	0.5227	4735	Neurofibrillary_Tangles
rs3889228	16	87868527	C	A	0.2683	0.0117	0.0506	0.23122529644268774	0.8174	4735	Neurofibrillary_Tangles
rs62068188	17	2400876	T	C	0.2015	-0.084	0.0727	-1.15543	0.2483	4735	Neurofibrillary_Tangles
rs8066969	17	11197243	A	G	0.2712	-0.0237	0.0506	-0.468379	0.6392	4735	Neurofibrillary_Tangles
rs150164377	NA	NA	NA	NA	NA	NA	NA	NA	NA	NA	NA
rs8081659	17	27213990	C	T	0.4939	-0.0327	0.0453	-0.7218543046357616	0.4703	4735	Neurofibrillary_Tangles
rs140700	17	28543389	C	T	0.0922	-0.0366	0.0751	-0.4873501997336884	0.6264	4735	Neurofibrillary_Tangles
rs7214267	17	43157709	G	A	0.5789	-0.0618	0.044000000000000004	-1.4045454545454543	0.1597	4735	Neurofibrillary_Tangles
rs11650182	17	46272609	A	G	0.0683	0.1769	0.0908	1.94824	0.05139	4735	Neurofibrillary_Tangles
rs9889282	17	50259142	A	C	0.388	0.0345	0.045	0.766667	0.4432	4735	Neurofibrillary_Tangles
rs8066617	17	55210713	A	G	0.3604	-0.0194	0.0488	-0.397541	0.6914	4735	Neurofibrillary_Tangles
rs8076183	17	61024696	C	T	0.44	-0.0079	0.0449	-0.1759465478841871	0.8606	4735	Neurofibrillary_Tangles
rs9911223	17	78912271	G	A	0.3072	-0.0049	0.0474	-0.10337552742616034	0.9181	4735	Neurofibrillary_Tangles
rs8074498	NA	NA	NA	NA	NA	NA	NA	NA	NA	NA	NA
rs1719979	NA	NA	NA	NA	NA	NA	NA	NA	NA	NA	NA
rs11663009	18	5896079	A	G	0.7036	0.0399	0.0567	0.703704	0.4811	4735	Neurofibrillary_Tangles
rs12680	NA	NA	NA	NA	NA	NA	NA	NA	NA	NA	NA
rs11083299	18	26305366	C	T	0.5164	0.0474	0.0437	1.0846681922196795	0.2782	4735	Neurofibrillary_Tangles
rs9710047	18	30859144	C	T	0.8776	0.0561	0.0671	0.8360655737704916	0.4033	4735	Neurofibrillary_Tangles
rs12605642	18	31313965	G	T	0.4884	-0.04	0.0436	-0.9174311926605505	0.358	4735	Neurofibrillary_Tangles
rs10853431	18	31793401	A	G	0.7296	0.036	0.0507	0.710059	0.4778	4735	Neurofibrillary_Tangles
rs11659257	18	42907457	G	A	0.1534	0.1789	0.0621	2.8808373590982286	0.003989	4735	Neurofibrillary_Tangles
rs62097903	18	50531232	A	G	0.4144	-0.0906	0.0445	-2.03596	0.0418	4735	Neurofibrillary_Tangles
rs60565673	18	52906830	T	G	0.3904	0.0079	0.0447	0.176734	0.8605	4735	Neurofibrillary_Tangles
rs9964420	18	56824041	C	A	0.2915	-0.0365	0.0474	-0.770042194092827	0.4411	4735	Neurofibrillary_Tangles
rs35894154	NA	NA	NA	NA	NA	NA	NA	NA	NA	NA	NA
rs35976374	18	76777345	A	C	0.2362	-0.0087	0.0684	-0.127193	0.8987	4735	Neurofibrillary_Tangles
rs151286028	NA	NA	NA	NA	NA	NA	NA	NA	NA	NA	NA
rs10415156	19	1572369	G	A	0.3835	0.0179	0.0519	0.3448940269749518	0.7309	4735	Neurofibrillary_Tangles
rs9749166	19	2666008	C	T	0.3291	0.0736	0.0475	1.5494736842105263	0.1213	4735	Neurofibrillary_Tangles
rs12983032	19	5073447	G	A	0.3383	0.0609	0.047	1.295744680851064	0.1951	4735	Neurofibrillary_Tangles
rs2384991	19	18386634	A	C	0.2535	0.0248	0.0508	0.488189	0.625	4735	Neurofibrillary_Tangles
rs4808950	19	19518889	A	G	0.1724	-0.0445	0.0592	-0.751689	0.4521	4735	Neurofibrillary_Tangles
rs11670844	19	29800673	C	T	0.4013	0.0296	0.0448	0.6607142857142857	0.5088	4735	Neurofibrillary_Tangles
rs6510033	19	30710785	A	G	0.2712	0.0381	0.0508	0.75	0.4529	4735	Neurofibrillary_Tangles
rs8192726	19	41354496	C	A	0.0308	0.2052	0.2307	0.8894668400520156	0.3737	4735	Neurofibrillary_Tangles
rs429358	19	45411941	T	C	0.2645	0.8072	0.067	12.0478	1.9079999999999998e-33	4735	Neurofibrillary_Tangles
rs10420906	19	47755305	G	A	0.3083	0.0309	0.049	0.6306122448979592	0.5276	4735	Neurofibrillary_Tangles
rs908668	19	56134038	C	T	0.2701	-0.0082	0.0492	-0.16666666666666669	0.8679	4735	Neurofibrillary_Tangles
rs3997357	19	59044566	T	C	0.3618	0.0466	0.0455	1.02418	0.3051	4735	Neurofibrillary_Tangles
rs11087635	NA	NA	NA	NA	NA	NA	NA	NA	NA	NA	NA
rs743133	NA	NA	NA	NA	NA	NA	NA	NA	NA	NA	NA
rs78834911	20	16553754	G	A	0.23	0.0273	0.0526	0.5190114068441065	0.6036	4735	Neurofibrillary_Tangles
rs4911534	NA	NA	NA	NA	NA	NA	NA	NA	NA	NA	NA
rs6119267	NA	NA	NA	NA	NA	NA	NA	NA	NA	NA	NA
rs910187	20	45841052	G	A	0.3725	-0.0082	0.0453	-0.18101545253863136	0.8567	4735	Neurofibrillary_Tangles
rs6019663	20	47774512	T	C	0.7122	0.101	0.0491	2.05703	0.03955	4735	Neurofibrillary_Tangles
rs35580017	20	50990908	C	T	0.1381	0.0765	0.0699	1.094420600858369	0.2736	4735	Neurofibrillary_Tangles
rs2296529	NA	NA	NA	NA	NA	NA	NA	NA	NA	NA	NA
rs76145129	20	62670427	G	T	0.2034	-0.0135	0.0573	-0.2356020942408377	0.8139	4735	Neurofibrillary_Tangles
rs2823623	21	17535201	G	A	0.5903	-0.0269	0.0453	-0.5938189845474614	0.552	4735	Neurofibrillary_Tangles
rs10368	21	43305619	C	T	0.2497	-0.0696	0.0526	-1.3231939163498099	0.1861	4735	Neurofibrillary_Tangles
rs2838787	21	46539725	G	A	0.4191	0.0416	0.0438	0.9497716894977168	0.3422	4735	Neurofibrillary_Tangles
rs5762426	22	28371541	C	T	0.2622	-0.092	0.0493	-1.8661257606490873	0.062220000000000004	4735	Neurofibrillary_Tangles
rs59315359	NA	NA	NA	NA	NA	NA	NA	NA	NA	NA	NA
rs11090039	22	41496800	G	A	0.2835	0.016	0.0485	0.32989690721649484	0.7423	4735	Neurofibrillary_Tangles
