SNP	CHROM	POS	REF	ALT	AF	BETA	SE	Z	P	N	TRAIT
rs679515	1	207750568	T	C	0.8192	-0.0491	0.0266	-1.84586	0.06507	738168	Pulse_Pressure
rs6733839	2	127892810	C	T	0.3948	0.027000000000000003	0.0216	1.25	0.2105	736051	Pulse_Pressure
rs34665982	NA	NA	NA	NA	NA	NA	NA	NA	NA	NA	NA
rs114812713	6	41034000	G	C	0.0264	0.0513	0.0667	0.7691154422788606	0.4416	730691	Pulse_Pressure
rs1385742	6	47595155	A	T	0.6489	0.003	0.022000000000000002	0.136364	0.8916	736050	Pulse_Pressure
rs11767557	7	143109139	T	C	0.209	-0.0066	0.0255	-0.258824	0.7957	729908	Pulse_Pressure
rs73223431	8	27219987	C	T	0.3659	0.0036	0.0212	0.16981132075471697	0.8646	738169	Pulse_Pressure
rs867230	8	27468503	C	A	0.592	-0.0295	0.0214	-1.3785046728971964	0.1679	736049	Pulse_Pressure
rs12416487	10	11721057	A	T	0.6508	0.0304	0.0218	1.3945	0.1632	737163	Pulse_Pressure
rs3740688	11	47380340	G	T	0.5463	0.0109	0.0207	0.5265700483091788	0.5967	738170	Pulse_Pressure
rs1582763	11	60021948	G	A	0.3757	0.0176	0.0212	0.8301886792452831	0.4066	738169	Pulse_Pressure
rs3851179	11	85868640	T	C	0.6299	-0.0139	0.0211	-0.658768	0.5116	738170	Pulse_Pressure
rs11218343	11	121435587	T	C	0.0388	0.0128	0.0534	0.2397	0.8107	738168	Pulse_Pressure
rs12590654	14	92938855	G	A	0.3415	-0.0174	0.0219	-0.7945205479452054	0.4269	744813	Pulse_Pressure
rs12151021	19	1050874	A	G	0.6782	-0.0108	0.0229	-0.471616	0.6377	718614	Pulse_Pressure
rs111358663	19	45196958	T	A	0.0152	-0.2169	0.0924	-2.347402597402598	0.01896	718509	Pulse_Pressure
rs4803765	NA	NA	NA	NA	NA	NA	NA	NA	NA	NA	NA
rs12972156	19	45387459	C	G	0.1477	0.1471	0.0298	4.93624	8.184000000000001e-7	730528	Pulse_Pressure
rs117310449	NA	NA	NA	NA	NA	NA	NA	NA	NA	NA	NA
rs73033507	NA	NA	NA	NA	NA	NA	NA	NA	NA	NA	NA
rs114533385	NA	NA	NA	NA	NA	NA	NA	NA	NA	NA	NA
rs139995984	NA	NA	NA	NA	NA	NA	NA	NA	NA	NA	NA
