SNP	CHROM	POS	REF	ALT	AF	BETA	SE	Z	P	N	TRAIT
rs1180331	1	40012184	G	A	0.458151	-0.0131	0.0079	-1.6582278481012658	0.09539	572816	Type_2_Diabetes
rs556204	1	57595583	G	C	0.159499	0.0029	0.0105	0.27619047619047615	0.7868	578276	Type_2_Diabetes
rs2002058	1	58561329	C	T	0.190028	-0.0018	0.0092	-0.1956521739130435	0.8416	595849	Type_2_Diabetes
rs7549825	1	98554409	A	G	0.302623	-0.0126	0.0085	-1.4823529411764704	0.1369	570833	Type_2_Diabetes
rs7531555	1	196929310	C	T	0.229851	-6e-4	0.0093	-0.06451612903225806	0.9445	573447	Type_2_Diabetes
rs6738528	2	27149258	T	A	0.390617	-0.015	0.008	-1.875	0.06242999999999999	571535	Type_2_Diabetes
rs3770776	2	37150793	A	G	0.420401	-0.0222	0.008	-2.775	0.0052640000000000004	570777	Type_2_Diabetes
rs533577	3	39489651	C	T	0.494902	-0.0195	0.0077	-2.5324675324675323	0.01192	577345	Type_2_Diabetes
rs2636563	3	183939044	G	C	0.237679	0.0035	0.0092	0.3804347826086957	0.7008	568833	Type_2_Diabetes
rs7657284	4	39688694	A	C	0.248541	0.0089	0.0091	0.978021978021978	0.3288	571133	Type_2_Diabetes
rs7683042	4	46999235	A	G	0.403647	-0.0029	0.008	-0.3625	0.7174	567314	Type_2_Diabetes
rs35021943	4	121643239	A	C	0.247346	-0.0116	0.0091	-1.2747252747252746	0.2038	568040	Type_2_Diabetes
rs40565	5	55828636	C	T	0.818697	0.0248	0.01	2.48	0.01335	579347	Type_2_Diabetes
rs2744449	6	52951185	G	C	0.904408	-0.0025	0.0133	-0.18797	0.8506	572787	Type_2_Diabetes
rs6961970	7	113901132	C	A	0.243851	-0.0138	0.0094	-1.4680851063829787	0.14300000000000002	569755	Type_2_Diabetes
rs724265	8	8219182	G	A	0.626833	0.0188	0.0084	2.2381	0.024990000000000002	562126	Type_2_Diabetes
rs3200031	8	26227484	C	T	0.0765307	-0.0073	0.0148	-0.4932432432432432	0.6191	570142	Type_2_Diabetes
rs7824177	8	110585288	A	G	0.159054	0.0132	0.0106	1.2452830188679245	0.2127	576435	Type_2_Diabetes
rs35025323	10	97089991	T	C	0.117078	0.0011	0.0122	0.09016393442622951	0.9298	571894	Type_2_Diabetes
rs7957460	12	32945835	G	A	0.678487	0.0165	0.0084	1.96429	0.04954	573102	Type_2_Diabetes
rs4772440	13	102712476	C	T	0.415759	0.0156	0.0084	1.8571428571428572	0.06308	561995	Type_2_Diabetes
rs1742401	16	1971601	G	A	0.37852	-0.005	0.0081	-0.617283950617284	0.5372	572914	Type_2_Diabetes
rs5756894	22	38450136	C	A	0.60178	0.0106	0.008	1.325	0.188	571235	Type_2_Diabetes
rs11692435	NA	NA	NA	NA	NA	NA	NA	NA	NA	NA	NA
rs11708974	NA	NA	NA	NA	NA	NA	NA	NA	NA	NA	NA
rs10016059	NA	NA	NA	NA	NA	NA	NA	NA	NA	NA	NA
rs13107325	NA	NA	NA	NA	NA	NA	NA	NA	NA	NA	NA
rs194833	NA	NA	NA	NA	NA	NA	NA	NA	NA	NA	NA
rs12543282	NA	NA	NA	NA	NA	NA	NA	NA	NA	NA	NA
rs4296031	NA	NA	NA	NA	NA	NA	NA	NA	NA	NA	NA
rs12815451	NA	NA	NA	NA	NA	NA	NA	NA	NA	NA	NA
rs1558801	NA	NA	NA	NA	NA	NA	NA	NA	NA	NA	NA
rs734957	NA	NA	NA	NA	NA	NA	NA	NA	NA	NA	NA
rs11656696	NA	NA	NA	NA	NA	NA	NA	NA	NA	NA	NA
rs7215205	NA	NA	NA	NA	NA	NA	NA	NA	NA	NA	NA
rs2316766	NA	NA	NA	NA	NA	NA	NA	NA	NA	NA	NA
rs117826338	NA	NA	NA	NA	NA	NA	NA	NA	NA	NA	NA
rs3816046	NA	NA	NA	NA	NA	NA	NA	NA	NA	NA	NA
rs5994871	NA	NA	NA	NA	NA	NA	NA	NA	NA	NA	NA
