$`Main MR results`
       Exposure       MR Analysis Causal Estimate          Sd    T-stat
1 beta.exposure               Raw     0.002487252 0.002244691 1.1080601
2 beta.exposure Outlier-corrected     0.001619250 0.002169810 0.7462637
    P-value
1 0.2700704
2 0.4569923

$`MR-PRESSO results`
$`MR-PRESSO results`$`Global Test`
$`MR-PRESSO results`$`Global Test`$RSSobs
[1] 164.8016

$`MR-PRESSO results`$`Global Test`$Pvalue
[1] 0.0056


$`MR-PRESSO results`$`Outlier Test`
          RSSobs Pvalue
1   3.235377e-09      1
2   2.413831e-09      1
3   1.207359e-07      1
4   2.084746e-07      1
5   9.895204e-07      1
6   4.957803e-08      1
7   9.080435e-07      1
8   4.046738e-09      1
9   5.696887e-08      1
10  1.522439e-06      1
11  2.999150e-07      1
12  2.003272e-09      1
13  6.834741e-09      1
14  9.581918e-08      1
15  1.335355e-05      1
16  3.476419e-06      1
17  2.360804e-06      1
18  2.769760e-07      1
19  4.007716e-07      1
20  8.712996e-08      1
21  1.392498e-07      1
22  9.383972e-07      1
23  2.016490e-08      1
24  1.859237e-08      1
25  2.187388e-06      1
26  2.716674e-06      1
27  6.127346e-08      1
28  1.203803e-06      1
29  7.998247e-07      1
30  8.358095e-07      1
31  4.205400e-07      1
32  5.603356e-07      1
33  9.117521e-06  0.024
34  1.753157e-06      1
35  8.701664e-07      1
36  4.208573e-08      1
37  1.657932e-09      1
38  1.351493e-07      1
39  1.166356e-07      1
40  1.585109e-06      1
41  1.494288e-06      1
42  9.415698e-07      1
43  3.044474e-07      1
44  9.920486e-07      1
45  2.404487e-07      1
46  6.618864e-06      1
47  5.072317e-06      1
48  3.617489e-08      1
49  4.193322e-07      1
50  6.836549e-07      1
51  4.639912e-07      1
52  2.146174e-06      1
53  6.890785e-06      1
54  2.990025e-07      1
55  7.575817e-07      1
56  1.760131e-08      1
57  2.556696e-06      1
58  1.213525e-06      1
59  2.143553e-07      1
60  1.300832e-06      1
61  3.262833e-06      1
62  8.072904e-08      1
63  2.582115e-07      1
64  1.455254e-08      1
65  2.428280e-07      1
66  2.117294e-06      1
67  1.239284e-08      1
68  7.430395e-07      1
69  2.287711e-07      1
70  1.834017e-06      1
71  4.148254e-07      1
72  3.245341e-08      1
73  1.322978e-06      1
74  2.316077e-06      1
75  3.798609e-06      1
76  4.435804e-08      1
77  8.556661e-06  0.408
78  3.985488e-10      1
79  6.076330e-08      1
80  3.578357e-07      1
81  4.163226e-07      1
82  5.627269e-07      1
83  4.952714e-07      1
84  1.540437e-06      1
85  1.334381e-06      1
86  2.179894e-06      1
87  1.564346e-06      1
88  2.060513e-07      1
89  3.920100e-07      1
90  4.153628e-07      1
91  1.621528e-07      1
92  8.042473e-06      1
93  6.240475e-06    0.6
94  2.589874e-07      1
95  4.926761e-08      1
96  1.278703e-07      1
97  9.676540e-08      1
98  3.128037e-10      1
99  2.782931e-06      1
100 2.850386e-06      1
101 9.133147e-09      1
102 1.825900e-08      1
103 9.889013e-08      1
104 5.634341e-08      1
105 2.161423e-07      1
106 7.865660e-07      1
107 2.719183e-06      1
108 1.140606e-06      1
109 1.845352e-06      1
110 8.479878e-08      1
111 4.369543e-06      1
112 4.898844e-06      1
113 1.312557e-06      1
114 5.353160e-07      1
115 1.314795e-06      1
116 1.734927e-06      1
117 4.698701e-10      1
118 2.375816e-06      1
119 9.998850e-08      1
120 7.025615e-06      1

$`MR-PRESSO results`$`Distortion Test`
$`MR-PRESSO results`$`Distortion Test`$`Outliers Indices`
[1] 33

$`MR-PRESSO results`$`Distortion Test`$`Distortion Coefficient`
beta.exposure 
     53.60516 

$`MR-PRESSO results`$`Distortion Test`$Pvalue
[1] 0.4255



