$`Main MR results`
       Exposure       MR Analysis Causal Estimate          Sd    T-stat
1 beta.exposure               Raw     0.002212185 0.002337090 0.9465551
2 beta.exposure Outlier-corrected     0.001244852 0.002207159 0.5640066
    P-value
1 0.3467159
2 0.5743474

$`MR-PRESSO results`
$`MR-PRESSO results`$`Global Test`
$`MR-PRESSO results`$`Global Test`$RSSobs
[1] 109.4114

$`MR-PRESSO results`$`Global Test`$Pvalue
[1] 0.0254


$`MR-PRESSO results`$`Outlier Test`
         RSSobs  Pvalue
1  2.561002e-09       1
2  2.257153e-07       1
3  9.699946e-07       1
4  5.358244e-08       1
5  3.203220e-09       1
6  6.035821e-08       1
7  1.543909e-06       1
8  8.239478e-10       1
9  9.191506e-09       1
10 1.022879e-07       1
11 1.276320e-05       1
12 2.386166e-06       1
13 2.633818e-07       1
14 9.433141e-08       1
15 1.335303e-07       1
16 2.164665e-06       1
17 1.183351e-06       1
18 7.702133e-07       1
19 8.543184e-07       1
20 4.284746e-07       1
21 9.230239e-06 <0.0081
22 3.749112e-08       1
23 6.308558e-10       1
24 1.145709e-07       1
25 1.640324e-06       1
26 1.518129e-06       1
27 9.118195e-07       1
28 3.106854e-07       1
29 1.017880e-06       1
30 2.534280e-07       1
31 6.554621e-06    0.81
32 5.256264e-06       1
33 3.256160e-08       1
34 6.989054e-07       1
35 4.526874e-07       1
36 6.948278e-06  0.6642
37 1.967767e-08       1
38 2.467559e-06       1
39 1.273259e-06       1
40 3.231425e-06       1
41 7.571005e-08       1
42 2.697470e-07       1
43 1.680360e-08       1
44 2.552679e-07       1
45 1.470065e-08       1
46 2.106877e-07       1
47 4.234356e-07       1
48 2.939793e-08       1
49 2.348280e-06       1
50 3.939636e-08       1
51 8.324861e-10       1
52 4.247555e-07       1
53 4.810048e-07       1
54 1.558641e-06       1
55 2.157851e-06       1
56 4.031151e-07       1
57 3.749704e-07       1
58 1.536822e-07       1
59 6.177799e-06   0.405
60 2.700140e-07       1
61 5.333182e-08       1
62 8.963052e-08       1
63 4.108831e-10       1
64 2.762108e-06       1
65 3.106261e-06       1
66 5.450574e-09       1
67 2.029222e-08       1
68 1.052193e-07       1
69 4.948192e-08       1
70 2.098399e-07       1
71 8.145827e-07       1
72 1.184705e-06       1
73 7.924651e-08       1
74 4.338574e-06  0.7776
75 4.948185e-06       1
76 1.284101e-06       1
77 5.476407e-07       1
78 6.525158e-11       1
79 2.398994e-06       1
80 7.990568e-08       1
81 6.924942e-06       1

$`MR-PRESSO results`$`Distortion Test`
$`MR-PRESSO results`$`Distortion Test`$`Outliers Indices`
[1] 21

$`MR-PRESSO results`$`Distortion Test`$`Distortion Coefficient`
beta.exposure 
     77.70661 

$`MR-PRESSO results`$`Distortion Test`$Pvalue
[1] 0.3243



