$`Main MR results`
       Exposure       MR Analysis Causal Estimate        Sd    T-stat   P-value
1 beta.exposure               Raw     -0.13020858 0.1073121 -1.213364 0.2251898
2 beta.exposure Outlier-corrected     -0.08582245 0.1031778 -0.831792 0.4056644

$`MR-PRESSO results`
$`MR-PRESSO results`$`Global Test`
$`MR-PRESSO results`$`Global Test`$RSSobs
[1] 1619.497

$`MR-PRESSO results`$`Global Test`$Pvalue
[1] 0.0008266667


$`MR-PRESSO results`$`Outlier Test`
           RSSobs              Pvalue
1    6.547965e-03                   1
2    1.219108e-04                   1
3    1.299022e-03                   1
4    2.316957e-04                   1
5    6.876209e-03                   1
6    1.381810e-03                   1
7    5.535899e-04                   1
8    1.749924e-03                   1
9    1.071468e+01                   1
10   1.607833e-03                   1
11   1.247331e-03                   1
12   1.639790e-03                   1
13   2.788076e-03                   1
14   9.904721e-04                   1
15   7.819774e-04                   1
16   2.332016e-04                   1
17   3.691392e-03                   1
18   1.671551e-02                   1
19   2.895536e-03                   1
20   2.344845e-03                   1
21   6.201389e-05                   1
22   5.402049e-04                   1
23   6.315934e-04                   1
24   1.007592e-03                   1
25   1.192220e-03                   1
26   1.794363e-02                   1
27   9.692061e-05                   1
28   5.939724e-04                   1
29   1.285780e-02                   1
30   3.382389e-04                   1
31   2.675868e-03                   1
32   4.345018e-03                   1
33   7.839068e-05                   1
34   3.163577e-04                   1
35   1.177403e-03                   1
36   6.338108e-05                   1
37   1.497926e-03                   1
38   7.072368e-03                   1
39   5.497551e-07                   1
40   2.343628e-03                   1
41   1.085288e-05                   1
42   1.645970e-03                   1
43   8.108995e-04                   1
44   1.095748e-04                   1
45   2.523974e-04                   1
46   3.242244e-03                   1
47   7.069073e-04                   1
48   5.867042e-05                   1
49   1.534197e-03                   1
50   6.102227e-04                   1
51   3.071915e-03                   1
52   8.819145e-04                   1
53   2.217304e-05                   1
54   1.335294e-02                   1
55   1.645647e-04                   1
56   7.533836e-04                   1
57   1.147348e-03                   1
58   2.405987e-03                   1
59   4.627469e-04                   1
60   1.542083e-03                   1
61   5.855633e-04                   1
62   2.874861e-06                   1
63   4.367840e-04                   1
64   5.928847e-04                   1
65   1.216314e-03                   1
66   2.429972e-02                   1
67   1.016690e-03                   1
68   7.512899e-04                   1
69   6.021316e-03                   1
70   1.452888e-03                   1
71   6.757950e-04                   1
72   7.366420e-03                   1
73   2.068247e-04                   1
74   3.958404e-05                   1
75   2.435352e-03                   1
76   1.041029e-02                   1
77   6.632780e-04                   1
78   7.101101e-03                   1
79   2.117535e-04                   1
80   2.413870e-03                   1
81   1.683105e-07                   1
82   8.184587e-04                   1
83   1.084866e-06                   1
84   1.145405e-02                   1
85   1.054183e-04                   1
86   1.338734e-08                   1
87   5.989357e-03                   1
88   1.580729e-03                   1
89   9.001949e-04                   1
90   4.427484e-04                   1
91   1.796961e-02                   1
92   5.766761e-03                   1
93   6.927251e-05                   1
94   1.798346e-03                   1
95   1.379458e-04                   1
96   7.013861e-03                   1
97   1.301046e-02                   1
98   7.611295e-04                   1
99   1.417859e-03                   1
100  2.282121e+00                   1
101  9.798278e-04                   1
102  2.287222e-03                   1
103  5.060871e-03                   1
104  6.539552e-04                   1
105  1.237977e-03                   1
106  1.654031e-03                   1
107  1.014994e-05                   1
108  2.042758e-03                   1
109  8.600257e-03                   1
110  2.035857e-03                   1
111  6.377298e-05                   1
112  3.727369e-03                   1
113  1.313906e-05                   1
114  1.046338e-05                   1
115  1.690463e-07                   1
116  1.373060e-03                   1
117  6.466694e-08                   1
118  7.895185e-04                   1
119  8.071946e-04                   1
120  1.993493e-03                   1
121  7.740797e-05                   1
122  1.234844e-05                   1
123  1.845495e-05                   1
124  7.418138e-04                   1
125  1.488087e-03                   1
126  2.161559e-04                   1
127  1.006348e-02                   1
128  1.963477e-04                   1
129  4.271325e-04                   1
130  1.098914e-02                   1
131  3.641162e-07                   1
132  3.886232e-04                   1
133  4.400487e-04                   1
134  3.550481e-05                   1
135  7.094678e-05                   1
136  2.063118e-03                   1
137  8.450894e-03                   1
138  6.145308e-03                   1
139  2.536786e-04                   1
140  8.153492e-05                   1
141  1.019577e-04                   1
142  1.437902e-04                   1
143  1.322667e-04                   1
144  7.031629e-04                   1
145  1.674844e-04                   1
146  8.037490e-04                   1
147  6.246279e-04                   1
148  7.362932e-04                   1
149  6.609618e-05                   1
150  2.503722e-03                   1
151  9.173007e-04                   1
152  6.565423e-05                   1
153  8.239745e-06                   1
154  6.761426e-04                   1
155  5.057523e-04                   1
156  6.833552e-04                   1
157  1.168068e-04                   1
158  9.420796e-06                   1
159  1.015959e-02                   1
160  3.744038e-03                   1
161  4.431297e-05                   1
162  4.579548e-03                   1
163  5.096852e-04                   1
164  8.295586e-03                   1
165  6.615577e-04                   1
166  8.319952e-04                   1
167  6.823317e-04                   1
168  1.295921e-04                   1
169  9.654073e-05                   1
170  4.277731e-03                   1
171  1.298283e-04                   1
172  2.405713e-02                   1
173  1.992477e-02                   1
174  1.246841e-02                   1
175  4.589915e-04                   1
176  4.819931e-04                   1
177  1.576396e-03                   1
178  3.449022e-05                   1
179  3.488479e-06                   1
180  2.854702e-03                   1
181  1.245179e-03                   1
182  3.986967e-05                   1
183  3.084293e-03                   1
184  2.143390e-06                   1
185  1.784812e-04                   1
186  8.489682e-04                   1
187  3.151142e-03                   1
188  3.524936e-05                   1
189  4.286731e-05                   1
190  1.402157e-03                   1
191  1.618513e-03                   1
192  1.854687e-02                   1
193  3.393536e-03                   1
194  2.902733e-05                   1
195  2.978843e-03                   1
196  3.055049e-03                   1
197  4.857655e-04                   1
198  1.631340e-03                   1
199  6.424070e-03                   1
200  1.440418e-03                   1
201  3.636733e-04                   1
202  1.125163e-02                   1
203  2.629637e-03                   1
204  1.206843e-03                   1
205  3.321418e-04                   1
206  5.744122e-03                   1
207  1.330866e-03                   1
208  2.841903e-03                   1
209  2.976969e-03                   1
210  1.593724e-03                   1
211  1.453716e-03                   1
212  1.217169e-02                   1
213  3.875336e-03                   1
214  8.034545e-05                   1
215  2.081256e-03                   1
216  5.630207e-03                   1
217  7.946176e-03                   1
218  1.253092e-04                   1
219  4.909489e-03                   1
220  3.922134e-04                   1
221  4.405912e-03                   1
222  4.952584e-05                   1
223  4.165373e-05                   1
224  3.608334e-04                   1
225  4.486386e-04                   1
226  8.695827e-04                   1
227  8.366066e-04                   1
228  5.749707e-04                   1
229  1.845168e-04                   1
230  3.726647e-03                   1
231  3.053883e-03                   1
232  1.822109e-06                   1
233  1.189268e-06                   1
234  1.426814e-04                   1
235  3.763370e-05                   1
236  3.583315e-03                   1
237  2.797024e-03                   1
238  6.998257e-04                   1
239  4.000864e-03                   1
240  2.664487e-03                   1
241  2.317722e-03                   1
242  2.131340e-04                   1
243  9.155078e-04                   1
244  5.194016e-05                   1
245  1.220547e-01                   1
246  3.898379e-05                   1
247  1.216198e-03                   1
248  2.587069e-02                   1
249  4.110702e-04                   1
250  9.887395e-06                   1
251  5.889265e-03                   1
252  6.385948e-03                   1
253  8.026826e-03                   1
254  6.363013e-03                   1
255  1.279550e-03                   1
256  1.455501e-02                   1
257  6.023778e-03                   1
258  2.426764e-03                   1
259  2.803336e-05                   1
260  3.016295e-02                   1
261  6.639563e-03                   1
262  6.336470e-03                   1
263  2.427667e-03                   1
264  6.642917e-06                   1
265  5.727522e-03                   1
266  1.575487e-03                   1
267  5.447629e-03                   1
268  4.256198e-03                   1
269  1.144301e-03                   1
270  3.013925e-04                   1
271  6.264430e-03                   1
272  2.017367e-06                   1
273  2.836947e-03                   1
274  1.817289e-03                   1
275  3.312290e-04                   1
276  4.610166e-03                   1
277  2.599038e-05                   1
278  1.340000e-05                   1
279  2.663652e-03                   1
280  1.204158e-03                   1
281  2.013385e-04                   1
282  5.533604e-03                   1
283  1.492511e-02                   1
284  8.306014e-05                   1
285  2.654361e-02                   1
286  1.263463e-03                   1
287  3.556442e-04                   1
288  4.273108e-03                   1
289  1.646039e-04                   1
290  2.416717e-03                   1
291  2.321747e-02                   1
292  8.652926e-03                   1
293  1.284251e-03                   1
294  4.608927e-03                   1
295  1.599642e-03                   1
296  2.837861e-02   0.883813333333333
297  7.843798e-03                   1
298  5.062693e-03                   1
299  5.535586e-04                   1
300  3.462115e-03                   1
301  2.829110e-03                   1
302  1.309489e-03                   1
303  1.406147e-04                   1
304  1.230617e-03                   1
305  1.845469e-02                   1
306  8.913513e-04                   1
307  9.988730e-03                   1
308  8.516737e-03                   1
309  1.732061e-04                   1
310  9.305636e-05                   1
311  9.363492e-06                   1
312  1.127937e-02                   1
313  5.910103e-03                   1
314  1.558353e-03                   1
315  2.131920e-04                   1
316  1.087506e-02                   1
317  6.296082e-04                   1
318  3.432731e-03                   1
319  1.208036e-03                   1
320  2.815093e-03                   1
321  1.753727e-04                   1
322  5.296251e-03                   1
323  7.347136e-04                   1
324  3.067731e-03                   1
325  3.205077e-03                   1
326  1.641639e-05                   1
327  1.483339e-05                   1
328  1.464840e-03                   1
329  1.157611e-06                   1
330  3.309415e-04                   1
331  1.014815e-02                   1
332  2.834606e-04                   1
333  3.901765e-03                   1
334  1.899874e-04                   1
335  1.803877e-04                   1
336  4.670247e-05                   1
337  9.955454e-04                   1
338  3.824404e-03                   1
339  3.925933e-03                   1
340  2.750525e-03                   1
341  1.405533e-03                   1
342  2.308261e-04                   1
343  3.430438e-03                   1
344  2.394351e-03                   1
345  1.421273e-03                   1
346  1.229877e-03                   1
347  1.573332e-03                   1
348  4.165169e-03                   1
349  8.826917e-03                   1
350  4.312104e-03                   1
351  1.516536e-02                   1
352  7.551010e-03                   1
353  1.064378e-04                   1
354  4.490480e-05                   1
355  6.995505e-04                   1
356  1.212130e-03                   1
357  1.836785e-03                   1
358  4.228713e-07                   1
359  1.534577e-02                   1
360  4.216953e-03                   1
361  1.328542e-03                   1
362  3.302411e-03                   1
363  1.371943e-02                   1
364  9.852906e-06                   1
365  2.368982e-03                   1
366  2.412191e-04                   1
367  4.973212e-03                   1
368  2.725110e-03                   1
369  8.426248e-04                   1
370  1.807527e-04                   1
371  1.493839e-03                   1
372  2.543979e-03                   1
373  1.305640e-03                   1
374  2.494896e-03                   1
375  1.155313e-02                   1
376  5.783133e-05                   1
377  1.729599e-02                   1
378  2.758302e-03                   1
379  3.789918e-06                   1
380  4.049544e-05                   1
381  2.757233e-02                   1
382  1.887250e-05                   1
383  2.214512e-03                   1
384  3.079594e-03                   1
385  1.106178e-03                   1
386  6.362358e-03                   1
387  5.562736e-03                   1
388  1.440081e-02                   1
389  8.232491e-04                   1
390  9.498259e-04                   1
391  7.377423e-03                   1
392  5.986238e-06                   1
393  4.010306e-03                   1
394  1.568233e-03                   1
395  4.152668e-03                   1
396  3.166102e-05                   1
397  2.424929e-03                   1
398  4.063412e-03                   1
399  2.148546e-03                   1
400  2.452530e-04                   1
401  4.886920e-03                   1
402  5.014369e-04                   1
403  1.261305e-05                   1
404  1.564240e-02                   1
405  2.327865e-03                   1
406  6.592651e-05                   1
407  5.946336e-05                   1
408  2.068768e-04                   1
409  1.211355e-03                   1
410  9.253330e-03                   1
411  1.255458e-03                   1
412  4.638479e-02                   1
413  5.789260e-04                   1
414  5.691523e-04                   1
415  3.355582e-03                   1
416  1.994070e-03                   1
417  2.392213e-03                   1
418  2.441619e-03                   1
419  1.773018e-03                   1
420  3.175521e-03                   1
421  6.902147e-04                   1
422  1.428081e-03                   1
423  2.871093e-03                   1
424  2.514158e-06                   1
425  4.726714e-03                   1
426  8.466349e-04                   1
427  5.672578e-03                   1
428  2.689940e-03                   1
429  2.588398e-05                   1
430  3.422262e-03                   1
431  2.182069e-04                   1
432  2.952535e-04                   1
433  3.041604e-03                   1
434  9.547945e-03                   1
435  5.852610e-03                   1
436  3.942915e-03                   1
437  3.159161e-04                   1
438  9.295962e-04                   1
439  1.093433e-03                   1
440  2.019461e-02                   1
441  6.201326e-04                   1
442  8.125517e-03                   1
443  3.175918e-05                   1
444  2.070426e-04                   1
445  2.323316e-03                   1
446  1.268166e-03                   1
447  8.185015e-03                   1
448  1.659692e-03                   1
449  1.417145e-03                   1
450  1.377723e-04                   1
451  6.598275e-05                   1
452  5.080991e-04                   1
453  3.189312e-04                   1
454  8.308064e-03                   1
455  9.613291e-03                   1
456  1.899651e-03                   1
457  6.513667e-04                   1
458  3.127002e-03                   1
459  3.887320e-03                   1
460  1.955356e-03                   1
461  3.294752e-04                   1
462  2.305039e-03                   1
463  5.541828e-05                   1
464  5.360844e-05                   1
465  9.389770e-05                   1
466  3.593313e-03                   1
467  1.510624e-03                   1
468  1.429947e-03                   1
469  8.144641e-07                   1
470  1.501277e-03                   1
471  2.028567e-05                   1
472  3.411352e-03                   1
473  2.472575e-03                   1
474  4.205986e-03                   1
475  3.460868e-03                   1
476  6.295384e-02                   1
477  4.135850e-03                   1
478  4.389812e-02                   1
479  6.224016e-04                   1
480  1.068691e-02                   1
481  2.456521e-04                   1
482  1.240676e-02                   1
483  9.404050e-03                   1
484  3.434758e-03                   1
485  1.006118e-02                   1
486  2.334429e-03                   1
487  9.893006e-03                   1
488  4.365195e-03                   1
489  2.726475e-03                   1
490  2.406722e-03                   1
491  7.035212e-04                   1
492  1.253030e-03                   1
493  2.176296e-04                   1
494  1.513657e-04                   1
495  4.016589e-03                   1
496  2.429362e-02                   1
497  6.504229e-07                   1
498  8.736184e-05                   1
499  4.186038e-03                   1
500  3.070378e-03                   1
501  7.338568e-03                   1
502  6.340667e-02                   1
503  3.043478e-03                   1
504  2.209194e-02                   1
505  2.231835e-03                   1
506  5.284557e-03                   1
507  9.322767e-03                   1
508  2.408789e-05                   1
509  9.010813e-03                   1
510  9.292070e-04                   1
511  1.299726e-03                   1
512  4.832721e-03                   1
513  4.244418e-06                   1
514  2.111025e-03                   1
515  1.384046e-04                   1
516  1.156295e-02                   1
517  2.772521e-04                   1
518  7.949606e-03                   1
519  5.126169e-03                   1
520  7.077661e-02                   1
521  1.871124e-06                   1
522  3.146728e-06                   1
523  7.892363e-05                   1
524  2.379925e-03                   1
525  6.441295e-03                   1
526  9.602175e-04                   1
527  2.538593e-04                   1
528  6.124653e-03                   1
529  5.290114e-04                   1
530  2.822703e-03                   1
531  6.834710e-05                   1
532  5.368323e-03                   1
533  5.179046e-04                   1
534  2.979813e-03                   1
535  1.295974e-04                   1
536  1.258241e-02                   1
537  1.999705e-05                   1
538  1.822817e-02                   1
539  9.927738e-03                   1
540  6.057800e-04                   1
541  1.880815e-04                   1
542  1.157282e-03                   1
543  1.632784e-03                   1
544  2.003323e-03                   1
545  2.159112e-03                   1
546  5.872186e-04                   1
547  2.285322e-03                   1
548  5.702898e-04                   1
549  6.168121e-03                   1
550  1.335924e-03                   1
551  1.187327e-02                   1
552  1.032052e-03                   1
553  1.421730e-04                   1
554  3.821564e-04                   1
555  2.938853e-04                   1
556  7.579990e-04                   1
557  6.995707e-03                   1
558  4.464749e-03                   1
559  4.460556e-04                   1
560  2.795103e-04                   1
561  7.649144e-04                   1
562  3.370503e-03                   1
563  1.310378e-03                   1
564  8.444320e-04                   1
565  6.344580e-05                   1
566  1.605247e-02                   1
567  2.713081e-03                   1
568  1.260879e-04                   1
569  5.732518e-03                   1
570  3.985101e-03                   1
571  4.208049e-05                   1
572  3.644259e-03                   1
573  9.507811e-05                   1
574  1.268155e-03                   1
575  2.112981e-03                   1
576  2.077909e-03                   1
577  4.810542e-05                   1
578  3.717035e-04                   1
579  6.846672e-04                   1
580  5.630824e-04                   1
581  2.160659e-03                   1
582  1.996034e-03                   1
583  2.873469e-04                   1
584  1.642209e-03                   1
585  7.444142e-04                   1
586  9.607111e-06                   1
587  7.818636e-03                   1
588  3.663417e-04                   1
589  3.404551e-04                   1
590  1.612034e-03                   1
591  1.440641e-05                   1
592  5.917844e-03                   1
593  3.651973e-05                   1
594  8.035453e-03                   1
595  1.868292e-03                   1
596  8.067541e-04                   1
597  6.135878e-03                   1
598  8.140774e-03                   1
599  4.431561e-05                   1
600  1.527085e-03                   1
601  5.602094e-04                   1
602  3.036848e-03                   1
603  2.059235e-03                   1
604  3.453415e-04                   1
605  4.126599e-03                   1
606  1.663238e-03                   1
607  1.117496e-03                   1
608  6.539966e-03                   1
609  4.001899e-05                   1
610  2.030575e-03                   1
611  2.741015e-03                   1
612  1.202531e-04                   1
613  1.807070e-03                   1
614  4.886600e-04                   1
615  9.808682e-04                   1
616  9.212917e-03                   1
617  3.247881e-03                   1
618  2.670809e-03                   1
619  2.278246e-03                   1
620  2.498371e-02                   1
621  2.073461e-01                   1
622  2.398286e-03                   1
623  7.987954e-05                   1
624  3.359991e-03                   1
625  5.869904e-04                   1
626  1.346239e-03                   1
627  1.382619e-03                   1
628  4.817306e-04                   1
629  3.979488e-06                   1
630  6.797177e-06                   1
631  2.164632e-03                   1
632  1.713714e-03                   1
633  2.900182e-06                   1
634  1.255626e-03                   1
635  1.735475e-03                   1
636  1.503768e-03                   1
637  7.726592e-03                   1
638  1.690870e-03                   1
639  2.826284e-02                   1
640  5.148986e-04                   1
641  1.000124e-02                   1
642  3.396002e-04                   1
643  2.261619e-03                   1
644  1.830066e-02                   1
645  7.903435e-05                   1
646  5.386096e-03                   1
647  4.177185e-04                   1
648  3.602151e-03                   1
649  8.469938e-04                   1
650  1.165201e-03                   1
651  5.011664e-04                   1
652  2.323021e-03                   1
653  1.393770e-03                   1
654  6.360720e-04                   1
655  4.725919e-03                   1
656  1.723472e-05                   1
657  1.485490e-03                   1
658  9.227451e-04                   1
659  9.752019e-04                   1
660  5.110467e-04                   1
661  2.982698e-03                   1
662  3.000505e-03                   1
663  1.018731e-04                   1
664  2.685274e-04                   1
665  6.067176e-03                   1
666  5.136105e-03                   1
667  1.165480e-02                   1
668  5.662924e-03                   1
669  6.704127e-04                   1
670  1.274618e-04                   1
671  2.016480e-03                   1
672  1.074385e-05                   1
673  2.192018e-05                   1
674  7.979479e-03                   1
675  6.699995e-04                   1
676  1.658366e-02                   1
677  7.291946e-04                   1
678  6.298923e-03                   1
679  3.278463e-03                   1
680  3.732165e-04                   1
681  3.233525e-03                   1
682  1.070791e-04                   1
683  6.801102e-06                   1
684  4.536304e-04                   1
685  1.106826e-05                   1
686  2.002956e-04                   1
687  2.878613e-02                   1
688  7.715831e-04                   1
689  2.950752e-06                   1
690  3.998795e-04                   1
691  8.377163e-04                   1
692  4.526870e-03                   1
693  9.363982e-06                   1
694  6.747036e-03                   1
695  2.255149e-03                   1
696  1.990756e-03                   1
697  5.574937e-05                   1
698  1.475593e-03                   1
699  1.372189e-03                   1
700  5.564302e-04                   1
701  2.403447e-02                   1
702  2.495836e-04                   1
703  7.998119e-03                   1
704  1.263947e-05                   1
705  4.713542e-03                   1
706  1.953535e-02                   1
707  6.146160e-03                   1
708  6.885361e-03                   1
709  3.916888e-02                   1
710  7.045244e-05                   1
711  3.758734e-03                   1
712  1.928086e-03                   1
713  1.575453e-03                   1
714  1.242259e-02                   1
715  8.492712e-04                   1
716  7.298234e-03                   1
717  5.872971e-04                   1
718  2.106463e-03                   1
719  7.967992e-03                   1
720  5.884868e-02                   1
721  5.552701e-03                   1
722  2.244829e-05                   1
723  1.920366e-03                   1
724  1.703390e-04                   1
725  4.499575e-03                   1
726  8.831411e-05                   1
727  2.531249e-03                   1
728  5.625711e-07                   1
729  4.673306e-04                   1
730  1.530351e-03                   1
731  2.481067e-04                   1
732  8.085934e-04                   1
733  1.702081e-05                   1
734  1.882815e-02                   1
735  1.122336e-06                   1
736  4.502285e-03                   1
737  9.125220e-07                   1
738  5.691554e-05                   1
739  4.649093e-04                   1
740  2.217583e-04                   1
741  4.836305e-04                   1
742  1.010394e-02                   1
743  1.414780e-06                   1
744  1.528310e-04                   1
745  2.239673e-06                   1
746  2.621389e-03                   1
747  7.238497e-05                   1
748  3.701945e-04                   1
749  4.695296e-03                   1
750  2.177061e-03                   1
751  1.157434e-02                   1
752  4.270178e-03                   1
753  2.249633e-05                   1
754  5.599567e-04                   1
755  1.303313e-03                   1
756  2.241123e-03                   1
757  6.639927e-04                   1
758  1.624101e-03                   1
759  5.231426e-04                   1
760  1.995807e-03                   1
761  2.482229e-05                   1
762  3.453282e-05                   1
763  2.088882e-04                   1
764  6.495668e-03                   1
765  2.459623e-04                   1
766  2.085474e-03                   1
767  3.960797e-03                   1
768  9.889219e-04                   1
769  2.441765e-03                   1
770  8.228104e-05                   1
771  2.935535e-02                   1
772  4.600168e-03                   1
773  1.993701e-03                   1
774  1.045249e-04                   1
775  1.203953e-03                   1
776  4.627640e-04                   1
777  8.864291e-07                   1
778  3.906508e-03                   1
779  5.293876e-04                   1
780  8.749197e-03                   1
781  1.630654e-03                   1
782  5.639304e-04                   1
783  2.821263e-03                   1
784  1.994321e-03                   1
785  5.236255e-03                   1
786  3.539611e-04                   1
787  6.369570e-03                   1
788  1.691308e-05                   1
789  6.698041e-05                   1
790  6.403370e-03                   1
791  2.189279e-03                   1
792  2.771028e-03                   1
793  1.753141e-03                   1
794  9.392202e-03                   1
795  7.626455e-04                   1
796  1.833466e-04                   1
797  4.129515e-03                   1
798  1.105654e-03                   1
799  3.082808e-05                   1
800  3.803419e-04                   1
801  3.929194e-04                   1
802  5.068673e-03                   1
803  2.478737e-03                   1
804  2.001115e-04                   1
805  1.656170e-04                   1
806  9.707464e-04                   1
807  2.776866e-04                   1
808  6.677311e-05                   1
809  7.091095e-05                   1
810  5.675055e-03                   1
811  1.271883e-03                   1
812  3.915752e-03                   1
813  2.230007e-05                   1
814  5.448296e-04                   1
815  9.684415e-05                   1
816  4.141123e-04                   1
817  7.986664e-04                   1
818  2.737045e-06                   1
819  4.662763e-05                   1
820  1.528776e-04                   1
821  4.196242e-04                   1
822  3.078026e-05                   1
823  2.789553e-03                   1
824  1.085912e-03                   1
825  8.017608e-03                   1
826  1.552594e-03                   1
827  3.307536e-03                   1
828  7.500136e-04                   1
829  3.283364e-03                   1
830  3.895558e-04                   1
831  1.486308e-04                   1
832  7.756710e-04                   1
833  9.972718e-03                   1
834  2.542313e-04                   1
835  1.453560e-05                   1
836  8.031955e-06                   1
837  1.590621e-03                   1
838  1.821451e-04                   1
839  5.212471e-03                   1
840  1.013488e-02                   1
841  1.584345e-03                   1
842  3.302979e-03                   1
843  5.892625e-03                   1
844  1.635312e-03                   1
845  4.479739e-04                   1
846  3.900355e-03                   1
847  6.623053e-03                   1
848  4.782404e-03                   1
849  8.112926e-05                   1
850  1.961244e-02                   1
851  1.087833e-03                   1
852  5.996023e-04                   1
853  1.155710e-04                   1
854  8.768209e-04                   1
855  5.149688e-03                   1
856  5.736963e-04                   1
857  2.146437e-03                   1
858  1.404708e-02                   1
859  9.253837e-04                   1
860  1.445380e-02                   1
861  2.117529e-03                   1
862  2.901589e-03                   1
863  4.797434e-03                   1
864  2.423613e-03                   1
865  5.425510e-03                   1
866  4.940893e-05                   1
867  1.981714e-02                   1
868  3.002931e-03                   1
869  5.248750e-05                   1
870  1.732688e-04                   1
871  3.310844e-02                   1
872  1.164720e-02                   1
873  1.046704e-03                   1
874  9.936592e-08                   1
875  1.058056e-03                   1
876  3.496735e-03                   1
877  1.771479e-05                   1
878  1.442061e-03                   1
879  2.302743e-03                   1
880  1.323133e-06                   1
881  3.967977e-03                   1
882  2.262128e-03                   1
883  1.427121e-03                   1
884  2.835532e-04                   1
885  4.291737e-05                   1
886  1.698087e-03                   1
887  1.413019e-03                   1
888  4.372497e-04                   1
889  6.304581e-04                   1
890  3.364689e-04                   1
891  8.545524e-04                   1
892  4.122696e-03                   1
893  2.786915e-03                   1
894  6.642167e-04                   1
895  1.426314e-05                   1
896  2.471875e-03                   1
897  5.300576e-04                   1
898  5.903500e-05                   1
899  6.161391e-04                   1
900  2.421105e-03                   1
901  1.825480e-03                   1
902  3.526720e-04                   1
903  2.930870e-03                   1
904  8.689170e-04                   1
905  1.068371e-04                   1
906  2.229326e-03                   1
907  2.487398e-03                   1
908  7.510524e-04                   1
909  1.961906e-04                   1
910  7.715272e-04                   1
911  5.342594e-03                   1
912  3.080413e-03                   1
913  2.310047e-01                   1
914  5.715761e-03                   1
915  2.292113e-03                   1
916  1.554470e-03                   1
917  1.828123e-02                   1
918  3.114301e-03                   1
919  1.120001e-04                   1
920  6.239620e-03                   1
921  1.883794e-04                   1
922  2.930068e-03                   1
923  2.942123e-03                   1
924  3.837676e-07                   1
925  1.082670e-03                   1
926  3.079445e-06                   1
927  1.999018e-03                   1
928  6.441530e-03                   1
929  2.645599e-04                   1
930  1.232730e-03                   1
931  5.714986e-03                   1
932  1.225531e-04                   1
933  7.404500e-04                   1
934  7.287426e-04                   1
935  4.420438e-02                   1
936  1.726450e-03                   1
937  2.817896e-03                   1
938  2.149129e-03                   1
939  2.415015e-06                   1
940  4.473331e-04                   1
941  1.458616e-03                   1
942  3.509278e-04                   1
943  4.514051e-04                   1
944  6.463538e-06                   1
945  5.875033e-03                   1
946  2.406625e-04                   1
947  4.271456e-03                   1
948  5.345333e-04                   1
949  6.684719e-04                   1
950  1.298472e-03                   1
951  1.557403e-02                   1
952  9.838209e-04                   1
953  1.863974e-03                   1
954  3.202697e-03                   1
955  1.566788e-03                   1
956  1.669789e-03                   1
957  5.337228e-04                   1
958  8.823957e-03                   1
959  1.954061e-03                   1
960  1.611374e-03                   1
961  7.388052e-03                   1
962  7.043924e-03                   1
963  2.107048e-07                   1
964  4.109339e-04                   1
965  7.610570e-04                   1
966  1.394428e-03                   1
967  1.200092e-03                   1
968  4.823739e-04                   1
969  7.634606e-03                   1
970  5.519240e-03                   1
971  3.763360e-04                   1
972  3.160154e-03                   1
973  4.557983e-03                   1
974  4.462744e-04                   1
975  6.603531e-03                   1
976  9.962213e-04                   1
977  5.588016e-05                   1
978  4.074824e-04                   1
979  3.284224e-03                   1
980  6.306926e-03                   1
981  1.234412e-02                   1
982  1.012409e-05                   1
983  3.755070e-06                   1
984  7.768939e-04                   1
985  1.907826e-03                   1
986  6.862246e-05                   1
987  2.897807e-05                   1
988  5.830847e-06                   1
989  1.126304e-03                   1
990  7.332047e-04                   1
991  6.440026e-07                   1
992  3.265910e-03                   1
993  2.048694e-03                   1
994  5.698881e-04                   1
995  9.876377e-06                   1
996  9.973908e-03                   1
997  2.780571e-05                   1
998  1.031520e-03                   1
999  6.477318e-03                   1
1000 6.488581e-06                   1
1001 2.078731e-03                   1
1002 3.005381e-06                   1
1003 2.703327e-05                   1
1004 2.760251e-03                   1
1005 4.917932e-04                   1
1006 1.300105e-04                   1
1007 7.667196e-05                   1
1008 1.257387e-04                   1
1009 2.629862e-05                   1
1010 3.133319e-03                   1
1011 1.466029e-03                   1
1012 6.840170e-05                   1
1013 3.489450e-03                   1
1014 1.915144e-03                   1
1015 6.415429e-03                   1
1016 1.775052e-03                   1
1017 1.149913e-04                   1
1018 4.881068e-03                   1
1019 4.944641e-04                   1
1020 4.396971e-03                   1
1021 1.404452e-03                   1
1022 7.011181e-04                   1
1023 4.616365e-03                   1
1024 1.813427e-03                   1
1025 2.303111e-02                   1
1026 3.994804e-03                   1
1027 4.133340e-03                   1
1028 3.353556e-05                   1
1029 6.192068e-03                   1
1030 9.191563e-03                   1
1031 8.379688e-03                   1
1032 1.793110e-05                   1
1033 1.895036e-02                   1
1034 1.969182e-03                   1
1035 3.855644e-04                   1
1036 2.194078e-03                   1
1037 1.879533e-03                   1
1038 2.506623e-03                   1
1039 3.503739e-04                   1
1040 4.174098e-03                   1
1041 2.395839e-03                   1
1042 5.005273e-03                   1
1043 1.672658e-03                   1
1044 5.763016e-07                   1
1045 5.216381e-04                   1
1046 2.663510e-03                   1
1047 1.353967e-03                   1
1048 1.531913e-04                   1
1049 6.278642e-02                   1
1050 8.630517e-03                   1
1051 1.115569e-04                   1
1052 5.510745e-05                   1
1053 1.671384e-03                   1
1054 3.729695e-03                   1
1055 3.960021e-03                   1
1056 1.683899e-05                   1
1057 1.623307e-04                   1
1058 3.769686e-04                   1
1059 7.092086e-03                   1
1060 3.774495e-03                   1
1061 3.612553e-03                   1
1062 2.597156e-03                   1
1063 2.347270e-03                   1
1064 1.286532e-02                   1
1065 2.101862e-02                   1
1066 1.124314e-03                   1
1067 3.602990e-03                   1
1068 8.389814e-06                   1
1069 1.495215e-03                   1
1070 2.381190e-06                   1
1071 6.184167e-05                   1
1072 4.391581e-05                   1
1073 1.048186e-03                   1
1074 7.867203e-03                   1
1075 9.435486e-04                   1
1076 4.398348e-04                   1
1077 1.193890e-04                   1
1078 2.081520e-04                   1
1079 1.778083e-05                   1
1080 7.826170e-04                   1
1081 3.111149e-03                   1
1082 5.653718e-03                   1
1083 1.778970e-02                   1
1084 1.525236e-03                   1
1085 3.492999e-05                   1
1086 4.173847e-05                   1
1087 6.987786e-03                   1
1088 2.377580e-02                   1
1089 1.495059e-03                   1
1090 7.481181e-04                   1
1091 1.400466e-03                   1
1092 5.626456e-04                   1
1093 1.204793e-04                   1
1094 1.178556e-03                   1
1095 7.318347e-04                   1
1096 7.560816e-03                   1
1097 4.111586e-04                   1
1098 1.547867e-04                   1
1099 5.394924e-04                   1
1100 3.473016e-07                   1
1101 5.097862e-03                   1
1102 2.985962e-03                   1
1103 5.413051e-05                   1
1104 2.936459e-03                   1
1105 1.533213e-03                   1
1106 3.062032e-03                   1
1107 6.432501e-04                   1
1108 9.143274e-03                   1
1109 5.545445e-04                   1
1110 2.936546e-03                   1
1111 1.811022e-05                   1
1112 3.148251e-05                   1
1113 3.156991e-03                   1
1114 3.176870e-04                   1
1115 2.315072e-04                   1
1116 1.584468e-02                   1
1117 4.228473e-03                   1
1118 2.337496e-03                   1
1119 1.927425e-04                   1
1120 3.703771e-04                   1
1121 7.718360e-04                   1
1122 1.966634e-03                   1
1123 2.226799e-03                   1
1124 3.198559e-03                   1
1125 1.048187e-02                   1
1126 3.704585e-03                   1
1127 3.868270e-04                   1
1128 3.234325e-05                   1
1129 7.629208e-04                   1
1130 9.326875e-08                   1
1131 1.407446e-03                   1
1132 6.592046e-03                   1
1133 4.285789e-03                   1
1134 4.311466e-03                   1
1135 2.182211e-02                   1
1136 4.821835e-04                   1
1137 1.043828e-02                   1
1138 5.590986e-06                   1
1139 2.754236e-04                   1
1140 3.334365e-03                   1
1141 3.284876e-03                   1
1142 5.336098e-04                   1
1143 3.116121e-04                   1
1144 5.410542e-06                   1
1145 2.232263e-03                   1
1146 1.279434e-04                   1
1147 8.043604e-04                   1
1148 4.732558e-04                   1
1149 4.870486e-04                   1
1150 1.487517e-03                   1
1151 5.942092e-04                   1
1152 9.369784e-04                   1
1153 3.249091e-03                   1
1154 3.373813e-05                   1
1155 2.659492e-08                   1
1156 6.008044e-03                   1
1157 1.596570e-03                   1
1158 3.428199e-06                   1
1159 8.751212e-04                   1
1160 1.466877e-03                   1
1161 4.453836e-04                   1
1162 5.192707e-03                   1
1163 4.794464e-04                   1
1164 1.547458e-03                   1
1165 5.541545e-05                   1
1166 1.498169e-03                   1
1167 9.464379e-04                   1
1168 2.665828e-06                   1
1169 3.942739e-03                   1
1170 4.552701e-04                   1
1171 1.674387e-04                   1
1172 1.386291e-03                   1
1173 5.828064e-03                   1
1174 5.293078e-03                   1
1175 2.016036e-03                   1
1176 5.687529e-04                   1
1177 6.136985e-03                   1
1178 2.148704e-03                   1
1179 2.331749e-03                   1
1180 2.660460e-03                   1
1181 7.403728e-04                   1
1182 1.209840e-02                   1
1183 1.029928e-03                   1
1184 6.281206e-03                   1
1185 9.695334e-04                   1
1186 1.350819e-04                   1
1187 2.477871e-03                   1
1188 4.943573e-03                   1
1189 9.429234e-04                   1
1190 7.322173e-04                   1
1191 9.974004e-04                   1
1192 3.659436e-03                   1
1193 1.161964e-02                   1
1194 8.641415e-04                   1
1195 1.030687e-03                   1
1196 3.607139e-03                   1
1197 2.338146e-04                   1
1198 3.543821e-03                   1
1199 5.311194e-04                   1
1200 1.254050e-02                   1
1201 5.428547e-04                   1
1202 5.896861e-03                   1
1203 1.110680e-02                   1
1204 4.670426e-04                   1
1205 3.466241e-04                   1
1206 9.003368e-04                   1
1207 6.581646e-03                   1
1208 4.894901e-03                   1
1209 4.634171e-04                   1
1210 8.388532e-05                   1
1211 4.540573e-04                   1
1212 2.379378e-03                   1
1213 2.708000e-04                   1
1214 3.669804e-03                   1
1215 4.458067e-03                   1
1216 4.259789e-04                   1
1217 2.175203e-04                   1
1218 6.944020e-05                   1
1219 1.059916e-03                   1
1220 1.534781e-03                   1
1221 2.327900e-03                   1
1222 1.903338e-02                   1
1223 2.970575e-04                   1
1224 4.409125e-03                   1
1225 5.268711e-04                   1
1226 6.373991e-03                   1
1227 3.417840e-02                   1
1228 6.100087e-04                   1
1229 9.669545e-03                   1
1230 1.268505e-03                   1
1231 2.601130e-03                   1
1232 2.768783e-03                   1
1233 3.067197e-04                   1
1234 7.738545e-04                   1
1235 1.408271e-04                   1
1236 3.209674e-05                   1
1237 4.573102e-04                   1
1238 2.991248e-03                   1
1239 5.055129e-04                   1
1240 1.451391e-03                   1
1241 1.099071e-04                   1
1242 1.122164e-02                   1
1243 1.854571e-03                   1
1244 8.071275e-04                   1
1245 9.542183e-04                   1
1246 7.029028e-04                   1
1247 1.650391e-02                   1
1248 1.247653e-03                   1
1249 2.114292e-04                   1
1250 9.114331e-04                   1
1251 2.055836e-05                   1
1252 1.330067e-05                   1
1253 5.781410e-03                   1
1254 3.006474e-05                   1
1255 2.102145e-04                   1
1256 2.967552e-03                   1
1257 2.590606e-04                   1
1258 3.071063e-04                   1
1259 1.093275e-03                   1
1260 5.442310e-01 <0.0192133333333333
1261 2.823548e-05                   1
1262 9.977340e-04                   1
1263 4.756897e-04                   1
1264 6.611335e-03                   1
1265 3.457375e-03                   1
1266 1.849040e-03                   1
1267 1.684564e-03                   1
1268 7.861218e-04                   1
1269 6.834782e-03                   1
1270 5.983163e-03                   1
1271 1.207764e-03                   1
1272 3.192277e-03                   1
1273 3.959923e-06                   1
1274 4.106262e-03                   1
1275 1.258819e-04                   1
1276 7.344730e-05                   1
1277 7.060416e-04                   1
1278 1.196248e-03                   1
1279 1.709868e-03                   1
1280 4.600739e-04                   1
1281 6.803116e-05                   1
1282 1.207446e-02                   1
1283 4.223796e-03                   1
1284 5.165323e-03                   1
1285 9.620968e-04                   1
1286 7.951033e-05                   1
1287 5.420501e-04                   1
1288 1.488851e-03                   1
1289 2.953535e-04                   1
1290 1.571829e-02                   1
1291 1.423993e-04                   1
1292 1.518527e-03                   1
1293 1.468751e-03                   1
1294 7.988752e-03                   1
1295 2.686660e-03                   1
1296 6.426011e-03                   1
1297 2.617599e-03                   1
1298 7.080316e-05                   1
1299 2.215161e-03                   1
1300 6.390611e-04                   1
1301 2.682139e-06                   1
1302 3.099524e-06                   1
1303 4.871328e-04                   1
1304 1.688509e-05                   1
1305 4.433568e-03                   1
1306 1.439477e-04                   1
1307 1.746914e-03                   1
1308 3.219206e-06                   1
1309 2.983828e-03                   1
1310 1.640769e-02                   1
1311 1.696278e-03                   1
1312 2.071213e-03                   1
1313 2.664430e-03                   1
1314 1.029461e-03                   1
1315 2.661914e-03                   1
1316 1.630815e-06                   1
1317 1.517687e-03                   1
1318 9.067579e-03                   1
1319 6.974704e-03                   1
1320 8.595974e-03                   1
1321 6.447458e-03                   1
1322 5.286382e-05                   1
1323 7.000757e-04                   1
1324 1.034717e-05                   1
1325 1.780296e-03                   1
1326 2.824517e-03                   1
1327 9.294511e-05                   1
1328 9.872353e-07                   1
1329 1.567805e-03                   1
1330 6.989347e-05                   1
1331 5.182392e-03                   1
1332 1.898335e-02                   1
1333 2.129968e-04                   1
1334 1.568110e-03                   1
1335 2.956706e-03                   1
1336 5.505185e-07                   1
1337 8.512899e-04                   1
1338 5.820849e-04                   1
1339 1.871749e-05                   1
1340 1.395616e-03                   1
1341 2.732298e-02                   1
1342 2.040889e-03                   1
1343 6.717469e-04                   1
1344 1.718165e-04                   1
1345 8.069739e-04                   1
1346 7.269612e-04                   1
1347 1.301793e-03                   1
1348 9.470094e-04                   1
1349 1.626582e-03                   1
1350 1.997516e-04                   1
1351 1.277707e-03                   1
1352 7.063677e-03                   1
1353 1.144873e-03                   1
1354 5.676548e-03                   1
1355 6.367559e-04                   1
1356 3.843437e-03                   1
1357 2.452468e-03                   1
1358 2.312566e-02                   1
1359 1.131664e-02                   1
1360 1.423532e-03                   1
1361 1.633490e-03                   1
1362 5.469383e-04                   1
1363 1.827023e-03                   1
1364 4.986641e-05                   1
1365 8.199168e-04                   1
1366 6.649588e-07                   1
1367 4.053522e-03                   1
1368 1.302486e-04                   1
1369 5.758595e-04                   1
1370 2.781704e-06                   1
1371 3.070166e-04                   1
1372 2.790078e-03                   1
1373 5.114673e-03                   1
1374 4.464029e-07                   1
1375 5.269274e-03                   1
1376 7.774022e-03                   1
1377 1.041104e-05                   1
1378 1.654264e-03                   1
1379 1.018812e-04                   1
1380 2.781651e-03                   1
1381 1.422211e-03                   1
1382 1.933254e-04                   1
1383 8.301646e-05                   1
1384 1.645921e-01                   1
1385 3.011124e-03                   1
1386 1.086000e-05                   1
1387 2.160138e-04                   1
1388 5.215024e-04                   1
1389 2.441004e-03                   1
1390 6.377325e-03                   1
1391 7.946190e-03                   1
1392 1.423782e-04                   1
1393 5.302192e-03                   1
1394 4.541877e-04                   1
1395 2.209099e-03                   1
1396 1.187696e-02                   1
1397 6.276344e-04                   1
1398 5.196599e-04                   1
1399 6.508780e-04                   1
1400 5.388490e-04                   1
1401 2.111027e-03                   1
1402 7.458807e-04                   1
1403 6.864641e-04                   1
1404 5.868933e-03                   1
1405 1.659721e-04                   1
1406 3.565775e-03                   1
1407 2.738736e-03                   1
1408 1.076266e-04                   1
1409 2.053705e-02                   1
1410 1.164865e-03                   1
1411 2.198853e-04                   1
1412 1.139352e-05                   1
1413 4.300480e-03                   1
1414 1.331606e-02                   1
1415 2.033665e-05                   1
1416 2.640665e-02                   1
1417 5.896266e-03                   1
1418 3.736452e-04                   1
1419 2.123710e-03                   1
1420 4.472917e-04                   1
1421 1.601415e-03                   1
1422 1.846388e-03                   1
1423 9.099320e-04                   1
1424 2.167896e-03                   1
1425 1.134793e-03                   1
1426 2.649029e-03                   1
1427 4.300648e-03                   1
1428 4.555293e-04                   1
1429 1.766631e-02                   1
1430 2.021412e-04                   1
1431 4.882483e-03                   1
1432 2.286397e-04                   1
1433 3.836632e-04                   1
1434 1.353179e-03                   1
1435 2.241175e-04                   1
1436 4.909707e-04                   1
1437 1.556723e-07                   1
1438 1.942955e-04                   1
1439 9.579009e-04                   1
1440 5.025752e-04                   1
1441 2.417832e-05                   1

$`MR-PRESSO results`$`Distortion Test`
$`MR-PRESSO results`$`Distortion Test`$`Outliers Indices`
[1] 1260

$`MR-PRESSO results`$`Distortion Test`$`Distortion Coefficient`
beta.exposure 
    -51.71856 

$`MR-PRESSO results`$`Distortion Test`$Pvalue
[1] 0.4327333



