SNP	CHROM	POS	REF	ALT	AF	BETA	SE	Z	P	N	TRAIT
rs115141604	NA	NA	NA	NA	NA	NA	NA	NA	NA	NA	NA
rs62313278	4	61743347	A	G	0.0780725	-0.0133	0.0146	-0.910958904109589	0.3628	570006	Type_2_Diabetes
rs13115400	4	181885905	G	A	0.350592	0.0099	0.0088	1.125	0.2591	570645	Type_2_Diabetes
rs12153566	NA	NA	NA	NA	NA	NA	NA	NA	NA	NA	NA
rs141162384	5	65091178	G	T	0.0415256	-0.0281	0.0198	-1.4191919191919191	0.1561	572490	Type_2_Diabetes
rs316341	NA	NA	NA	NA	NA	NA	NA	NA	NA	NA	NA
rs17207326	7	37739901	G	A	0.0818974	-0.0099	0.0133	-0.7443609022556392	0.4558	605014	Type_2_Diabetes
rs61957926	NA	NA	NA	NA	NA	NA	NA	NA	NA	NA	NA
rs76881547	NA	NA	NA	NA	NA	NA	NA	NA	NA	NA	NA
rs769449	NA	NA	NA	NA	NA	NA	NA	NA	NA	NA	NA
rs7247764	19	45675873	T	C	0.171204	-0.0057	0.0104	-0.5480769230769231	0.5858	572806	Type_2_Diabetes
rs2664588	20	46580634	C	T	0.448661	-0.001	0.0078	-0.12820512820512822	0.8947	572204	Type_2_Diabetes
