$`Main MR results`
       Exposure       MR Analysis Causal Estimate       Sd    T-stat    P-value
1 beta.exposure               Raw       -2415.850 1422.755 -1.698009 0.09334488
2 beta.exposure Outlier-corrected       -1890.517 1317.890 -1.434503 0.15532645

$`MR-PRESSO results`
$`MR-PRESSO results`$`Global Test`
$`MR-PRESSO results`$`Global Test`$RSSobs
[1] 120.4848

$`MR-PRESSO results`$`Global Test`$Pvalue
[1] 0.0052


$`MR-PRESSO results`$`Outlier Test`
         RSSobs  Pvalue
1    2792.47396       1
2  122099.10647   0.205
3   69505.87025       1
4   78052.98339       1
5    3240.06684       1
6   13551.04198       1
7   78410.11426       1
8    5769.84702       1
9   21442.21217       1
10   1327.23415       1
11  15294.23914       1
12 436034.03537       1
13  24537.84717       1
14  12006.40760       1
15  59363.70352       1
16  26891.90079       1
17   8821.62122       1
18   5498.55247       1
19 396847.64614 <0.0082
20   1078.26443       1
21  50830.94270       1
22  89717.01118       1
23  94139.63758       1
24  13295.77789       1
25 261173.75063       1
26   5513.57170       1
27  29296.66851       1
28    314.93953       1
29  27823.02794       1
30  28326.30246       1
31    407.51400       1
32  12021.05703       1
33  22196.20341       1
34   1220.28732       1
35  14364.63019       1
36    747.56797       1
37   7841.82359       1
38  15087.48128       1
39    883.46057       1
40   1852.19520       1
41     90.56394       1
42  30781.95498       1
43   9291.50547       1
44  16970.66933       1
45   1310.14666       1
46  13154.73771       1
47   1856.39918       1
48   2873.15423       1
49  63964.98919       1
50   1131.23057       1
51  34841.02989       1
52  44892.93733       1
53   8772.20800       1
54   1025.31233       1
55 191216.63957  0.4018
56  21576.88847       1
57     14.70269       1
58    223.21690       1
59   6650.44946       1
60  41451.07263       1
61  30254.94490       1
62   7478.10463       1
63   2687.07481       1
64  46135.27421       1
65    111.22940       1
66  18563.16420       1
67 269572.40700       1
68  10333.89046       1
69 160813.87605       1
70  16630.09968       1
71  33399.00455       1
72   1347.05184       1
73  99244.48779       1
74  13456.64140       1
75    942.81021       1
76   6385.69983       1
77  10313.62649       1
78  64818.20608       1
79  31136.59699       1
80  18171.94676       1
81  17659.09680       1
82  26209.20738       1

$`MR-PRESSO results`$`Distortion Test`
$`MR-PRESSO results`$`Distortion Test`$`Outliers Indices`
[1] 19

$`MR-PRESSO results`$`Distortion Test`$`Distortion Coefficient`
beta.exposure 
    -27.78779 

$`MR-PRESSO results`$`Distortion Test`$Pvalue
[1] 0.5973



