$`Main MR results`
       Exposure       MR Analysis Causal Estimate         Sd    T-stat
1 beta.exposure               Raw     0.007264453 0.01577279 0.4605687
2 beta.exposure Outlier-corrected              NA         NA        NA
    P-value
1 0.6459704
2        NA

$`MR-PRESSO results`
$`MR-PRESSO results`$`Global Test`
$`MR-PRESSO results`$`Global Test`$RSSobs
[1] 145.8195

$`MR-PRESSO results`$`Global Test`$Pvalue
[1] 0.0414


$`MR-PRESSO results`$`Outlier Test`
          RSSobs Pvalue
1   3.924884e-05      1
2   5.347926e-08      1
3   3.388203e-07      1
4   1.715824e-04      1
5   7.149037e-05      1
6   2.112797e-05      1
7   1.431016e-04      1
8   1.476661e-05      1
9   1.180400e-05      1
10  1.117752e-06      1
11  9.752205e-05      1
12  3.177306e-05      1
13  6.218074e-05      1
14  2.497806e-07      1
15  1.144562e-05      1
16  3.556610e-07      1
17  6.500266e-06      1
18  1.689615e-07      1
19  4.579573e-05      1
20  2.991027e-06      1
21  3.868516e-04      1
22  3.306810e-05      1
23  6.031303e-06      1
24  1.526960e-05      1
25  4.319084e-07      1
26  1.213940e-04      1
27  2.266030e-05      1
28  1.986115e-04      1
29  4.796117e-05      1
30  1.281325e-04      1
31  2.136691e-06      1
32  5.005275e-05      1
33  1.605137e-05      1
34  2.421868e-07      1
35  6.764082e-05      1
36  3.323059e-06      1
37  3.235243e-05      1
38  1.384065e-05      1
39  1.650070e-06      1
40  1.497566e-05      1
41  7.953329e-06      1
42  2.789752e-07      1
43  2.089548e-04      1
44  9.812919e-08      1
45  2.389079e-06      1
46  1.914791e-05      1
47  3.202756e-05      1
48  7.798495e-05      1
49  5.592991e-05      1
50  3.497057e-05      1
51  2.125498e-04      1
52  3.768044e-04      1
53  6.897225e-05      1
54  6.230927e-06      1
55  1.176093e-04      1
56  6.253996e-06      1
57  3.887915e-05      1
58  1.184913e-05      1
59  9.300573e-05      1
60  5.936967e-06      1
61  2.517727e-05      1
62  7.754422e-07      1
63  4.155854e-04 0.2691
64  1.778539e-05      1
65  1.563748e-04      1
66  2.657590e-06      1
67  1.512429e-04      1
68  4.686698e-06      1
69  4.726027e-06      1
70  4.818454e-06      1
71  4.839816e-04      1
72  5.897204e-06      1
73  2.000596e-04      1
74  2.632118e-04      1
75  1.248805e-06      1
76  8.180296e-05      1
77  4.437591e-06      1
78  2.280428e-05      1
79  1.931260e-06      1
80  7.486030e-05      1
81  1.275067e-04      1
82  1.673464e-06      1
83  3.144537e-06      1
84  2.610916e-06      1
85  6.644344e-05      1
86  7.455456e-04      1
87  1.628805e-04      1
88  4.096922e-05      1
89  2.287286e-06      1
90  2.161326e-05      1
91  2.051596e-05      1
92  1.157105e-07      1
93  2.165807e-05      1
94  1.401742e-04      1
95  6.967117e-06      1
96  1.938491e-05      1
97  1.770628e-04      1
98  2.043812e-05      1
99  8.854902e-05      1
100 3.309987e-05      1
101 7.522648e-05      1
102 9.506481e-05      1
103 3.895383e-05      1
104 4.805082e-06      1
105 2.196341e-04      1
106 2.178389e-05      1
107 4.496451e-05      1
108 1.720207e-05      1
109 1.535360e-08      1
110 8.920552e-05      1
111 8.692336e-05      1
112 1.664663e-04      1
113 1.014944e-05      1
114 8.456826e-05      1
115 2.008226e-05      1
116 1.210382e-06      1
117 2.900660e-06      1

$`MR-PRESSO results`$`Distortion Test`
$`MR-PRESSO results`$`Distortion Test`$`Outliers Indices`
[1] "No significant outliers"

$`MR-PRESSO results`$`Distortion Test`$`Distortion Coefficient`
[1] NA

$`MR-PRESSO results`$`Distortion Test`$Pvalue
[1] NA



