SNP	CHROM	POS	REF	ALT	AF	BETA	SE	Z	P	N	TRAIT
rs71516386	NA	NA	NA	NA	NA	NA	NA	NA	NA	NA	NA
rs56323322	NA	NA	NA	NA	NA	NA	NA	NA	NA	NA	NA
rs2455021	NA	NA	NA	NA	NA	NA	NA	NA	NA	NA	NA
rs2174602	1	71799403	A	G	0.391367	0.001018	0.004236	0.24032105760151085	0.8102	3146	CSF_Ab42
rs6699744	1	72825144	A	T	0.610849	-0.009996	0.004438	-2.25237	0.02437	3146	CSF_Ab42
rs59733471	NA	NA	NA	NA	NA	NA	NA	NA	NA	NA	NA
rs10923042	1	88669200	C	A	0.537186	-6.502e-4	0.004054	-0.160385	0.8726	3146	CSF_Ab42
rs140311846	NA	NA	NA	NA	NA	NA	NA	NA	NA	NA	NA
rs6690619	1	153765399	C	T	0.525692	-0.002154	0.004113	-0.523705	0.6005	3146	CSF_Ab42
rs45501495	1	204596454	C	T	0.26867	-0.009606	0.004752	-2.021464646464646	0.04335	3146	CSF_Ab42
rs1228475	1	223974557	G	C	0.142232	-8.743e-5	0.005443	-0.016062832996509277	0.9872	3146	CSF_Ab42
rs478975	1	234773373	G	A	0.60425	-0.001965	0.004298	-0.457189	0.6476	3146	CSF_Ab42
rs13022164	2	632536	A	G	0.833029	-0.005554	0.005298	-1.04832	0.2946	3146	CSF_Ab42
rs13016086	NA	NA	NA	NA	NA	NA	NA	NA	NA	NA	NA
rs4953150	NA	NA	NA	NA	NA	NA	NA	NA	NA	NA	NA
rs17049185	2	58072660	G	T	0.308282	-0.006343	0.004614	-1.3747290853922842	0.1693	3146	CSF_Ab42
rs75324100	2	60297576	C	T	0.201742	-0.011470000000000001	0.005525	-2.0760180995475115	0.03797	3146	CSF_Ab42
rs777591	2	61417617	A	G	0.597424	0.003861	0.004182	0.923242	0.35600000000000004	3146	CSF_Ab42
rs4458235	2	79710525	A	T	0.635439	-2.949e-4	0.004236	-0.0696176	0.9445	3146	CSF_Ab42
rs6756149	2	104099833	C	T	0.458864	0.005628	0.004004	1.4055944055944056	0.16	3146	CSF_Ab42
rs78986608	NA	NA	NA	NA	NA	NA	NA	NA	NA	NA	NA
rs10180461	2	144263033	T	C	0.336894	0.0017530000000000002	0.004144	0.42302123552123555	0.6723	3146	CSF_Ab42
rs17677434	2	145219688	G	A	0.0843352	0.01077	0.008559	1.2583245706274098	0.2082	3146	CSF_Ab42
rs2463652	2	157127415	C	A	0.355263	0.008641	0.004135	2.0897218863361546	0.03671	3146	CSF_Ab42
rs17756423	2	161984465	C	G	0.141948	6.072e-4	0.0063030000000000004	0.09633507853403141	0.9233	3146	CSF_Ab42
rs114134737	2	207654791	A	G	0.0341943	-0.002803	0.011590000000000001	-0.241846419327006	0.8089	3146	CSF_Ab42
rs11892762	NA	NA	NA	NA	NA	NA	NA	NA	NA	NA	NA
rs4073278	NA	NA	NA	NA	NA	NA	NA	NA	NA	NA	NA
rs10510554	3	25099776	T	C	0.611051	0.002733	0.00409	0.668215	0.5041	3146	CSF_Ab42
rs73042584	NA	NA	NA	NA	NA	NA	NA	NA	NA	NA	NA
rs2624839	3	50202231	T	C	0.422686	-0.009367	0.0042380000000000004	-2.2102406795658327	0.027180000000000003	3146	CSF_Ab42
rs4608688	3	53432086	G	C	0.567806	-0.002311	0.004044	-0.571464	0.5678	3146	CSF_Ab42
rs6790797	3	68753972	G	A	0.619403	0.002558	0.004248	0.602166	0.5471	3146	CSF_Ab42
rs62267081	NA	NA	NA	NA	NA	NA	NA	NA	NA	NA	NA
rs1248825	3	84993411	A	C	0.633503	-0.001288	0.004377000000000001	-0.294265	0.7685	3146	CSF_Ab42
rs80264330	3	114815659	T	G	0.0546903	-0.0052759999999999994	0.008577	-0.6151334965605689	0.5385	3146	CSF_Ab42
rs13082002	NA	NA	NA	NA	NA	NA	NA	NA	NA	NA	NA
rs9844620	3	126822685	G	T	0.313578	-0.004631000000000001	0.004425999999999999	-1.0463172164482606	0.2955	3146	CSF_Ab42
rs61508189	NA	NA	NA	NA	NA	NA	NA	NA	NA	NA	NA
rs73868702	3	149754216	G	A	0.0388244	0.016659999999999998	0.009761	1.7067923368507323	0.08801	3146	CSF_Ab42
rs2248924	3	158320923	T	C	0.339985	0.009725	0.004251	2.2876970124676546	0.02224	3146	CSF_Ab42
rs11706682	3	167199681	T	C	0.359659	-0.006998999999999999	0.004303	-1.626539623518475	0.1039	3146	CSF_Ab42
rs79262908	3	185803594	C	T	0.177818	-0.007154000000000001	0.005116	-1.398358092259578	0.1621	3146	CSF_Ab42
rs357842	4	60004974	A	G	0.335577	-0.005424	0.004313	-1.2575933225133318	0.2086	3146	CSF_Ab42
rs72900472	4	67508545	A	G	0.123773	6.135e-5	0.005691	0.010780179230363732	0.9914	3146	CSF_Ab42
rs3017687	4	105475331	A	G	0.704	-3.101e-4	0.0043560000000000005	-0.0711892	0.9433	3146	CSF_Ab42
rs13101956	4	146797469	C	T	0.0558173	0.007431999999999999	0.009334	0.7962288407970858	0.4259	3146	CSF_Ab42
rs13132348	4	170868363	T	C	0.610517	-2.575e-4	0.004222	-0.0609901	0.9514	3146	CSF_Ab42
rs1946265	5	50840436	A	C	0.631473	-6.175e-4	0.004267	-0.144715	0.8849	3146	CSF_Ab42
rs12514375	NA	NA	NA	NA	NA	NA	NA	NA	NA	NA	NA
rs6870152	NA	NA	NA	NA	NA	NA	NA	NA	NA	NA	NA
rs977275	NA	NA	NA	NA	NA	NA	NA	NA	NA	NA	NA
rs56338521	NA	NA	NA	NA	NA	NA	NA	NA	NA	NA	NA
rs11135354	5	164559592	T	C	0.377247	-0.006534000000000001	0.004044	-1.6157270029673594	0.1063	3146	CSF_Ab42
rs364926	5	166392055	C	T	0.247988	0.004461	0.004927	0.9054191191394357	0.3653	3146	CSF_Ab42
rs11134442	NA	NA	NA	NA	NA	NA	NA	NA	NA	NA	NA
rs76756708	NA	NA	NA	NA	NA	NA	NA	NA	NA	NA	NA
rs16891727	6	26488860	C	A	0.106094	-0.015009999999999999	0.006566	-2.2860188851660066	0.02232	3146	CSF_Ab42
rs28703977	NA	NA	NA	NA	NA	NA	NA	NA	NA	NA	NA
rs2207136	6	50809720	T	C	0.453556	-0.0072829999999999995	0.0040880000000000005	-1.781555772994129	0.07488	3146	CSF_Ab42
rs181534489	6	70079321	G	T	0.0345078	-0.0189	0.0111	-1.7027027027027026	0.08887	3146	CSF_Ab42
rs6454587	6	87857882	A	G	0.501635	-0.00899	0.0040490000000000005	-2.2203	0.02646	3146	CSF_Ab42
rs9362897	6	92327446	G	T	0.55311	-0.001204	0.004036	-0.29831516352824583	0.7655	3146	CSF_Ab42
rs2503094	6	100600726	A	T	0.20058	-0.005196	0.005307	-0.9790842283776144	0.3277	3146	CSF_Ab42
rs12528185	NA	NA	NA	NA	NA	NA	NA	NA	NA	NA	NA
rs11765386	7	2894512	C	T	0.135209	0.009293000000000001	0.0063939999999999995	1.4533938066937757	0.1462	3146	CSF_Ab42
rs7787498	7	10896020	C	T	0.606611	0.003391	0.004161	0.814948	0.4151	3146	CSF_Ab42
rs12700239	NA	NA	NA	NA	NA	NA	NA	NA	NA	NA	NA
rs113707810	NA	NA	NA	NA	NA	NA	NA	NA	NA	NA	NA
rs71552412	NA	NA	NA	NA	NA	NA	NA	NA	NA	NA	NA
rs66531668	NA	NA	NA	NA	NA	NA	NA	NA	NA	NA	NA
rs11767283	NA	NA	NA	NA	NA	NA	NA	NA	NA	NA	NA
rs35711160	7	133595233	A	G	0.183267	-0.007181999999999999	0.005246	-1.3690430804422415	0.1711	3146	CSF_Ab42
rs3021494	8	10983534	A	G	0.580082	-0.007117	0.004069	-1.74908	0.08038	3146	CSF_Ab42
rs12056870	8	33566756	A	G	0.356003	-3.3089999999999997e-4	0.004159	-0.07956239480644384	0.9366	3146	CSF_Ab42
rs74792366	NA	NA	NA	NA	NA	NA	NA	NA	NA	NA	NA
rs1217105	8	64626932	T	G	0.731146	9.464e-4	0.004458	0.212293	0.8319	3146	CSF_Ab42
rs62515047	NA	NA	NA	NA	NA	NA	NA	NA	NA	NA	NA
rs72674149	NA	NA	NA	NA	NA	NA	NA	NA	NA	NA	NA
rs142106193	NA	NA	NA	NA	NA	NA	NA	NA	NA	NA	NA
rs34655989	NA	NA	NA	NA	NA	NA	NA	NA	NA	NA	NA
rs17258783	9	34253097	C	T	0.233248	0.003437	0.00506	0.6792490118577075	0.49700000000000005	3146	CSF_Ab42
rs566936	9	37233890	T	G	0.550309	0.001107	0.004004	0.276474	0.7822	3146	CSF_Ab42
rs7868854	9	73432277	C	A	0.166121	-0.01089	0.005013	-2.172351885098743	0.029869999999999997	3146	CSF_Ab42
rs11792095	NA	NA	NA	NA	NA	NA	NA	NA	NA	NA	NA
rs3138491	9	92219038	C	T	0.313326	-0.003113	0.00435	-0.715632183908046	0.4744	3146	CSF_Ab42
rs10512324	9	107040713	C	T	0.29353	-0.007751999999999999	0.004614	-1.6801040312093627	0.09303	3146	CSF_Ab42
rs10986983	9	128620009	C	T	0.689179	-7.333e-4	0.004138	-0.177211	0.8594	3146	CSF_Ab42
rs7088854	10	13606499	T	A	0.551017	0.007379000000000001	0.004026	1.8328365623447593	0.06691	3146	CSF_Ab42
rs946711	10	21806832	A	C	0.319738	-0.0032090000000000005	0.004493	-0.7142221233029158	0.4752	3146	CSF_Ab42
rs224295	10	64590258	A	C	0.446098	-0.001902	0.00411	-0.46277372262773725	0.6435	3146	CSF_Ab42
rs1410054	10	112774155	A	G	0.799418	-0.002022	0.004796	-0.421601	0.6734	3146	CSF_Ab42
rs17258462	11	9540323	C	A	0.337593	0.004009	0.004109000000000001	0.9756631783889024	0.3293	3146	CSF_Ab42
rs10741616	11	13333851	G	A	0.447731	0.01001	0.00413	2.423728813559322	0.0154	3146	CSF_Ab42
rs2200747	11	27587761	G	A	0.196889	9.097000000000002e-4	0.004658	0.1952984113353371	0.8452	3146	CSF_Ab42
rs491711	11	28742220	A	C	0.311115	0.003193	0.004413	0.7235440743258554	0.4694	3146	CSF_Ab42
rs7126316	11	46660550	T	A	0.158343	-0.002293	0.005386999999999999	-0.4256543530722109	0.6704	3146	CSF_Ab42
rs2282640	11	66245851	G	T	0.277069	-0.008655	0.004414	-1.9608065246941546	0.05	3146	CSF_Ab42
rs11237918	11	79294066	T	C	0.377499	0.005598	0.004168	1.3430902111324377	0.1793	3146	CSF_Ab42
rs613597	11	88598646	A	G	0.742826	0.003911	0.004282	0.913358	0.3611	3146	CSF_Ab42
rs200268729	NA	NA	NA	NA	NA	NA	NA	NA	NA	NA	NA
rs34634095	NA	NA	NA	NA	NA	NA	NA	NA	NA	NA	NA
rs117896932	12	23667103	A	G	0.078022	0.005569	0.0068980000000000005	0.8073354595534937	0.4196	3146	CSF_Ab42
rs7978702	NA	NA	NA	NA	NA	NA	NA	NA	NA	NA	NA
rs12826749	12	46412497	C	G	0.368128	-0.002604	0.004203	-0.6195574589578872	0.5356	3146	CSF_Ab42
rs12831185	12	53860781	A	G	0.155285	0.005557	0.005612	0.9901995723449751	0.3221	3146	CSF_Ab42
rs4762204	12	98776847	G	A	0.304869	0.0015220000000000001	0.0047350000000000005	0.3214361140443506	0.748	3146	CSF_Ab42
rs35287743	12	110057250	G	T	0.133563	0.005861	0.0065959999999999994	0.8885688295936932	0.3743	3146	CSF_Ab42
rs560815	13	55935080	T	A	0.723032	0.006711	0.004478	1.49866	0.1341	3146	CSF_Ab42
rs10161952	13	59474383	A	C	0.297415	-0.00115	0.0044340000000000004	-0.25935949481281007	0.7954	3146	CSF_Ab42
rs9513754	13	101043420	C	T	0.283253	0.001861	0.004497	0.4138314431843451	0.6791	3146	CSF_Ab42
rs7986546	13	107712513	A	G	0.350055	7.817999999999999e-4	0.004392	0.1780054644808743	0.8587	3146	CSF_Ab42
rs8018402	14	31422972	A	G	0.751997	0.00115	0.0044740000000000005	0.257041	0.7971	3146	CSF_Ab42
rs2350901	NA	NA	NA	NA	NA	NA	NA	NA	NA	NA	NA
rs8018535	14	85800256	G	T	0.22894	-0.007219	0.004435000000000001	-1.6277339346110482	0.1037	3146	CSF_Ab42
rs2664292	14	99676807	A	G	0.687592	0.002785	0.004369	0.637446	0.5239	3146	CSF_Ab42
rs4905897	14	100275413	T	C	0.450073	-0.002339	0.004084	-0.5727228207639569	0.5669	3146	CSF_Ab42
rs3892657	NA	NA	NA	NA	NA	NA	NA	NA	NA	NA	NA
rs12906493	15	35933286	T	C	0.172533	0.005372	0.004872	1.1026272577996716	0.2703	3146	CSF_Ab42
rs16959955	NA	NA	NA	NA	NA	NA	NA	NA	NA	NA	NA
rs58645417	15	75325858	T	G	0.0781991	-0.01324	0.007579000000000001	-1.7469323129700487	0.08073999999999999	3146	CSF_Ab42
rs75264826	16	7280672	A	T	0.0915851	-0.008722	0.007006999999999999	-1.244755244755245	0.2134	3146	CSF_Ab42
rs12599142	16	12546253	C	T	0.332725	-7.432000000000001e-4	0.004404	-0.16875567665758404	0.866	3146	CSF_Ab42
rs56094641	16	53806453	A	G	0.446604	0.005287	0.004174000000000001	1.266650694777192	0.2054	3146	CSF_Ab42
rs7190210	16	64604919	T	G	0.571817	0.001574	0.004234	0.371752	0.7101	3146	CSF_Ab42
rs11859365	16	83683945	A	C	0.275036	-0.0032270000000000003	0.004752	-0.6790824915824916	0.4971	3146	CSF_Ab42
rs72813607	17	29461525	G	A	0.11216	-0.00195	0.0059240000000000004	-0.3291694800810263	0.7421	3146	CSF_Ab42
rs7359623	17	38049589	C	T	0.499818	-0.005871	0.004075	-1.4407361963190186	0.1498	3146	CSF_Ab42
rs7210182	17	45327140	G	A	0.207122	0.004913	0.004764	1.0312762384550798	0.3025	3146	CSF_Ab42
rs9955276	NA	NA	NA	NA	NA	NA	NA	NA	NA	NA	NA
rs690189	18	8897035	T	C	0.390893	-0.002667	0.004222	-0.6316911416390336	0.5276	3146	CSF_Ab42
rs12150688	NA	NA	NA	NA	NA	NA	NA	NA	NA	NA	NA
rs175404	18	23163166	T	A	0.450329	-2.0449999999999998e-4	0.004079	-0.050134836969845546	0.96	3146	CSF_Ab42
rs140758629	18	40133500	G	A	0.0182905	0.001074	0.011009999999999999	0.09754768392370573	0.9223	3146	CSF_Ab42
rs17818263	18	58865261	G	A	0.335215	-0.001663	0.004497999999999999	-0.36971987550022234	0.7116	3146	CSF_Ab42
rs113606005	19	5122828	T	C	0.151108	-0.004328	0.006129	-0.7061510850057106	0.4801	3146	CSF_Ab42
rs1667369	NA	NA	NA	NA	NA	NA	NA	NA	NA	NA	NA
rs12721051	NA	NA	NA	NA	NA	NA	NA	NA	NA	NA	NA
rs380743	NA	NA	NA	NA	NA	NA	NA	NA	NA	NA	NA
rs10460629	20	12483602	C	T	0.144751	0.003871	0.006773	0.5715340321866234	0.5677	3146	CSF_Ab42
rs2425026	20	33847253	C	T	0.45668	-0.00118	0.004212	-0.28015194681861355	0.7794	3146	CSF_Ab42
rs6017250	20	42661504	T	C	0.736909	0.002259	0.004822	0.468478	0.6395	3146	CSF_Ab42
rs6089741	NA	NA	NA	NA	NA	NA	NA	NA	NA	NA	NA
rs2413052	NA	NA	NA	NA	NA	NA	NA	NA	NA	NA	NA
rs140533	22	47781770	C	T	0.149075	-0.005484	0.0058850000000000005	-0.9318606627017841	0.3515	3146	CSF_Ab42
