$`Main MR results`
       Exposure       MR Analysis Causal Estimate         Sd     T-stat
1 beta.exposure               Raw     -0.03728347 0.04210825 -0.8854197
2 beta.exposure Outlier-corrected     -0.04725207 0.04008914 -1.1786750
    P-value
1 0.3784283
2 0.2418557

$`MR-PRESSO results`
$`MR-PRESSO results`$`Global Test`
$`MR-PRESSO results`$`Global Test`$RSSobs
[1] 112.5602

$`MR-PRESSO results`$`Global Test`$Pvalue
[1] 0.0372


$`MR-PRESSO results`$`Outlier Test`
         RSSobs Pvalue
1  8.498526e-05      1
2  1.118254e-04      1
3  1.030813e-04      1
4  9.735205e-04      1
5  1.139998e-03      1
6  2.298867e-04      1
7  7.369879e-05      1
8  1.442082e-04      1
9  5.522091e-05      1
10 4.288375e-05      1
11 2.941399e-05      1
12 4.227003e-06      1
13 7.017814e-04      1
14 6.310289e-04      1
15 3.807465e-07      1
16 8.188725e-04      1
17 3.309806e-05      1
18 3.575316e-04      1
19 8.015269e-06      1
20 1.263377e-05      1
21 4.173469e-05      1
22 3.141647e-04      1
23 1.605042e-04      1
24 8.757285e-05      1
25 1.603950e-04      1
26 2.069708e-04      1
27 2.857798e-05      1
28 1.015144e-04      1
29 3.993084e-03  0.043
30 9.091917e-05      1
31 1.893234e-03 0.5418
32 1.559979e-06      1
33 2.173080e-03      1
34 8.267449e-05      1
35 1.414743e-05      1
36 1.313925e-03      1
37 1.673220e-04      1
38 1.089098e-04      1
39 1.048682e-04      1
40 4.150378e-04      1
41 7.147014e-04      1
42 7.580407e-04      1
43 2.378050e-04      1
44 2.884137e-04      1
45 2.757892e-04      1
46 6.503168e-05      1
47 1.460396e-06      1
48 3.122486e-05      1
49 7.429144e-06      1
50 8.905313e-05      1
51 1.066552e-04      1
52 5.088644e-06      1
53 5.705631e-04      1
54 5.877835e-03      1
55 2.082722e-04      1
56 4.589628e-05      1
57 1.477123e-04      1
58 1.868168e-04      1
59 4.598493e-05      1
60 1.416759e-03      1
61 2.165120e-05      1
62 2.757934e-06      1
63 6.752433e-05      1
64 4.250144e-04      1
65 3.002356e-04      1
66 1.998088e-04      1
67 4.208709e-05      1
68 7.085774e-06      1
69 1.188049e-03      1
70 1.178422e-03      1
71 2.042561e-04      1
72 2.558425e-04      1
73 1.263768e-03      1
74 1.532713e-03 0.4042
75 1.597069e-03      1
76 2.177484e-04      1
77 1.482038e-04      1
78 1.001735e-04      1
79 3.613461e-04      1
80 3.136648e-05      1
81 5.260170e-06      1
82 3.883752e-04      1
83 2.785928e-03      1
84 1.903468e-06      1
85 7.554341e-05      1
86 3.327362e-04      1

$`MR-PRESSO results`$`Distortion Test`
$`MR-PRESSO results`$`Distortion Test`$`Outliers Indices`
[1] 29

$`MR-PRESSO results`$`Distortion Test`$`Distortion Coefficient`
beta.exposure 
     21.09664 

$`MR-PRESSO results`$`Distortion Test`$Pvalue
[1] 0.8577



