$`Main MR results`
       Exposure       MR Analysis Causal Estimate        Sd    T-stat   P-value
1 beta.exposure               Raw      0.92746450 0.7191972 1.2895830 0.2001119
2 beta.exposure Outlier-corrected      0.09435872 0.1537939 0.6135399 0.5408987

$`MR-PRESSO results`
$`MR-PRESSO results`$`Global Test`
$`MR-PRESSO results`$`Global Test`$RSSobs
[1] 2606.007

$`MR-PRESSO results`$`Global Test`$Pvalue
[1] "<1e-04"


$`MR-PRESSO results`$`Outlier Test`
          RSSobs  Pvalue
1   3.839168e-04       1
2   2.560101e-04       1
3   2.287488e-04       1
4   7.988710e-04       1
5   2.165820e-04       1
6   5.729086e-04       1
7   5.861539e-05       1
8   2.347793e-04       1
9   1.224122e-05       1
10  1.414793e-07       1
11  5.396512e-03       1
12  5.549443e-03       1
13  6.604007e-03       1
14  1.288996e-04       1
15  1.820864e-04       1
16  2.761080e-04       1
17  1.920123e-06       1
18  2.056350e-07       1
19  1.324106e-04       1
20  3.188423e-03  0.3914
21  1.271795e-04       1
22  4.856313e-04       1
23  1.016761e-03       1
24  1.012940e-05       1
25  2.654722e-03       1
26  2.408563e-05       1
27  4.409788e-04       1
28  1.320277e-02       1
29  2.614162e-04       1
30  2.882097e-03       1
31  3.772640e-04       1
32  2.820800e-05       1
33  1.470185e-04       1
34  1.571345e-03       1
35  5.000932e-06       1
36  6.486742e-06       1
37  1.468940e-03       1
38  3.115973e-04       1
39  2.943667e-04       1
40  4.977251e-06       1
41  1.132767e-04       1
42  5.078438e-04       1
43  1.026673e-04       1
44  6.333633e-04       1
45  1.306041e-05       1
46  2.466418e-05       1
47  7.711966e-05       1
48  2.796025e-03       1
49  2.169863e-04       1
50  3.171863e-03  0.0515
51  4.776171e-05       1
52  4.057442e-04       1
53  1.289780e-03       1
54  3.794688e-04       1
55  1.971419e-05       1
56  8.221527e-08       1
57  1.526709e-04       1
58  2.026105e-04       1
59  6.898996e-04       1
60  4.151362e-04       1
61  1.817713e+00 <0.0103
62  3.788727e-04       1
63  1.325517e-05       1
64  7.156515e-04       1
65  3.550686e-04       1
66  6.291518e-05       1
67  3.841402e-06       1
68  1.070311e-03       1
69  3.339381e-06       1
70  5.508150e-04       1
71  6.173230e-09       1
72  6.389859e-06       1
73  6.272705e-04       1
74  5.942813e-05       1
75  1.045203e-02       1
76  9.690219e-06       1
77  5.124249e-04       1
78  5.642727e-04       1
79  3.347492e-04       1
80  1.424919e-04       1
81  3.624723e-04       1
82  1.392500e-03       1
83  7.599015e-04       1
84  3.890887e-05       1
85  5.335215e-04       1
86  1.353651e-03       1
87  1.202931e-05       1
88  1.430357e-04       1
89  3.728547e-05       1
90  1.273816e-05       1
91  6.193411e-04       1
92  1.964680e-03       1
93  1.288733e-05       1
94  4.540077e-05       1
95  5.094787e-04       1
96  4.561294e-05       1
97  1.837098e-03  0.8858
98  8.695792e-05       1
99  1.811498e-04       1
100 1.140206e-04       1
101 7.487341e-05       1
102 2.852688e-03  0.4635
103 3.928202e-03  0.0618

$`MR-PRESSO results`$`Distortion Test`
$`MR-PRESSO results`$`Distortion Test`$`Outliers Indices`
[1] 61

$`MR-PRESSO results`$`Distortion Test`$`Distortion Coefficient`
beta.exposure 
     882.9133 

$`MR-PRESSO results`$`Distortion Test`$Pvalue
[1] "<1e-04"



