$`Main MR results`
       Exposure       MR Analysis Causal Estimate          Sd      T-stat
1 beta.exposure               Raw   -0.0010871238 0.003086510 -0.35221777
2 beta.exposure Outlier-corrected    0.0002250953 0.002971088  0.07576193
    P-value
1 0.7254551
2 0.9397695

$`MR-PRESSO results`
$`MR-PRESSO results`$`Global Test`
$`MR-PRESSO results`$`Global Test`$RSSobs
[1] 170.4549

$`MR-PRESSO results`$`Global Test`$Pvalue
[1] "<1e-04"


$`MR-PRESSO results`$`Outlier Test`
         RSSobs  Pvalue
1  2.078756e-06       1
2  6.036461e-07       1
3  1.503086e-06       1
4  1.925108e-06       1
5  1.297372e-06       1
6  7.706756e-08       1
7  9.265627e-06       1
8  1.273822e-06       1
9  1.072716e-06       1
10 1.644353e-06       1
11 2.932420e-08       1
12 1.748848e-06       1
13 1.164300e-06       1
14 2.062411e-06       1
15 3.866084e-07       1
16 2.228090e-07       1
17 6.100257e-07       1
18 9.093990e-07       1
19 1.042379e-06       1
20 1.347778e-07       1
21 2.045604e-06       1
22 7.640606e-07       1
23 3.360970e-06       1
24 1.203715e-06       1
25 2.908455e-07       1
26 1.800146e-07       1
27 1.131271e-06       1
28 7.797043e-07       1
29 7.316405e-07       1
30 3.356305e-07       1
31 1.696972e-08       1
32 1.261601e-06       1
33 3.185619e-06       1
34 2.700091e-07       1
35 4.345021e-06       1
36 7.438678e-06  0.1344
37 6.753415e-07       1
38 3.094611e-06       1
39 1.095994e-05 <0.0096
40 6.170727e-06  0.6816
41 3.120207e-06       1
42 1.919117e-07       1
43 2.040249e-06       1
44 5.649768e-08       1
45 4.584874e-07       1
46 7.738217e-07       1
47 1.414591e-07       1
48 3.933984e-07       1
49 1.403530e-06       1
50 7.450155e-06   0.624
51 4.617591e-07       1
52 1.490556e-06       1
53 1.165127e-06       1
54 1.403351e-06       1
55 7.758717e-07       1
56 1.119576e-06       1
57 9.457449e-10       1
58 7.806364e-08       1
59 1.399530e-06       1
60 1.772264e-06       1
61 2.316601e-06       1
62 2.358854e-07       1
63 2.723465e-07       1
64 1.013663e-05  0.0672
65 1.139458e-06       1
66 5.969561e-07       1
67 1.501146e-06       1
68 1.060686e-06       1
69 3.361318e-07       1
70 2.271860e-08       1
71 1.807565e-07       1
72 2.445021e-08       1
73 1.179377e-07       1
74 6.965281e-10       1
75 5.022902e-09       1
76 1.370965e-07       1
77 1.550662e-07       1
78 1.852995e-07       1
79 7.484855e-08       1
80 1.077971e-06       1
81 7.032659e-08       1
82 1.912132e-06       1
83 5.375101e-07       1
84 8.745614e-07       1
85 8.551109e-07       1
86 2.997504e-06       1
87 8.334629e-10       1
88 1.559502e-08       1
89 1.910619e-06       1
90 2.040960e-06       1
91 4.115193e-06       1
92 1.636785e-08       1
93 2.025079e-08       1
94 1.267984e-06       1
95 7.784051e-07       1
96 7.295554e-08       1

$`MR-PRESSO results`$`Distortion Test`
$`MR-PRESSO results`$`Distortion Test`$`Outliers Indices`
[1] 39

$`MR-PRESSO results`$`Distortion Test`$`Distortion Coefficient`
beta.exposure 
    -582.9615 

$`MR-PRESSO results`$`Distortion Test`$Pvalue
[1] 0.057



