$`Main MR results`
       Exposure       MR Analysis Causal Estimate          Sd      T-stat
1 beta.exposure               Raw   -0.0002962566 0.003145652 -0.09417971
2 beta.exposure Outlier-corrected    0.0010868385 0.003021368  0.35971734
    P-value
1 0.9251690
2 0.7198829

$`MR-PRESSO results`
$`MR-PRESSO results`$`Global Test`
$`MR-PRESSO results`$`Global Test`$RSSobs
[1] 166.5767

$`MR-PRESSO results`$`Global Test`$Pvalue
[1] "<1e-04"


$`MR-PRESSO results`$`Outlier Test`
         RSSobs  Pvalue
1  2.221782e-06       1
2  6.328592e-07       1
3  1.463445e-06       1
4  1.664111e-06       1
5  1.243075e-06       1
6  8.691218e-08       1
7  9.121019e-06       1
8  1.232745e-06       1
9  1.029197e-06       1
10 1.686628e-06       1
11 1.462842e-07       1
12 1.712706e-06       1
13 1.203843e-06       1
14 2.004829e-06       1
15 3.687605e-07       1
16 2.444256e-07       1
17 5.371735e-07       1
18 1.063358e-06       1
19 1.015245e-06       1
20 1.538104e-07       1
21 1.992458e-06       1
22 8.011756e-07       1
23 3.292236e-06       1
24 1.453243e-06       1
25 2.631831e-07       1
26 7.679493e-08       1
27 1.195343e-06       1
28 8.050091e-07       1
29 6.783127e-07       1
30 3.548152e-07       1
31 1.182216e-08       1
32 1.229321e-06       1
33 3.240170e-06       1
34 2.563159e-07       1
35 4.408233e-06       1
36 7.357789e-06  0.2256
37 7.852387e-07       1
38 3.211477e-06       1
39 1.122975e-05 <0.0094
40 6.259425e-06  0.5452
41 3.012421e-06       1
42 1.698796e-07       1
43 1.991441e-06       1
44 4.480640e-08       1
45 4.849899e-07       1
46 8.037452e-07       1
47 1.559776e-07       1
48 3.709412e-07       1
49 1.435159e-06       1
50 7.360583e-06  0.5922
51 4.850679e-07       1
52 1.458879e-06       1
53 1.203793e-06       1
54 1.435172e-06       1
55 8.050359e-07       1
56 1.264175e-06       1
57 7.027365e-11       1
58 8.711366e-08       1
59 1.724178e-06       1
60 2.276450e-06       1
61 2.467355e-07       1
62 2.571476e-07       1
63 1.026087e-05  0.1034
64 6.360584e-07       1
65 1.369011e-06       1
66 1.023445e-06       1
67 3.553670e-07       1
68 3.568406e-08       1
69 1.665220e-07       1
70 1.360672e-08       1
71 9.776285e-08       1
72 5.174048e-11       1
73 8.564219e-09       1
74 1.549718e-07       1
75 1.116719e-07       1
76 1.681330e-07       1
77 8.611023e-08       1
78 1.031787e-06       1
79 8.466315e-08       1
80 1.957281e-06       1
81 5.072902e-07       1
82 8.305229e-07       1
83 8.263843e-07       1
84 2.937778e-06       1
85 6.192648e-11       1
86 1.147214e-08       1
87 1.957815e-06       1
88 1.993562e-06       1
89 4.044848e-06       1
90 1.165132e-08       1
91 1.257389e-08       1
92 1.230313e-06       1
93 8.049951e-07       1
94 8.616137e-08       1

$`MR-PRESSO results`$`Distortion Test`
$`MR-PRESSO results`$`Distortion Test`$`Outliers Indices`
[1] 39

$`MR-PRESSO results`$`Distortion Test`$`Distortion Coefficient`
beta.exposure 
    -127.2586 

$`MR-PRESSO results`$`Distortion Test`$Pvalue
[1] 0.1877



