$`Main MR results`
       Exposure       MR Analysis Causal Estimate       Sd    T-stat   P-value
1 beta.exposure               Raw       -29.78483 44.21863 -0.673581 0.5026483
2 beta.exposure Outlier-corrected              NA       NA        NA        NA

$`MR-PRESSO results`
$`MR-PRESSO results`$`Global Test`
$`MR-PRESSO results`$`Global Test`$RSSobs
[1] 106.0492

$`MR-PRESSO results`$`Global Test`$Pvalue
[1] 0.0159


$`MR-PRESSO results`$`Outlier Test`
         RSSobs Pvalue
1  6.171403e-01      1
2  6.596180e+00      1
3  1.883843e+02 0.1672
4  7.008584e+01      1
5  5.987558e+00      1
6  4.945701e+00      1
7  7.486927e+01      1
8  2.189540e+01      1
9  1.149238e+01      1
10 4.597323e-01      1
11 1.120234e+01      1
12 1.159698e+02      1
13 1.025661e+01      1
14 2.615613e+02 0.1824
15 6.767056e+00      1
16 3.647989e-02      1
17 6.017647e+01      1
18 7.355489e+00      1
19 1.499576e+02 0.6612
20 7.533994e+01      1
21 3.879216e+00      1
22 1.314505e+02      1
23 1.210913e+02      1
24 5.567591e+00      1
25 1.193671e+01      1
26 3.207569e+01      1
27 3.668812e+00      1
28 1.573486e+02      1
29 2.201307e+01      1
30 9.964365e+00      1
31 6.204618e+00      1
32 1.356216e+01      1
33 2.561540e-01      1
34 2.808113e+01      1
35 3.151815e+01      1
36 8.006827e+01      1
37 7.327968e-01      1
38 5.765729e-01      1
39 1.099011e+02      1
40 1.915087e+00      1
41 4.316297e+00      1
42 1.355918e+00      1
43 4.301758e+00      1
44 3.938361e+01      1
45 2.791455e-01      1
46 3.369883e+01      1
47 3.404225e+01      1
48 4.919363e+00      1
49 2.816710e-01      1
50 2.707421e-04      1
51 9.196095e-01      1
52 1.559387e+00      1
53 2.294178e-02      1
54 7.912032e+00      1
55 1.608652e+02      1
56 4.272503e+01      1
57 9.429628e+01      1
58 5.897003e-02      1
59 2.392457e+01      1
60 1.291664e+02      1
61 8.114812e+01      1
62 3.848764e+01      1
63 1.545361e+00      1
64 1.137552e+01      1
65 8.213404e+01      1
66 8.359590e+00      1
67 3.669414e+03 0.2052
68 1.495066e+02      1
69 1.455584e+01      1
70 5.709238e+01      1
71 3.609555e+01      1
72 8.420878e+00      1
73 1.700176e+00      1
74 3.266441e+01      1
75 3.247536e+01      1
76 9.388389e+01      1

$`MR-PRESSO results`$`Distortion Test`
$`MR-PRESSO results`$`Distortion Test`$`Outliers Indices`
[1] "No significant outliers"

$`MR-PRESSO results`$`Distortion Test`$`Distortion Coefficient`
[1] NA

$`MR-PRESSO results`$`Distortion Test`$Pvalue
[1] NA



