$`Main MR results`
       Exposure       MR Analysis Causal Estimate       Sd    T-stat   P-value
1 beta.exposure               Raw       -53.41727 51.21268 -1.043048 0.2995187
2 beta.exposure Outlier-corrected              NA       NA        NA        NA

$`MR-PRESSO results`
$`MR-PRESSO results`$`Global Test`
$`MR-PRESSO results`$`Global Test`$RSSobs
[1] 141.7388

$`MR-PRESSO results`$`Global Test`$Pvalue
[1] 0.0042


$`MR-PRESSO results`$`Outlier Test`
         RSSobs Pvalue
1  7.477876e+01      1
2  1.305611e+01      1
3  1.054705e+02      1
4  4.330357e+01      1
5  9.433016e+01      1
6  5.697154e+00      1
7  1.287074e+02      1
8  1.225171e+02      1
9  5.532150e+01      1
10 1.173605e+02      1
11 2.319793e+01      1
12 5.974762e+00      1
13 3.545249e+00      1
14 8.056971e+00      1
15 1.020095e+02      1
16 3.966095e+01      1
17 8.265519e+01      1
18 2.277074e+02      1
19 7.979906e+00      1
20 9.365806e+01      1
21 3.963149e+01      1
22 4.155012e+01      1
23 4.439349e+02      1
24 7.483506e+00      1
25 8.407570e+01      1
26 1.026712e+00      1
27 8.655860e+02      1
28 9.339546e+01      1
29 3.591815e+00      1
30 2.272479e+03      1
31 2.833226e+01      1
32 6.726950e-01      1
33 1.889898e+01      1
34 1.667116e-03      1
35 3.479283e+02      1
36 1.965444e-01      1
37 2.414333e+00      1
38 3.465958e+01      1
39 6.949204e-01      1
40 4.380773e-01      1
41 2.318018e+01      1
42 9.330440e+00      1
43 4.740429e-02      1
44 1.716214e+02 0.4508
45 1.104542e+02      1
46 9.040678e+01      1
47 2.369932e+01      1
48 2.120068e+01      1
49 2.746817e-01      1
50 2.615241e+02 0.6566
51 2.587649e+00      1
52 9.257149e+01      1
53 4.263593e+00      1
54 1.559110e+01      1
55 1.139707e+02      1
56 5.703265e+02 0.0588
57 1.486936e+00      1
58 4.990919e+00      1
59 4.667786e+01      1
60 3.400497e-02      1
61 2.352824e+01      1
62 7.911864e+00      1
63 1.487950e+02      1
64 1.550521e+01      1
65 4.157689e+01      1
66 1.026181e+00      1
67 9.570710e-01      1
68 5.773058e+00      1
69 1.028727e-02      1
70 1.122636e+02      1
71 6.424343e+00      1
72 6.433120e+01      1
73 2.695153e+00      1
74 3.820964e+01      1
75 6.419271e+00      1
76 1.594693e+01      1
77 1.715934e+00      1
78 6.918510e+00      1
79 9.877253e-01      1
80 8.893953e+00      1
81 1.823600e-01      1
82 5.519597e+00      1
83 4.195112e+01      1
84 3.312547e+00      1
85 4.900231e+01      1
86 2.639194e+01      1
87 2.511706e+01      1
88 9.629168e+01      1
89 1.708015e+03      1
90 1.128284e+02      1
91 2.347881e+01      1
92 3.880724e+01      1
93 2.568255e+01      1
94 6.894559e+00      1
95 2.907893e-01      1
96 1.384077e+02      1
97 1.261009e+00      1
98 1.571692e+01      1

$`MR-PRESSO results`$`Distortion Test`
$`MR-PRESSO results`$`Distortion Test`$`Outliers Indices`
[1] "No significant outliers"

$`MR-PRESSO results`$`Distortion Test`$`Distortion Coefficient`
[1] NA

$`MR-PRESSO results`$`Distortion Test`$Pvalue
[1] NA



