$`Main MR results`
       Exposure       MR Analysis Causal Estimate        Sd     T-stat  P-value
1 beta.exposure               Raw     -0.01931401 0.1577255 -0.1224533 0.902836
2 beta.exposure Outlier-corrected              NA        NA         NA       NA

$`MR-PRESSO results`
$`MR-PRESSO results`$`Global Test`
$`MR-PRESSO results`$`Global Test`$RSSobs
[1] 114.5135

$`MR-PRESSO results`$`Global Test`$Pvalue
[1] 0.0202


$`MR-PRESSO results`$`Outlier Test`
         RSSobs Pvalue
1  1.601544e-04      1
2  3.131223e-05      1
3  1.254101e-04      1
4  2.997257e-03      1
5  2.807452e-04      1
6  7.112577e-03      1
7  1.427652e-03      1
8  4.123066e-06      1
9  5.971200e-04      1
10 2.525667e-04      1
11 1.222532e-03      1
12 3.918015e-03      1
13 1.337763e-03      1
14 2.694205e-06      1
15 7.951717e-03      1
16 1.567800e-03      1
17 3.916012e-03      1
18 1.804392e-04      1
19 7.459160e-03      1
20 4.804271e-04      1
21 3.453461e-04      1
22 7.065453e-04      1
23 6.095160e-03      1
24 6.709089e-04      1
25 6.554350e-06      1
26 3.377099e-04      1
27 4.517030e-03      1
28 2.354598e-07      1
29 6.779776e-04      1
30 6.296512e-04      1
31 7.497613e-05      1
32 1.052933e-03      1
33 7.323058e-03      1
34 6.077695e-03      1
35 2.093504e-03      1
36 3.399518e-03      1
37 1.664048e-03      1
38 2.693630e-03      1
39 2.898598e-05      1
40 7.575996e-09      1
41 1.683988e-04      1
42 7.165241e-04      1
43 1.084911e-03      1
44 4.061092e-03      1
45 1.217575e-03      1
46 7.268690e-04      1
47 1.715747e-03      1
48 1.272965e-04      1
49 3.619265e-03      1
50 4.675012e-04      1
51 6.806552e-04      1
52 2.346959e-03      1
53 1.394985e-04      1
54 6.162469e-04      1
55 1.468235e-04      1
56 1.049698e-03      1
57 8.160831e-04      1
58 1.623100e-04      1
59 1.535402e-03      1
60 3.004833e-05      1
61 5.585412e-04      1
62 6.426043e-04      1
63 1.460439e-03      1
64 1.164107e-03      1
65 1.105234e-04      1
66 5.220766e-03      1
67 2.623716e-03      1
68 3.644398e-04      1
69 1.019532e-05      1
70 6.067018e-04      1
71 3.045416e-06      1
72 4.469649e-03      1
73 1.170651e-03      1
74 7.574184e-04      1
75 1.463473e-03      1
76 6.904839e-06      1
77 3.388774e-05      1
78 9.283216e-04      1
79 2.978265e-03      1
80 2.590971e-03      1
81 5.991566e-05      1
82 1.284417e-06      1
83 2.809027e-03      1
84 2.315073e-04      1

$`MR-PRESSO results`$`Distortion Test`
$`MR-PRESSO results`$`Distortion Test`$`Outliers Indices`
[1] "No significant outliers"

$`MR-PRESSO results`$`Distortion Test`$`Distortion Coefficient`
[1] NA

$`MR-PRESSO results`$`Distortion Test`$Pvalue
[1] NA



