SNP	CHROM	POS	REF	ALT	AF	BETA	SE	Z	P	N	TRAIT
rs74079553	NA	NA	NA	NA	NA	NA	NA	NA	NA	NA	NA
rs12033923	1	77896355	T	C	0.0828187	-0.01899	0.01192	-1.5931208053691275	0.1111	3146	CSF_ab42
rs10923030	1	88617883	C	T	0.237645	0.009640000000000001	0.006412	1.503431066749844	0.1328	3146	CSF_ab42
rs11809772	NA	NA	NA	NA	NA	NA	NA	NA	NA	NA	NA
rs12145483	1	208973877	T	C	0.169326	0.007004000000000001	0.007909000000000001	0.8855733973953723	0.3759	3146	CSF_ab42
rs11119365	NA	NA	NA	NA	NA	NA	NA	NA	NA	NA	NA
rs116258323	1	214449747	C	T	0.0427117	-0.01008	0.01278	-0.7887323943661972	0.4305	3146	CSF_ab42
rs11683756	NA	NA	NA	NA	NA	NA	NA	NA	NA	NA	NA
rs370025	2	13418275	C	T	0.054951	0.0018219999999999998	0.01155	0.15774891774891775	0.8746	3146	CSF_ab42
rs4832509	2	18059381	A	G	0.870727	0.02208	0.008053	2.74184	0.006138	3146	CSF_ab42
rs1260326	2	27730940	T	C	0.613661	0.005121	0.005377000000000001	0.95239	0.341	3146	CSF_ab42
rs7597379	2	44119416	T	C	0.512177	0.002486	0.005835	0.42605	0.6702	3146	CSF_ab42
rs4953148	2	45152522	A	T	0.393324	0.006945999999999999	0.007083	0.9806579133135676	0.3269	3146	CSF_ab42
rs11677810	NA	NA	NA	NA	NA	NA	NA	NA	NA	NA	NA
rs10153775	2	78613996	C	A	0.697738	0.008453	0.005741	1.47239	0.141	3146	CSF_ab42
rs114658808	2	119423996	G	A	0.0591222	0.01107	0.01575	0.7028571428571428	0.4822	3146	CSF_ab42
rs4972811	NA	NA	NA	NA	NA	NA	NA	NA	NA	NA	NA
rs6760497	2	211455953	A	G	0.413384	0.001689	0.005435	0.3107635694572217	0.7559999999999999	3146	CSF_ab42
rs11718871	NA	NA	NA	NA	NA	NA	NA	NA	NA	NA	NA
rs6807666	3	85594428	A	C	0.699163	0.002426	0.005538	0.438064	0.6614	3146	CSF_ab42
rs55726529	NA	NA	NA	NA	NA	NA	NA	NA	NA	NA	NA
rs6764067	3	160394152	T	C	0.413523	0.008249	0.0059960000000000005	1.3757505003335555	0.16899999999999998	3146	CSF_ab42
rs11940694	4	39414993	A	G	0.605493	0.006093	0.005790999999999999	1.05215	0.2928	3146	CSF_ab42
rs187725101	NA	NA	NA	NA	NA	NA	NA	NA	NA	NA	NA
rs537715653	NA	NA	NA	NA	NA	NA	NA	NA	NA	NA	NA
rs144198753	NA	NA	NA	NA	NA	NA	NA	NA	NA	NA	NA
rs11733695	NA	NA	NA	NA	NA	NA	NA	NA	NA	NA	NA
rs148382129	NA	NA	NA	NA	NA	NA	NA	NA	NA	NA	NA
rs13107325	4	103188709	C	T	0.0473169	-0.01841	0.010320000000000001	-1.7839147286821704	0.07447000000000001	3146	CSF_ab42
rs2088483	4	106216367	T	C	0.340727	-0.001385	0.006005	-0.23064113238967526	0.8176	3146	CSF_ab42
rs6533629	4	113494607	G	A	0.397123	-0.0037939999999999996	0.005902	-0.6428329379871229	0.5204	3146	CSF_ab42
rs34174593	5	7657967	G	A	0.0540247	4.436e-4	0.013019999999999999	0.03407066052227343	0.9728	3146	CSF_ab42
rs149394357	NA	NA	NA	NA	NA	NA	NA	NA	NA	NA	NA
rs78046126	NA	NA	NA	NA	NA	NA	NA	NA	NA	NA	NA
rs9372625	6	98344031	G	A	0.334676	-3.9860000000000004e-4	0.006	-0.06643333333333334	0.9470000000000001	3146	CSF_ab42
rs9347805	NA	NA	NA	NA	NA	NA	NA	NA	NA	NA	NA
rs146365067	NA	NA	NA	NA	NA	NA	NA	NA	NA	NA	NA
rs4739209	8	20991587	G	T	0.206609	-0.0077930000000000004	0.006756999999999999	-1.153322480390706	0.2489	3146	CSF_ab42
rs35040843	NA	NA	NA	NA	NA	NA	NA	NA	NA	NA	NA
rs16872457	8	106149928	G	A	0.204975	-0.002525	0.007123999999999999	-0.3544357102751264	0.723	3146	CSF_ab42
rs11779830	8	126796400	T	C	0.406511	-0.003149	0.005785	-0.5443388072601555	0.5862	3146	CSF_ab42
rs13266268	NA	NA	NA	NA	NA	NA	NA	NA	NA	NA	NA
rs531322888	NA	NA	NA	NA	NA	NA	NA	NA	NA	NA	NA
rs3138496	NA	NA	NA	NA	NA	NA	NA	NA	NA	NA	NA
rs74424378	9	109331094	T	G	0.217026	-0.004636	0.00617	-0.7513776337115073	0.4525	3146	CSF_ab42
rs201332355	NA	NA	NA	NA	NA	NA	NA	NA	NA	NA	NA
rs150347273	10	9398572	G	A	0.0288462	0.006114	0.01686	0.36263345195729535	0.7170000000000001	3146	CSF_ab42
rs7078436	10	30378863	A	G	0.27403	0.001394	0.0060420000000000005	0.23071830519695463	0.8175	3146	CSF_ab42
rs554894200	NA	NA	NA	NA	NA	NA	NA	NA	NA	NA	NA
rs1517311	11	84930506	T	A	0.916999	-0.005447	0.008447	-0.644844	0.5191	3146	CSF_ab42
rs7948028	11	113328681	A	C	0.279007	-0.00498	0.005535	-0.8997289972899729	0.3683	3146	CSF_ab42
rs1042725	12	66358347	C	T	0.459956	-0.001989	0.005302	-0.3751414560543191	0.7076	3146	CSF_ab42
rs73519744	13	71536531	A	G	0.0511797	-0.02389	0.0132	-1.809848484848485	0.07055	3146	CSF_ab42
rs117893703	NA	NA	NA	NA	NA	NA	NA	NA	NA	NA	NA
rs1319338	15	26449418	T	A	0.0669464	-0.01293	0.010759999999999999	-1.2016728624535318	0.2299	3146	CSF_ab42
rs74354286	NA	NA	NA	NA	NA	NA	NA	NA	NA	NA	NA
rs9937062	NA	NA	NA	NA	NA	NA	NA	NA	NA	NA	NA
rs72771074	NA	NA	NA	NA	NA	NA	NA	NA	NA	NA	NA
rs74980679	16	71779310	G	T	0.120508	-0.007195	0.007818	-0.9203121002814019	0.3575	3146	CSF_ab42
rs55938136	NA	NA	NA	NA	NA	NA	NA	NA	NA	NA	NA
rs578102530	NA	NA	NA	NA	NA	NA	NA	NA	NA	NA	NA
rs36045580	17	80987767	G	A	0.133527	0.005869	0.008419	0.6971136714574178	0.4858	3146	CSF_ab42
rs2119292	18	53082974	C	T	0.868612	-0.004441	0.008708	-0.509991	0.6101	3146	CSF_ab42
rs492602	19	49206417	A	G	0.383569	-0.002939	0.005765999999999999	-0.5097121054457163	0.6104	3146	CSF_ab42
rs9610194	22	35392059	C	G	0.0848749	0.005763	0.009914	0.5812991728868268	0.5611	3146	CSF_ab42
rs9607805	22	41854446	C	T	0.738703	-0.00496	0.0060079999999999995	-0.825566	0.4091	3146	CSF_ab42
