$`Main MR results`
       Exposure       MR Analysis Causal Estimate         Sd     T-stat
1 beta.exposure               Raw     -0.01735204 0.01319396 -1.3151506
2 beta.exposure Outlier-corrected     -0.01010068 0.01259614 -0.8018867
    P-value
1 0.1886722
2 0.4227531

$`MR-PRESSO results`
$`MR-PRESSO results`$`Global Test`
$`MR-PRESSO results`$`Global Test`$RSSobs
[1] 1597.275

$`MR-PRESSO results`$`Global Test`$Pvalue
[1] 0.0006133333


$`MR-PRESSO results`$`Outlier Test`
           RSSobs              Pvalue
1    1.176185e-05                   1
2    3.927410e-05                   1
3    1.068735e-05                   1
4    3.817366e-05                   1
5    4.348230e-06                   1
6    2.259104e-04                   1
7    1.919914e-05                   1
8    4.679972e-04                   1
9    1.112396e-04                   1
10   3.172483e-05                   1
11   7.818929e-07                   1
12   3.034292e-07                   1
13   8.648373e-07                   1
14   3.016399e-05                   1
15   1.182982e-06                   1
16   4.385629e-06                   1
17   5.959039e-05                   1
18   9.641203e-06                   1
19   4.159841e-05                   1
20   6.705150e-05                   1
21   1.414371e-04                   1
22   8.252448e-05                   1
23   4.562945e-05                   1
24   4.773795e-05                   1
25   1.906064e-05                   1
26   2.275436e-05                   1
27   4.627549e-05                   1
28   5.757579e-05                   1
29   1.146369e-04                   1
30   2.302280e-06                   1
31   7.410622e-05                   1
32   4.131395e-06                   1
33   1.190998e-04                   1
34   1.526271e-05                   1
35   9.591990e-05                   1
36   1.651732e-04                   1
37   1.336288e-04                   1
38   5.356337e-05                   1
39   2.932043e-06                   1
40   4.404575e-08                   1
41   3.080655e-05                   1
42   4.490602e-06                   1
43   2.850733e-05                   1
44   1.818311e-04                   1
45   3.525689e-05                   1
46   8.888890e-06                   1
47   3.286666e-07                   1
48   3.409987e-06                   1
49   2.925269e-05                   1
50   3.135621e-05                   1
51   1.440260e-07                   1
52   5.161115e-06                   1
53   3.870025e-07                   1
54   3.069913e-04                   1
55   2.490777e-04                   1
56   6.867913e-06                   1
57   1.988945e-06                   1
58   8.214332e-05                   1
59   1.507630e-05                   1
60   1.320628e-04                   1
61   1.064020e-04                   1
62   2.231642e-06                   1
63   1.564692e-04                   1
64   1.033649e-04                   1
65   9.309725e-07                   1
66   2.170777e-05                   1
67   3.499508e-05                   1
68   8.644425e-07                   1
69   1.059526e-05                   1
70   2.583128e-10                   1
71   4.846752e-05                   1
72   3.057755e-05                   1
73   7.662523e-05                   1
74   2.262269e-06                   1
75   3.833976e-06                   1
76   1.749529e-05                   1
77   9.974036e-07                   1
78   9.755423e-10                   1
79   4.940624e-05                   1
80   1.101213e-04                   1
81   7.619885e-05                   1
82   2.476966e-05                   1
83   7.022660e-06                   1
84   7.074052e-06                   1
85   1.373271e-05                   1
86   1.557334e-05                   1
87   1.800135e-05                   1
88   4.759302e-06                   1
89   5.999659e-06                   1
90   1.477216e-05                   1
91   6.849741e-05                   1
92   2.095303e-05                   1
93   8.462100e-05                   1
94   4.520904e-06                   1
95   5.302774e-04                   1
96   7.973594e-05                   1
97   3.811061e-05                   1
98   6.332999e-06                   1
99   2.150280e-05                   1
100  2.923449e-05                   1
101  5.699519e-06                   1
102  3.806837e-06                   1
103  2.903264e-05                   1
104  4.500915e-06                   1
105  1.059068e-04                   1
106  4.227926e-05                   1
107  9.979729e-06                   1
108  4.007096e-06                   1
109  1.413085e-05                   1
110  4.295751e-07                   1
111  4.785203e-05                   1
112  2.887995e-06                   1
113  4.139540e-06                   1
114  2.717118e-05                   1
115  8.379738e-06                   1
116  1.247370e-05                   1
117  7.492698e-05                   1
118  6.689821e-07                   1
119  2.140270e-05                   1
120  4.785147e-06                   1
121  9.305296e-05                   1
122  1.585701e-06                   1
123  2.014343e-05                   1
124  1.093179e-05                   1
125  1.824167e-05                   1
126  5.030230e-06                   1
127  3.973783e-04                   1
128  9.065425e-05                   1
129  1.696064e-07                   1
130  1.041611e-07                   1
131  9.713649e-05                   1
132  5.114680e-10                   1
133  9.245258e-07                   1
134  2.083640e-05                   1
135  4.652504e-05                   1
136  5.925713e-06                   1
137  4.932966e-06                   1
138  3.835920e-06                   1
139  1.423900e-05                   1
140  6.232033e-07                   1
141  5.866063e-05                   1
142  2.712386e-05                   1
143  3.314389e-06                   1
144  1.301365e-07                   1
145  1.230080e-06                   1
146  1.264034e-05                   1
147  1.185681e-06                   1
148  9.146631e-06                   1
149  3.657144e-05                   1
150  1.240961e-04                   1
151  1.306742e-04                   1
152  1.300229e-04                   1
153  7.972573e-07                   1
154  1.608527e-06                   1
155  9.796974e-08                   1
156  1.195490e-05                   1
157  1.240776e-05                   1
158  7.231943e-06                   1
159  4.614591e-07                   1
160  3.803879e-06                   1
161  7.441278e-05                   1
162  1.368695e-05                   1
163  9.823758e-06                   1
164  1.939177e-04                   1
165  4.608657e-05                   1
166  4.116271e-05                   1
167  1.308232e-06                   1
168  2.771900e-06                   1
169  1.862050e-04                   1
170  5.642250e-05                   1
171  3.741144e-06                   1
172  4.110543e-05                   1
173  5.377225e-06                   1
174  1.068211e-05                   1
175  1.749733e-05                   1
176  1.585403e-04                   1
177  4.026211e-05                   1
178  1.494397e-06                   1
179  3.866445e-06                   1
180  1.169862e-05                   1
181  1.065773e-04                   1
182  1.051278e-05                   1
183  8.507885e-05                   1
184  8.711920e-06                   1
185  6.109241e-05                   1
186  1.672639e-07                   1
187  2.605853e-05                   1
188  1.521081e-04                   1
189  5.218486e-05                   1
190  1.837222e-06                   1
191  8.655661e-07                   1
192  4.820370e-05                   1
193  1.301944e-05                   1
194  3.451618e-05                   1
195  5.388717e-05                   1
196  1.482195e-04                   1
197  3.817449e-05                   1
198  2.908849e-05                   1
199  3.400859e-04                   1
200  1.619355e-04                   1
201  2.940118e-05                   1
202  2.780361e-06                   1
203  6.168300e-06                   1
204  2.926149e-06                   1
205  2.695243e-05                   1
206  5.315930e-05                   1
207  1.152082e-04                   1
208  1.536173e-05                   1
209  2.229171e-08                   1
210  4.319541e-04                   1
211  3.257560e-05                   1
212  6.058973e-07                   1
213  2.904316e-06                   1
214  5.892478e-05                   1
215  1.352262e-05                   1
216  1.579609e-06                   1
217  2.670407e-05                   1
218  9.698426e-05                   1
219  1.155956e-05                   1
220  4.719464e-06                   1
221  1.098463e-07                   1
222  2.319690e-06                   1
223  1.028216e-05                   1
224  2.427977e-04                   1
225  1.840358e-05                   1
226  2.415127e-05                   1
227  2.784201e-05                   1
228  1.012413e-04                   1
229  7.422882e-06                   1
230  2.403723e-06                   1
231  1.836995e-07                   1
232  3.518431e-05                   1
233  1.333803e-05                   1
234  1.827440e-05                   1
235  1.675324e-04                   1
236  1.199829e-05                   1
237  4.271623e-06                   1
238  9.885635e-05                   1
239  2.959993e-05                   1
240  3.498687e-05                   1
241  6.774224e-04                   1
242  1.275928e-05                   1
243  3.188631e-06                   1
244  2.804617e-06                   1
245  5.466028e-06                   1
246  9.481146e-05                   1
247  3.682534e-05                   1
248  5.733499e-05                   1
249  1.557996e-05                   1
250  3.295238e-05                   1
251  4.907755e-05                   1
252  4.594563e-05                   1
253  2.225386e-05                   1
254  1.026297e-05                   1
255  1.401340e-04                   1
256  1.145403e-04                   1
257  6.205446e-05                   1
258  2.817319e-05                   1
259  4.233712e-07                   1
260  1.245737e-05                   1
261  1.984322e-05                   1
262  1.069156e-06                   1
263  6.352773e-05                   1
264  1.277861e-06                   1
265  4.886554e-04                   1
266  3.129735e-05                   1
267  7.603351e-05                   1
268  8.030500e-06                   1
269  5.973079e-04                   1
270  2.279745e-04                   1
271  5.392279e-06                   1
272  8.330866e-06                   1
273  1.437923e-05                   1
274  2.378113e-05                   1
275  1.064961e-05                   1
276  5.653360e-05                   1
277  6.664774e-05                   1
278  6.957529e-06                   1
279  4.788153e-05                   1
280  3.845542e-05                   1
281  1.353572e-05                   1
282  8.097477e-05                   1
283  2.459290e-06                   1
284  5.206283e-05                   1
285  3.473285e-06                   1
286  2.529524e-07                   1
287  2.013711e-05                   1
288  1.179909e-08                   1
289  1.665878e-05                   1
290  3.065733e-04                   1
291  4.374923e-06                   1
292  8.372424e-06                   1
293  1.674432e-05                   1
294  1.725334e-06                   1
295  5.922532e-05                   1
296  6.382507e-06                   1
297  3.541923e-05                   1
298  2.733518e-04                   1
299  1.253138e-05                   1
300  6.914340e-07                   1
301  2.693217e-04                   1
302  4.416537e-06                   1
303  2.304702e-05                   1
304  7.016902e-07                   1
305  7.248018e-07                   1
306  3.597211e-05                   1
307  3.687365e-05                   1
308  3.105826e-05                   1
309  3.469564e-04                   1
310  4.386487e-06                   1
311  7.154845e-05                   1
312  2.816134e-04                   1
313  1.692688e-05                   1
314  8.281669e-06                   1
315  5.791940e-05                   1
316  1.166314e-05                   1
317  9.453376e-05                   1
318  1.706808e-05                   1
319  1.382311e-06                   1
320  1.305077e-06                   1
321  7.758162e-07                   1
322  2.052872e-07                   1
323  1.016987e-04                   1
324  7.876510e-05                   1
325  1.459863e-05                   1
326  3.306284e-05                   1
327  5.594391e-06                   1
328  3.109739e-05                   1
329  6.311920e-06                   1
330  1.081415e-05                   1
331  6.619184e-07                   1
332  6.263526e-05                   1
333  3.192651e-05                   1
334  3.304274e-05                   1
335  8.983098e-05                   1
336  1.529461e-06                   1
337  4.120357e-05                   1
338  2.849788e-07                   1
339  1.758172e-05                   1
340  4.014910e-05                   1
341  1.928331e-07                   1
342  3.924034e-05                   1
343  5.711801e-06                   1
344  2.640349e-04                   1
345  1.301633e-06                   1
346  1.725271e-04                   1
347  1.272041e-04                   1
348  1.178933e-04                   1
349  4.640622e-05                   1
350  1.680208e-05                   1
351  1.961654e-04                   1
352  5.084347e-05                   1
353  3.115594e-04                   1
354  2.455910e-06                   1
355  2.001486e-07                   1
356  4.493389e-04                   1
357  2.410370e-04                   1
358  3.134139e-05                   1
359  4.472875e-06                   1
360  4.241173e-05                   1
361  6.643961e-06                   1
362  4.823889e-05                   1
363  1.415851e-04                   1
364  3.859601e-08                   1
365  1.571729e-05                   1
366  2.258604e-05                   1
367  1.666131e-04                   1
368  2.014289e-06                   1
369  1.306001e-04                   1
370  7.888397e-05                   1
371  1.581569e-05                   1
372  1.389232e-04                   1
373  2.933397e-06                   1
374  8.174521e-06                   1
375  3.585839e-07                   1
376  4.863380e-06                   1
377  2.032076e-06                   1
378  3.200852e-09                   1
379  7.680145e-05                   1
380  2.260623e-07                   1
381  4.186721e-05                   1
382  1.984947e-09                   1
383  5.765518e-07                   1
384  7.918247e-08                   1
385  1.296766e-09                   1
386  3.013689e-06                   1
387  1.322099e-05                   1
388  3.417813e-05                   1
389  1.832484e-05                   1
390  8.239462e-06                   1
391  2.199460e-08                   1
392  4.735526e-06                   1
393  2.657184e-05                   1
394  1.476413e-06                   1
395  2.918106e-05                   1
396  5.121309e-06                   1
397  1.612689e-07                   1
398  8.399539e-05                   1
399  3.301258e-05                   1
400  1.574937e-04                   1
401  6.433152e-07                   1
402  1.142785e-04                   1
403  6.506662e-06                   1
404  3.286452e-05                   1
405  1.942462e-04                   1
406  6.690164e-06                   1
407  2.106372e-07                   1
408  1.180566e-05                   1
409  6.117247e-05                   1
410  3.727169e-06                   1
411  5.853008e-05                   1
412  1.584586e-05                   1
413  4.099899e-06                   1
414  1.117513e-04                   1
415  5.145440e-06                   1
416  1.084367e-05                   1
417  7.512462e-05                   1
418  1.845261e-05                   1
419  6.105828e-06                   1
420  1.920369e-04                   1
421  8.532489e-06                   1
422  5.779847e-07                   1
423  7.949694e-05                   1
424  1.267606e-04                   1
425  1.401992e-04                   1
426  2.861331e-05                   1
427  4.998557e-07                   1
428  3.372198e-05                   1
429  1.031334e-05                   1
430  9.504053e-07                   1
431  2.458068e-06                   1
432  1.190313e-05                   1
433  1.366169e-05                   1
434  1.256226e-05                   1
435  1.541430e-05                   1
436  1.263080e-05                   1
437  1.613737e-05                   1
438  5.638902e-05                   1
439  6.231204e-05                   1
440  9.823850e-07                   1
441  2.462911e-05                   1
442  8.738364e-08                   1
443  2.179275e-06                   1
444  8.199894e-07                   1
445  3.725645e-07                   1
446  1.288712e-05                   1
447  5.922198e-06                   1
448  7.722417e-06                   1
449  4.115710e-05                   1
450  4.591300e-06                   1
451  1.037943e-06                   1
452  3.083982e-05                   1
453  2.983177e-06                   1
454  1.732458e-08                   1
455  6.694831e-05                   1
456  5.453832e-05                   1
457  1.311149e-05                   1
458  4.054385e-06                   1
459  8.183415e-05                   1
460  8.851640e-06                   1
461  2.340617e-07                   1
462  3.451181e-05                   1
463  1.779560e-04                   1
464  1.183364e-04                   1
465  1.823452e-04                   1
466  1.261974e-04                   1
467  5.772547e-06                   1
468  2.831806e-05                   1
469  9.319791e-06                   1
470  4.355274e-07                   1
471  7.973571e-05                   1
472  1.174747e-04                   1
473  3.095388e-04                   1
474  4.489420e-06                   1
475  2.695746e-05                   1
476  1.208314e-05                   1
477  2.262134e-05                   1
478  1.523429e-05                   1
479  1.069543e-04                   1
480  4.723582e-05                   1
481  8.109888e-06                   1
482  9.872359e-06                   1
483  6.342697e-06                   1
484  3.235183e-05                   1
485  9.638690e-09                   1
486  5.337421e-06                   1
487  1.256954e-04                   1
488  1.084472e-05                   1
489  6.822698e-05                   1
490  5.798350e-05                   1
491  1.136340e-04                   1
492  4.374385e-04                   1
493  8.099349e-05                   1
494  2.764217e-06                   1
495  1.480300e-07                   1
496  5.230536e-06                   1
497  8.577690e-06                   1
498  2.153663e-05                   1
499  2.605106e-04                   1
500  3.564030e-08                   1
501  8.034489e-08                   1
502  8.059641e-05                   1
503  3.670722e-05                   1
504  3.812602e-08                   1
505  4.669807e-05                   1
506  1.539255e-07                   1
507  4.044993e-05                   1
508  1.050919e-04                   1
509  1.055490e-05                   1
510  1.113317e-05                   1
511  7.236883e-06                   1
512  3.752777e-05                   1
513  1.342613e-05                   1
514  5.741197e-05                   1
515  3.124589e-06                   1
516  2.167797e-04                   1
517  1.299840e-06                   1
518  2.115376e-04                   1
519  9.552302e-05                   1
520  1.911873e-08                   1
521  1.262836e-04                   1
522  1.772329e-05                   1
523  4.225725e-04                   1
524  4.980116e-05                   1
525  2.264623e-04                   1
526  5.382248e-05                   1
527  4.038192e-04                   1
528  4.821394e-04                   1
529  5.032969e-06                   1
530  6.097535e-06                   1
531  3.564097e-04                   1
532  8.244733e-06                   1
533  1.196801e-06                   1
534  6.562894e-05                   1
535  1.400181e-04                   1
536  3.117859e-06                   1
537  2.576272e-05                   1
538  1.754900e-04                   1
539  3.215654e-05                   1
540  3.523665e-05                   1
541  2.396456e-04                   1
542  5.981933e-05                   1
543  8.675830e-05                   1
544  5.622919e-05                   1
545  1.252367e-06                   1
546  2.259377e-05                   1
547  8.063896e-06                   1
548  1.648840e-06                   1
549  4.490043e-06                   1
550  1.175903e-04                   1
551  1.853583e-06                   1
552  6.477621e-04                   1
553  8.526476e-05                   1
554  8.817691e-05                   1
555  3.273555e-05                   1
556  8.622037e-07                   1
557  1.516794e-06                   1
558  8.868666e-08                   1
559  1.799550e-05                   1
560  1.949015e-04                   1
561  3.924601e-05                   1
562  3.232287e-05                   1
563  3.188753e-07                   1
564  3.177115e-06                   1
565  4.658636e-08                   1
566  4.023304e-05                   1
567  2.491098e-05                   1
568  1.968688e-05                   1
569  3.077099e-07                   1
570  2.777492e-07                   1
571  1.542957e-06                   1
572  3.375341e-06                   1
573  1.202083e-06                   1
574  5.146017e-05                   1
575  7.244032e-06                   1
576  2.890716e-06                   1
577  7.677759e-05                   1
578  6.011069e-05                   1
579  1.031205e-04                   1
580  1.670262e-04                   1
581  1.108181e-06                   1
582  7.332763e-05                   1
583  5.301268e-06                   1
584  1.196449e-05                   1
585  1.592839e-07                   1
586  9.805990e-05                   1
587  2.234834e-05                   1
588  1.966256e-05                   1
589  3.336651e-06                   1
590  2.249234e-07                   1
591  6.463065e-05                   1
592  4.400721e-07                   1
593  4.606839e-05                   1
594  1.259086e-04                   1
595  2.944854e-06                   1
596  2.650714e-06                   1
597  4.721977e-05                   1
598  4.448021e-05                   1
599  4.549421e-07                   1
600  1.675021e-04                   1
601  1.313819e-06                   1
602  3.458973e-04                   1
603  2.857604e-05                   1
604  1.160099e-06                   1
605  8.026528e-06                   1
606  9.483064e-05                   1
607  1.621377e-04                   1
608  4.668062e-06                   1
609  3.649809e-08                   1
610  2.321750e-05                   1
611  9.122448e-05                   1
612  7.570065e-06                   1
613  4.257679e-05                   1
614  1.681079e-05                   1
615  7.204885e-05                   1
616  4.007189e-05                   1
617  1.886838e-05                   1
618  1.109687e-06                   1
619  1.191028e-05                   1
620  7.862457e-06                   1
621  1.674480e-04                   1
622  9.681119e-08                   1
623  1.162055e-04                   1
624  1.534227e-06                   1
625  2.541833e-06                   1
626  1.131661e-05                   1
627  5.045774e-05                   1
628  1.798797e-05                   1
629  1.163494e-04                   1
630  3.251312e-05                   1
631  3.486647e-04                   1
632  1.262787e-05                   1
633  5.124877e-05                   1
634  4.027573e-06                   1
635  1.359698e-06                   1
636  3.088567e-05                   1
637  8.414991e-05                   1
638  1.263553e-04                   1
639  4.567293e-06                   1
640  1.267583e-05                   1
641  1.599589e-05                   1
642  2.812058e-05                   1
643  3.725307e-05                   1
644  1.271399e-05                   1
645  1.697599e-05                   1
646  1.151396e-05                   1
647  1.089672e-04                   1
648  3.349782e-06                   1
649  5.796780e-06                   1
650  1.162606e-06                   1
651  1.757386e-06                   1
652  2.726870e-05                   1
653  3.445662e-06                   1
654  5.089994e-05                   1
655  1.615166e-04                   1
656  2.142597e-07                   1
657  1.169158e-04                   1
658  5.929881e-06                   1
659  5.271810e-06                   1
660  3.242258e-05                   1
661  3.746451e-05                   1
662  5.820020e-06                   1
663  2.462510e-06                   1
664  2.710819e-05                   1
665  6.403200e-05                   1
666  2.431867e-05                   1
667  3.513788e-07                   1
668  3.998405e-05                   1
669  1.838172e-05                   1
670  4.587979e-05                   1
671  2.630443e-05                   1
672  1.311000e-05                   1
673  2.226252e-06                   1
674  7.005937e-05                   1
675  1.637187e-05                   1
676  7.477893e-05                   1
677  3.454545e-06                   1
678  2.161843e-06                   1
679  2.840042e-06                   1
680  6.333668e-06                   1
681  1.455107e-04                   1
682  5.504692e-06                   1
683  3.872212e-05                   1
684  5.151457e-08                   1
685  1.153165e-05                   1
686  5.601160e-07                   1
687  2.383045e-05                   1
688  3.192182e-05                   1
689  7.498670e-05                   1
690  8.408356e-06                   1
691  1.083913e-05                   1
692  4.460298e-06                   1
693  1.655374e-05                   1
694  2.645237e-04                   1
695  1.436799e-04                   1
696  3.596063e-05                   1
697  2.117242e-05                   1
698  1.622027e-04                   1
699  2.575558e-05                   1
700  7.738354e-06                   1
701  1.313134e-05                   1
702  1.583965e-05                   1
703  4.398929e-05                   1
704  2.042975e-04                   1
705  2.655208e-07                   1
706  3.088441e-04                   1
707  1.397013e-05                   1
708  1.536950e-05                   1
709  2.897021e-04                   1
710  5.726216e-05                   1
711  1.554786e-05                   1
712  1.894934e-12                   1
713  9.721294e-06                   1
714  4.024558e-05                   1
715  9.558419e-07                   1
716  1.455436e-05                   1
717  4.057495e-07                   1
718  3.906451e-07                   1
719  3.222493e-05                   1
720  1.532308e-05                   1
721  5.306149e-09                   1
722  4.845876e-08                   1
723  1.802201e-05                   1
724  5.610331e-05                   1
725  1.783550e-06                   1
726  8.277408e-05                   1
727  3.188243e-05                   1
728  8.222563e-06                   1
729  1.529225e-05                   1
730  2.507547e-05                   1
731  3.374529e-06                   1
732  3.528712e-05                   1
733  9.645680e-05                   1
734  1.421791e-04                   1
735  1.298944e-06                   1
736  1.451984e-07                   1
737  2.205398e-05                   1
738  5.503212e-05                   1
739  9.303427e-05                   1
740  2.103351e-05                   1
741  2.290074e-05                   1
742  1.569698e-06                   1
743  8.307936e-05                   1
744  1.199046e-05                   1
745  5.808941e-06                   1
746  2.891860e-05                   1
747  1.077193e-05                   1
748  1.409187e-06                   1
749  9.037743e-06                   1
750  1.118748e-06                   1
751  2.238495e-05                   1
752  5.648401e-06                   1
753  1.393077e-05                   1
754  1.242409e-05                   1
755  2.281857e-05                   1
756  1.654002e-04                   1
757  7.880869e-05                   1
758  1.113115e-05                   1
759  1.056823e-04                   1
760  5.502821e-05                   1
761  1.043308e-06                   1
762  1.847522e-05                   1
763  3.613449e-07                   1
764  9.360480e-05                   1
765  1.064563e-04                   1
766  3.975597e-05                   1
767  1.775980e-04                   1
768  6.344015e-06                   1
769  3.579083e-05                   1
770  3.495192e-05                   1
771  6.098058e-06                   1
772  9.386917e-06                   1
773  3.811319e-04                   1
774  4.878306e-06                   1
775  1.554683e-06                   1
776  4.545854e-07                   1
777  1.529473e-05                   1
778  3.534699e-05                   1
779  2.028554e-05                   1
780  4.863948e-06                   1
781  8.619614e-06                   1
782  7.193010e-06                   1
783  9.557779e-07                   1
784  3.417422e-05                   1
785  8.447295e-06                   1
786  1.167931e-05                   1
787  3.105358e-05                   1
788  1.258851e-05                   1
789  1.173565e-05                   1
790  8.842385e-06                   1
791  2.082469e-05                   1
792  1.424894e-04                   1
793  1.077049e-04                   1
794  5.740016e-05                   1
795  3.153786e-05                   1
796  1.011731e-04                   1
797  7.038005e-05                   1
798  1.400847e-06                   1
799  1.146998e-04                   1
800  1.589665e-06                   1
801  2.189288e-05                   1
802  6.001643e-05                   1
803  3.829352e-06                   1
804  8.997128e-06                   1
805  5.634282e-05                   1
806  5.566390e-05                   1
807  4.916926e-05                   1
808  4.928579e-05                   1
809  1.914467e-05                   1
810  7.456324e-08                   1
811  1.297555e-05                   1
812  1.024070e-06                   1
813  9.767797e-06                   1
814  3.802221e-05                   1
815  7.080584e-08                   1
816  3.071990e-05                   1
817  1.957669e-07                   1
818  7.765432e-05                   1
819  4.515709e-06                   1
820  3.983128e-05                   1
821  1.434584e-05                   1
822  3.870345e-05                   1
823  5.675084e-06                   1
824  1.249146e-05                   1
825  2.624981e-05                   1
826  3.335904e-05                   1
827  1.002888e-04                   1
828  2.312523e-05                   1
829  3.208524e-04                   1
830  3.381201e-05                   1
831  1.800225e-05                   1
832  6.498016e-05                   1
833  6.820337e-05                   1
834  1.124178e-04                   1
835  1.378428e-04                   1
836  3.753190e-06                   1
837  1.827149e-07                   1
838  7.236301e-06                   1
839  2.129555e-06                   1
840  6.703730e-09                   1
841  5.687415e-06                   1
842  6.871979e-05                   1
843  3.082028e-05                   1
844  6.328738e-09                   1
845  5.897617e-06                   1
846  2.989340e-04                   1
847  2.400791e-07                   1
848  8.970123e-04                   1
849  8.216063e-05                   1
850  5.712221e-06                   1
851  8.459453e-05                   1
852  1.072544e-04                   1
853  1.163916e-04                   1
854  1.014270e-03                   1
855  1.228877e-04                   1
856  1.292392e-05                   1
857  3.147418e-05                   1
858  3.183437e-05                   1
859  2.224294e-05                   1
860  3.494864e-06                   1
861  1.490701e-04                   1
862  6.945340e-06                   1
863  2.349330e-05                   1
864  2.632013e-05                   1
865  2.813952e-04                   1
866  1.981820e-05                   1
867  4.495253e-05                   1
868  3.277930e-08                   1
869  1.416241e-06                   1
870  2.017121e-06                   1
871  2.107392e-06                   1
872  7.733994e-05                   1
873  7.503825e-06                   1
874  4.325979e-06                   1
875  8.586813e-05                   1
876  4.157389e-05                   1
877  8.237758e-07                   1
878  8.889304e-05                   1
879  8.981260e-05                   1
880  1.370436e-05                   1
881  1.503369e-07                   1
882  1.756063e-05                   1
883  1.286527e-04                   1
884  7.886282e-06                   1
885  7.901518e-05                   1
886  6.009814e-07                   1
887  9.923292e-05                   1
888  1.946606e-05                   1
889  1.934735e-09                   1
890  3.688006e-05                   1
891  1.119036e-05                   1
892  8.428110e-07                   1
893  7.359484e-06                   1
894  1.208257e-05                   1
895  1.747922e-05                   1
896  1.763769e-04                   1
897  1.003887e-05                   1
898  8.360866e-06                   1
899  9.758697e-05                   1
900  3.978856e-06                   1
901  5.379430e-06                   1
902  6.458797e-05                   1
903  3.476150e-05                   1
904  7.262087e-05                   1
905  9.224891e-06                   1
906  1.294593e-04                   1
907  3.132641e-05                   1
908  8.705093e-05                   1
909  3.491089e-05                   1
910  5.527819e-06                   1
911  1.654421e-05                   1
912  8.002255e-05                   1
913  4.610130e-06                   1
914  4.103466e-05                   1
915  6.642741e-05                   1
916  2.507262e-06                   1
917  7.170080e-05                   1
918  1.245150e-04                   1
919  7.770971e-05                   1
920  1.958944e-06                   1
921  1.788160e-05                   1
922  5.031398e-06                   1
923  2.457513e-04                   1
924  3.540468e-06                   1
925  3.272750e-06                   1
926  6.829161e-08                   1
927  1.986823e-05                   1
928  5.316936e-05                   1
929  1.678127e-07                   1
930  3.469644e-05                   1
931  1.605149e-06                   1
932  1.034806e-04                   1
933  1.103051e-04                   1
934  1.675976e-05                   1
935  7.251880e-06                   1
936  4.387294e-08                   1
937  6.914261e-08                   1
938  4.585399e-06                   1
939  4.267455e-06                   1
940  5.308348e-05                   1
941  3.163887e-07                   1
942  8.277441e-05                   1
943  5.125353e-05                   1
944  1.838805e-05                   1
945  3.321863e-05                   1
946  6.894699e-05                   1
947  3.345141e-04                   1
948  1.864023e-05                   1
949  4.821737e-07                   1
950  2.463457e-05                   1
951  1.555472e-05                   1
952  2.155952e-05                   1
953  2.226153e-07                   1
954  2.040076e-05                   1
955  1.975484e-09                   1
956  3.572769e-05                   1
957  4.185277e-05                   1
958  6.807429e-06                   1
959  1.498335e-05                   1
960  1.299074e-05                   1
961  1.731800e-05                   1
962  1.459720e-04                   1
963  2.762195e-06                   1
964  1.268066e-05                   1
965  2.822329e-05                   1
966  4.578732e-06                   1
967  1.020591e-04                   1
968  1.015528e-04                   1
969  2.203517e-05                   1
970  1.972547e-04                   1
971  9.292540e-05                   1
972  1.770342e-05                   1
973  8.831045e-06                   1
974  2.712944e-05                   1
975  2.647629e-05                   1
976  2.786877e-05                   1
977  4.250416e-06                   1
978  7.908265e-05                   1
979  1.137894e-04                   1
980  2.983364e-05                   1
981  4.819676e-07                   1
982  7.190292e-05                   1
983  4.999286e-06                   1
984  9.387706e-05                   1
985  1.835167e-06                   1
986  2.377782e-07                   1
987  3.541813e-05                   1
988  2.240488e-04                   1
989  4.453595e-05                   1
990  5.059784e-09                   1
991  2.695181e-07                   1
992  3.079090e-04                   1
993  8.965704e-05                   1
994  9.842034e-05                   1
995  2.124810e-06                   1
996  1.971437e-05                   1
997  7.391786e-06                   1
998  3.198910e-07                   1
999  7.824732e-07                   1
1000 5.213988e-05                   1
1001 1.955696e-05                   1
1002 4.308518e-05                   1
1003 7.048699e-06                   1
1004 1.019710e-05                   1
1005 1.206859e-04                   1
1006 2.630780e-05                   1
1007 4.220648e-05                   1
1008 1.149502e-05                   1
1009 8.556512e-05                   1
1010 2.940219e-05                   1
1011 1.345243e-05                   1
1012 5.033932e-05                   1
1013 3.817741e-05                   1
1014 9.652149e-05                   1
1015 1.307456e-08                   1
1016 9.436168e-09                   1
1017 1.432526e-05                   1
1018 8.351158e-06                   1
1019 1.281992e-05                   1
1020 3.406582e-06                   1
1021 2.827997e-05                   1
1022 5.769614e-05                   1
1023 2.615510e-06                   1
1024 9.458377e-06                   1
1025 1.771521e-04                   1
1026 8.218404e-05                   1
1027 2.668824e-05                   1
1028 1.459694e-05                   1
1029 3.903283e-04                   1
1030 3.750721e-06                   1
1031 7.963329e-06                   1
1032 9.103421e-05                   1
1033 1.074192e-05                   1
1034 2.461116e-05                   1
1035 2.594294e-05                   1
1036 1.689430e-07                   1
1037 7.234613e-06                   1
1038 2.435435e-06                   1
1039 9.380025e-05                   1
1040 1.830084e-05                   1
1041 5.107875e-07                   1
1042 5.810791e-05                   1
1043 2.838794e-06                   1
1044 4.778680e-06                   1
1045 1.439624e-04                   1
1046 5.062540e-06                   1
1047 2.381929e-06                   1
1048 3.009165e-04                   1
1049 1.332883e-05                   1
1050 1.677907e-05                   1
1051 1.270808e-06                   1
1052 2.374961e-05                   1
1053 5.129360e-06                   1
1054 8.068628e-05                   1
1055 6.351263e-05                   1
1056 4.591917e-08                   1
1057 1.696485e-06                   1
1058 2.060542e-08                   1
1059 1.207758e-05                   1
1060 6.155629e-05                   1
1061 1.639801e-05                   1
1062 3.581871e-05                   1
1063 3.005038e-06                   1
1064 2.231144e-06                   1
1065 6.721680e-05                   1
1066 2.010022e-05                   1
1067 8.562660e-06                   1
1068 1.124237e-06                   1
1069 6.328936e-05                   1
1070 3.761029e-06                   1
1071 7.263535e-05                   1
1072 2.043153e-05                   1
1073 5.960271e-05                   1
1074 4.245723e-06                   1
1075 1.246122e-05                   1
1076 9.265766e-06                   1
1077 1.591283e-06                   1
1078 2.593118e-05                   1
1079 1.802590e-06                   1
1080 2.862057e-05                   1
1081 1.340360e-05                   1
1082 3.196743e-05                   1
1083 1.168144e-05                   1
1084 4.540468e-07                   1
1085 2.327086e-05                   1
1086 1.127706e-04                   1
1087 5.766771e-06                   1
1088 1.289191e-04                   1
1089 6.734265e-06                   1
1090 8.479358e-06                   1
1091 1.032474e-06                   1
1092 1.025426e-05                   1
1093 8.271015e-05                   1
1094 4.202498e-05                   1
1095 6.530264e-04                   1
1096 1.140195e-05                   1
1097 2.691642e-05                   1
1098 5.561024e-06                   1
1099 6.295770e-05                   1
1100 3.537377e-06                   1
1101 3.383488e-05                   1
1102 1.122273e-06                   1
1103 5.205497e-06                   1
1104 1.172909e-04                   1
1105 4.385153e-08                   1
1106 1.516035e-04                   1
1107 1.425801e-05                   1
1108 1.292905e-04                   1
1109 4.745917e-05                   1
1110 1.315218e-06                   1
1111 8.483408e-05                   1
1112 2.624186e-06                   1
1113 6.042144e-05                   1
1114 8.295964e-07                   1
1115 1.669173e-04                   1
1116 9.056408e-05                   1
1117 5.055808e-06                   1
1118 7.480898e-06                   1
1119 1.120934e-05                   1
1120 9.620077e-06                   1
1121 1.695229e-05                   1
1122 6.593388e-06                   1
1123 2.839835e-05                   1
1124 8.213101e-06                   1
1125 4.005934e-07                   1
1126 1.390988e-05                   1
1127 3.047565e-07                   1
1128 6.390847e-06                   1
1129 1.134725e-05                   1
1130 3.103620e-05                   1
1131 1.141361e-04                   1
1132 5.110159e-06                   1
1133 1.411538e-05                   1
1134 9.644066e-07                   1
1135 7.198923e-06                   1
1136 9.193738e-05                   1
1137 5.740672e-06                   1
1138 3.022159e-08                   1
1139 2.306461e-04                   1
1140 4.907325e-06                   1
1141 6.264325e-06                   1
1142 5.737276e-05                   1
1143 8.506551e-08                   1
1144 5.400858e-05                   1
1145 1.747170e-05                   1
1146 1.749385e-05                   1
1147 7.685994e-08                   1
1148 2.400441e-06                   1
1149 2.149853e-07                   1
1150 3.265376e-05                   1
1151 4.984893e-07                   1
1152 5.532770e-07                   1
1153 3.939331e-06                   1
1154 5.386218e-06                   1
1155 3.146723e-05                   1
1156 2.178370e-05                   1
1157 3.907220e-07                   1
1158 1.244217e-04                   1
1159 8.818055e-05                   1
1160 3.104811e-05                   1
1161 5.020466e-05                   1
1162 7.218039e-06                   1
1163 4.812484e-05                   1
1164 6.043746e-05                   1
1165 1.735494e-05                   1
1166 4.885843e-06                   1
1167 3.170706e-06                   1
1168 4.974119e-06                   1
1169 1.179534e-04                   1
1170 1.482027e-05                   1
1171 6.745921e-06                   1
1172 3.501714e-07                   1
1173 1.780473e-06                   1
1174 4.596727e-05                   1
1175 7.942241e-06                   1
1176 9.174362e-06                   1
1177 8.758478e-06                   1
1178 7.158395e-06                   1
1179 6.655929e-05                   1
1180 4.887647e-08                   1
1181 1.684412e-04                   1
1182 2.633684e-05                   1
1183 3.740500e-05                   1
1184 1.000028e-05                   1
1185 4.186952e-05                   1
1186 1.330149e-06                   1
1187 3.926269e-05                   1
1188 4.108138e-05                   1
1189 1.723888e-06                   1
1190 1.150014e-06                   1
1191 1.162639e-04                   1
1192 1.827359e-06                   1
1193 6.653814e-05                   1
1194 2.771526e-05                   1
1195 2.893392e-05                   1
1196 8.084628e-08                   1
1197 8.972879e-06                   1
1198 2.783970e-05                   1
1199 2.148850e-05                   1
1200 4.650872e-07                   1
1201 2.089595e-04                   1
1202 2.614215e-05                   1
1203 1.201080e-04                   1
1204 1.032651e-09                   1
1205 2.748531e-04                   1
1206 6.442962e-04             0.96356
1207 1.791719e-05                   1
1208 1.766809e-05                   1
1209 2.181722e-06                   1
1210 5.389786e-07                   1
1211 1.848719e-04                   1
1212 1.579538e-06                   1
1213 2.285321e-06                   1
1214 3.778066e-07                   1
1215 5.660799e-05                   1
1216 2.818481e-05                   1
1217 6.248310e-06                   1
1218 9.160474e-06                   1
1219 2.927892e-05                   1
1220 2.009116e-07                   1
1221 4.618390e-07                   1
1222 3.804349e-07                   1
1223 1.654278e-05                   1
1224 5.331267e-06                   1
1225 5.590981e-05                   1
1226 1.567362e-07                   1
1227 5.621378e-05                   1
1228 1.672241e-04                   1
1229 4.838019e-05                   1
1230 1.379857e-05                   1
1231 2.707348e-05                   1
1232 5.694201e-06                   1
1233 1.194296e-06                   1
1234 8.628192e-06                   1
1235 1.130350e-04                   1
1236 6.247866e-03 <0.0188933333333333
1237 1.949705e-05                   1
1238 8.951363e-05                   1
1239 7.375852e-06                   1
1240 1.231879e-05                   1
1241 7.549793e-07                   1
1242 1.142305e-04                   1
1243 2.234964e-04                   1
1244 3.551432e-05                   1
1245 1.961877e-05                   1
1246 3.006778e-06                   1
1247 5.175919e-05                   1
1248 9.551166e-05                   1
1249 3.218426e-06                   1
1250 3.496152e-06                   1
1251 1.877904e-05                   1
1252 3.218883e-05                   1
1253 3.282119e-06                   1
1254 2.070957e-05                   1
1255 2.172551e-05                   1
1256 9.178995e-06                   1
1257 5.357302e-06                   1
1258 1.675523e-05                   1
1259 8.603498e-06                   1
1260 5.737299e-07                   1
1261 3.619756e-05                   1
1262 3.784551e-04                   1
1263 1.221874e-05                   1
1264 3.073761e-05                   1
1265 2.380971e-05                   1
1266 2.049850e-04                   1
1267 7.503543e-05                   1
1268 2.004043e-06                   1
1269 1.232770e-04                   1
1270 1.774570e-05                   1
1271 4.806494e-05                   1
1272 7.731010e-05                   1
1273 1.289777e-06                   1
1274 7.275401e-05                   1
1275 4.713632e-06                   1
1276 1.293357e-04                   1
1277 1.516000e-05                   1
1278 1.524240e-05                   1
1279 3.260757e-04                   1
1280 8.848143e-08                   1
1281 3.186768e-04                   1
1282 6.530474e-06                   1
1283 6.812103e-06                   1
1284 4.397235e-05                   1
1285 4.910478e-04                   1
1286 9.771082e-06                   1
1287 2.649491e-05                   1
1288 1.389756e-06                   1
1289 2.940364e-07                   1
1290 1.600419e-05                   1
1291 2.593998e-05                   1
1292 1.004752e-06                   1
1293 1.086862e-04                   1
1294 7.323210e-06                   1
1295 2.613976e-05                   1
1296 3.567106e-06                   1
1297 5.306921e-05                   1
1298 2.794369e-07                   1
1299 1.995197e-05                   1
1300 2.579230e-04                   1
1301 3.053101e-05                   1
1302 7.942670e-07                   1
1303 2.155539e-07                   1
1304 8.928973e-06                   1
1305 1.933526e-04                   1
1306 1.704066e-04                   1
1307 1.572936e-04                   1
1308 2.905029e-04                   1
1309 8.216808e-05                   1
1310 4.254441e-07                   1
1311 4.594189e-05                   1
1312 1.382693e-04                   1
1313 4.255839e-06                   1
1314 5.908365e-05                   1
1315 4.347510e-05                   1
1316 4.124362e-05                   1
1317 1.424522e-04                   1
1318 4.352925e-05                   1
1319 4.581719e-05                   1
1320 3.014243e-06                   1
1321 4.339758e-05                   1
1322 1.651852e-05                   1
1323 2.797424e-06                   1
1324 8.867401e-05                   1
1325 1.172469e-06                   1
1326 1.106854e-04                   1
1327 1.584500e-04                   1
1328 1.066211e-05                   1
1329 8.855913e-06                   1
1330 3.236173e-04                   1
1331 7.204274e-05                   1
1332 3.824416e-04                   1
1333 1.161325e-05                   1
1334 1.463411e-05                   1
1335 1.949496e-04                   1
1336 1.586148e-05                   1
1337 7.988370e-06                   1
1338 9.987436e-06                   1
1339 4.244640e-06                   1
1340 3.646358e-05                   1
1341 2.233623e-04                   1
1342 1.248631e-05                   1
1343 2.020376e-08                   1
1344 3.153937e-06                   1
1345 6.090807e-07                   1
1346 4.356091e-05                   1
1347 5.074933e-05                   1
1348 1.078913e-05                   1
1349 6.475474e-06                   1
1350 3.129814e-05                   1
1351 1.390795e-05                   1
1352 1.380916e-06                   1
1353 2.213597e-06                   1
1354 1.033598e-04                   1
1355 1.711159e-07                   1
1356 3.174124e-05                   1
1357 1.903159e-04                   1
1358 4.438298e-05                   1
1359 6.368579e-06                   1
1360 5.089333e-05                   1
1361 5.531306e-05                   1
1362 5.337977e-05                   1
1363 1.286023e-06                   1
1364 2.300519e-05                   1
1365 7.494875e-06                   1
1366 1.556126e-05                   1
1367 5.007961e-06                   1
1368 5.266409e-06                   1
1369 2.291840e-04                   1
1370 9.056826e-07                   1
1371 1.177115e-05                   1
1372 2.636292e-06                   1
1373 5.841385e-05                   1
1374 7.524306e-06                   1
1375 2.143684e-05                   1
1376 1.074565e-05                   1
1377 2.053201e-05                   1
1378 9.856384e-06                   1
1379 7.549499e-06                   1
1380 1.002179e-05                   1
1381 2.459836e-06                   1
1382 3.333330e-05                   1
1383 2.217214e-05                   1
1384 7.264700e-06                   1
1385 1.488021e-06                   1
1386 1.462348e-05                   1
1387 5.586921e-05                   1
1388 3.286470e-05                   1
1389 1.326507e-05                   1
1390 7.407258e-05                   1
1391 3.926098e-05                   1
1392 1.489154e-04                   1
1393 6.368785e-07                   1
1394 4.103668e-07                   1
1395 3.227579e-06                   1
1396 2.519136e-06                   1
1397 2.860130e-05                   1
1398 7.302681e-07                   1
1399 1.012419e-05                   1
1400 2.423861e-08                   1
1401 9.260613e-06                   1
1402 1.346904e-05                   1
1403 7.986800e-05                   1
1404 1.748318e-05                   1
1405 1.241159e-06                   1
1406 7.457690e-06                   1
1407 4.410869e-06                   1
1408 1.278094e-05                   1
1409 2.217468e-07                   1
1410 5.484361e-06                   1
1411 6.194631e-06                   1
1412 6.625476e-07                   1
1413 2.130952e-07                   1
1414 2.924839e-08                   1
1415 1.118591e-05                   1
1416 2.820728e-06                   1
1417 4.489661e-06                   1

$`MR-PRESSO results`$`Distortion Test`
$`MR-PRESSO results`$`Distortion Test`$`Outliers Indices`
[1] 1236

$`MR-PRESSO results`$`Distortion Test`$`Distortion Coefficient`
beta.exposure 
    -71.79083 

$`MR-PRESSO results`$`Distortion Test`$Pvalue
[1] 0.2767467



