SNP	CHROM	POS	REF	ALT	AF	BETA	SE	Z	P	N	TRAIT
rs2649062	1	5799177	A	G	0.3162	0.025	0.0187	1.3369	0.1809	757600	Diastolic_Blood_Pressure
rs4662080	NA	NA	NA	NA	NA	NA	NA	NA	NA	NA	NA
rs10919252	1	169802956	C	G	0.3248	0.01	0.0184	0.543478	0.5879	757600	Diastolic_Blood_Pressure
rs6701713	1	207786289	A	G	0.8129	0.0275	0.0221	1.24434	0.2132	756596	Diastolic_Blood_Pressure
rs144505123	NA	NA	NA	NA	NA	NA	NA	NA	NA	NA	NA
rs6718282	2	18039651	G	A	0.0546	-4e-4	0.0398	-0.010050251256281407	0.9911	750464	Diastolic_Blood_Pressure
rs114131510	NA	NA	NA	NA	NA	NA	NA	NA	NA	NA	NA
rs12615104	2	109820829	T	C	0.2665	0.0277	0.0197	1.40609	0.1601	748882	Diastolic_Blood_Pressure
rs111906619	2	127789085	C	T	0.0765	-0.027000000000000003	0.0332	-0.8132530120481929	0.4156	757600	Diastolic_Blood_Pressure
rs6431219	2	127862133	C	T	0.4089	0.0187	0.0176	1.0625	0.28600000000000003	756487	Diastolic_Blood_Pressure
rs359982	2	219826934	A	G	0.0713	-0.0315	0.0352	-0.894886	0.3716	752864	Diastolic_Blood_Pressure
rs116341973	3	63462893	A	G	0.0224	0.064	0.0597	1.07203	0.2839	756485	Diastolic_Blood_Pressure
rs145799027	NA	NA	NA	NA	NA	NA	NA	NA	NA	NA	NA
rs71602496	4	661002	A	G	0.154	0.0167	0.0244	0.684426	0.4944	754983	Diastolic_Blood_Pressure
rs115803892	4	134185712	G	A	0.0133	-0.0168	0.0828	-0.20289855072463767	0.8392	741372	Diastolic_Blood_Pressure
rs1689013	4	181048651	T	C	0.2432	0.0321	0.0202	1.58911	0.11199999999999999	754582	Diastolic_Blood_Pressure
rs144202318	NA	NA	NA	NA	NA	NA	NA	NA	NA	NA	NA
rs77345379	6	69273670	C	T	0.0234	0.0407	0.0637	0.6389324960753532	0.5223	757598	Diastolic_Blood_Pressure
rs12153819	6	83773049	C	T	0.1251	-0.0771	0.0264	-2.9204545454545454	0.0034990000000000004	757601	Diastolic_Blood_Pressure
rs17170228	7	33076314	G	A	0.0667	0.0064	0.035	0.18285714285714286	0.8544	757600	Diastolic_Blood_Pressure
rs149907089	NA	NA	NA	NA	NA	NA	NA	NA	NA	NA	NA
rs2725066	8	4438058	T	A	0.525	-0.0152	0.0175	-0.8685714285714284	0.3857	746264	Diastolic_Blood_Pressure
rs117201713	8	121340499	G	C	0.0387	-0.0037	0.0454	-0.08149779735682819	0.9347	757600	Diastolic_Blood_Pressure
rs36033332	9	26834807	C	G	0.0519	0.0196	0.0418	0.4689	0.6391	755848	Diastolic_Blood_Pressure
rs7930318	11	60033371	C	T	0.5999	0.0146	0.0177	0.8248587570621468	0.409	757600	Diastolic_Blood_Pressure
rs567075	11	85830157	T	C	0.6778	-0.0151	0.0185	-0.816216	0.4137	757600	Diastolic_Blood_Pressure
rs11218343	11	121435587	T	C	0.0384	-0.0255	0.0454	-0.561674	0.5747	757599	Diastolic_Blood_Pressure
rs7958488	12	6546166	A	T	0.0244	-0.1444	0.0589	-2.45161	0.014130000000000002	757599	Diastolic_Blood_Pressure
rs1118069	12	84739181	A	T	0.7104	0.0133	0.0192	0.692708	0.4877	753723	Diastolic_Blood_Pressure
rs140016885	12	99679113	A	G	0.0156	0.0041	0.0806	0.0508685	0.9593	749905	Diastolic_Blood_Pressure
rs9582517	13	102331030	T	C	0.4936	-0.0114	0.0174	-0.655172	0.5134	756596	Diastolic_Blood_Pressure
rs146189059	NA	NA	NA	NA	NA	NA	NA	NA	NA	NA	NA
rs17125944	14	53400629	T	C	0.0922	-0.1428	0.0303	-4.71287	2.434e-6	748334	Diastolic_Blood_Pressure
rs150193285	15	75224360	C	T	0.0127	0.1668	0.084	1.9857142857142855	0.04701	747438	Diastolic_Blood_Pressure
rs9947273	NA	NA	NA	NA	NA	NA	NA	NA	NA	NA	NA
rs62117204	19	45242967	C	T	0.0714	-0.0822	0.035	-2.3485714285714283	0.01905	733885	Diastolic_Blood_Pressure
rs76205446	19	45355267	T	A	0.0106	0.0741	0.0934	0.7933618843683083	0.4276	705284	Diastolic_Blood_Pressure
rs2075650	19	45395619	A	G	0.1463	-0.0284	0.025	-1.136	0.2574	739095	Diastolic_Blood_Pressure
rs141441332	NA	NA	NA	NA	NA	NA	NA	NA	NA	NA	NA
rs204469	19	45490285	A	G	0.9567	-0.1118	0.045	-2.48444	0.013009999999999999	719485	Diastolic_Blood_Pressure
rs2827191	21	23361798	C	T	0.2878	0.0112	0.0194	0.5773195876288659	0.5638	755481	Diastolic_Blood_Pressure
rs1043441	22	39130964	C	T	0.2954	-0.0462	0.019	-2.431578947368421	0.015040000000000001	757600	Diastolic_Blood_Pressure
