SNP	CHROM	POS	REF	ALT	AF	BETA	SE	Z	P	N	TRAIT
rs10907186	NA	NA	NA	NA	NA	NA	NA	NA	NA	NA	NA
rs61790634	NA	NA	NA	NA	NA	NA	NA	NA	NA	NA	NA
rs74944957	1	66976369	G	A	0.0526125	-0.01427	0.013380000000000001	-1.0665171898355754	0.2862	3146	CSF_tau
rs2815753	1	72812324	G	A	0.615118	0.007616	0.005823	1.30792	0.1909	3146	CSF_tau
rs12140043	1	97792868	C	T	0.261939	-0.01829	0.007316	-2.5000000000000004	0.012459999999999999	3146	CSF_tau
rs35297534	1	104153865	A	G	0.0198369	0.01268	0.01441	0.8799444829979182	0.3788	3146	CSF_tau
rs644853	NA	NA	NA	NA	NA	NA	NA	NA	NA	NA	NA
rs506589	1	177894287	T	C	0.162791	-0.008879999999999999	0.007181999999999999	-1.236424394319131	0.2164	3146	CSF_tau
rs36016753	1	187269477	G	A	0.423386	0.004683	0.005866	0.7983293556085919	0.4247	3146	CSF_tau
rs1487482	1	188178475	G	T	0.337941	0.00387	0.006108	0.6335952848722987	0.5264	3146	CSF_tau
rs35088688	1	190743168	C	A	0.126047	-0.01267	0.008648999999999999	-1.464909238062204	0.1431	3146	CSF_tau
rs10900457	1	205146726	G	A	0.593431	-0.002048	0.005841	-0.350625	0.726	3146	CSF_tau
rs62106258	NA	NA	NA	NA	NA	NA	NA	NA	NA	NA	NA
rs116586859	NA	NA	NA	NA	NA	NA	NA	NA	NA	NA	NA
rs17745484	2	25551130	C	T	0.299891	0.004495	0.006518	0.6896287204664007	0.4905	3146	CSF_tau
rs2717067	2	58095252	G	C	0.369368	-0.0077150000000000005	0.005918	-1.3036498817167963	0.1925	3146	CSF_tau
rs62140569	2	59069710	G	T	0.0667634	-0.0166	0.01091	-1.5215398716773603	0.1284	3146	CSF_tau
rs6727013	2	65558375	C	A	0.339993	0.007488	0.006071	1.2334047109207709	0.2175	3146	CSF_tau
rs116627468	NA	NA	NA	NA	NA	NA	NA	NA	NA	NA	NA
rs429343	2	147903382	A	G	0.553226	-8.378e-4	0.005795000000000001	-0.144573	0.8851	3146	CSF_tau
rs10200577	2	182099816	T	C	0.677754	-0.001539	0.005978	-0.257444	0.7969	3146	CSF_tau
rs13007461	NA	NA	NA	NA	NA	NA	NA	NA	NA	NA	NA
rs76489948	2	236032249	G	T	0.0446785	0.0033619999999999995	0.01168	0.28784246575342465	0.7735	3146	CSF_tau
rs9862984	3	23197425	G	C	0.440247	0.002699	0.005664	0.4765183615819209	0.6338	3146	CSF_tau
rs7625172	NA	NA	NA	NA	NA	NA	NA	NA	NA	NA	NA
rs2049760	3	62482552	A	G	0.603962	-1.396e-4	0.0062439999999999996	-0.0223575	0.9822	3146	CSF_tau
rs147032165	NA	NA	NA	NA	NA	NA	NA	NA	NA	NA	NA
rs7644667	3	69040601	T	C	0.527636	0.003666	0.005726	0.640238	0.5221	3146	CSF_tau
rs13340130	3	81790970	A	T	0.377186	0.007465	0.005818	1.2830869714678583	0.1995	3146	CSF_tau
rs10934419	3	117543342	A	C	0.614016	0.004521	0.005834000000000001	0.77494	0.4385	3146	CSF_tau
rs62265663	NA	NA	NA	NA	NA	NA	NA	NA	NA	NA	NA
rs192996379	NA	NA	NA	NA	NA	NA	NA	NA	NA	NA	NA
rs77534875	NA	NA	NA	NA	NA	NA	NA	NA	NA	NA	NA
rs2535526	4	58176703	C	T	0.525354	0.003656	0.005742000000000001	0.636712	0.5244	3146	CSF_tau
rs7683088	4	103114064	T	G	0.277499	0.009322	0.006548	1.423640806353085	0.1547	3146	CSF_tau
rs701760	4	113439212	C	G	0.444384	-0.006881	0.005683	-1.210804152736231	0.226	3146	CSF_tau
rs7690778	4	149006909	A	G	0.584001	-0.002038	0.005825	-0.349871	0.7264	3146	CSF_tau
rs524424	NA	NA	NA	NA	NA	NA	NA	NA	NA	NA	NA
rs189423908	NA	NA	NA	NA	NA	NA	NA	NA	NA	NA	NA
rs185033461	NA	NA	NA	NA	NA	NA	NA	NA	NA	NA	NA
rs300046	NA	NA	NA	NA	NA	NA	NA	NA	NA	NA	NA
rs151207360	NA	NA	NA	NA	NA	NA	NA	NA	NA	NA	NA
rs10064431	NA	NA	NA	NA	NA	NA	NA	NA	NA	NA	NA
rs10045708	5	151763278	T	G	0.0751634	-0.0018629999999999999	0.009615	-0.19375975039001558	0.8464	3146	CSF_tau
rs187201256	NA	NA	NA	NA	NA	NA	NA	NA	NA	NA	NA
rs7710470	5	164495078	C	T	0.639978	-0.001352	0.006292	-0.214876	0.8299	3146	CSF_tau
rs10055701	5	174474145	A	G	0.280146	0.008284999999999999	0.006301	1.3148706554515155	0.1886	3146	CSF_tau
rs806794	6	26200677	A	G	0.34971	-0.007390000000000001	0.0060869999999999995	-1.2140627566945952	0.2248	3146	CSF_tau
rs779493	6	69884855	C	T	0.652435	-0.002203	0.006718000000000001	-0.327925	0.743	3146	CSF_tau
rs13197257	6	128333682	G	T	0.338354	-0.007537	0.0064719999999999995	-1.16455500618047	0.2443	3146	CSF_tau
rs11760614	7	1742691	T	C	0.214312	0.003783	0.007248	0.5219370860927152	0.6017	3146	CSF_tau
rs35797675	NA	NA	NA	NA	NA	NA	NA	NA	NA	NA	NA
rs362726	7	103207234	T	C	0.335753	-0.003949	0.005769	-0.6845207141618999	0.49370000000000003	3146	CSF_tau
rs11772832	7	135073047	T	C	0.378398	-0.002076	0.005746	-0.3612948137835016	0.7179	3146	CSF_tau
rs4272399	8	4836291	C	A	0.374818	9.584e-4	0.006096	0.15721784776902886	0.8751	3146	CSF_tau
rs2952176	8	10143553	G	A	0.680211	0.006402	0.006225	1.02843	0.3038	3146	CSF_tau
rs6987853	8	42457450	T	C	0.635897	-0.001197	0.00584	-0.204966	0.8376	3146	CSF_tau
rs16931146	NA	NA	NA	NA	NA	NA	NA	NA	NA	NA	NA
rs140559772	NA	NA	NA	NA	NA	NA	NA	NA	NA	NA	NA
rs7834318	NA	NA	NA	NA	NA	NA	NA	NA	NA	NA	NA
rs4741805	9	3076234	T	C	0.919051	-0.01042	0.01119	-0.931189	0.3519	3146	CSF_tau
rs10809421	9	11321937	T	A	0.407104	0.001017	0.005767	0.17634818796601348	0.86	3146	CSF_tau
rs10125463	9	15677925	A	T	0.123223	6.41e-4	0.005622	0.11401636428317324	0.9092	3146	CSF_tau
rs943395	9	22332998	G	A	0.492914	-0.006594	0.005672	-1.16255	0.2451	3146	CSF_tau
rs10972033	9	34269732	G	T	0.484398	0.0034170000000000003	0.00566	0.6037102473498234	0.5461	3146	CSF_tau
rs6478868	NA	NA	NA	NA	NA	NA	NA	NA	NA	NA	NA
rs1912286	10	87318888	G	A	0.71934	-5.238e-4	0.005995	-0.0873728	0.9304	3146	CSF_tau
rs2078243	10	112535077	T	C	0.408497	2.591e-4	0.006058	0.042769891053152854	0.9659	3146	CSF_tau
rs61418433	NA	NA	NA	NA	NA	NA	NA	NA	NA	NA	NA
rs35976355	11	8428657	T	C	0.241342	-0.00609	0.006495	-0.9376443418013857	0.3485	3146	CSF_tau
rs7944588	11	28528440	T	C	0.500185	0.008023	0.005606	1.4311452015697468	0.1525	3146	CSF_tau
rs11034813	NA	NA	NA	NA	NA	NA	NA	NA	NA	NA	NA
rs685149	11	57657413	A	G	0.60879	-0.006994	0.006599	-1.05986	0.2893	3146	CSF_tau
rs7945323	NA	NA	NA	NA	NA	NA	NA	NA	NA	NA	NA
rs12805914	11	115019739	T	A	0.54513	0.001167	0.005695	0.20491659350307287	0.8377	3146	CSF_tau
rs3909727	11	126587382	A	G	0.839795	-0.007605	0.007533	-1.00956	0.3128	3146	CSF_tau
rs10842393	12	24831709	C	G	0.658745	0.009401	0.0058390000000000004	1.61004	0.1075	3146	CSF_tau
rs4759074	12	54664097	C	T	0.433588	0.002038	0.005726	0.35592036325532656	0.7219	3146	CSF_tau
rs12231943	12	60677979	T	G	0.450359	-0.004027	0.005757	-0.6994962654160153	0.4843	3146	CSF_tau
rs7966446	NA	NA	NA	NA	NA	NA	NA	NA	NA	NA	NA
rs11571592	NA	NA	NA	NA	NA	NA	NA	NA	NA	NA	NA
rs7334927	13	89188226	C	T	0.510466	0.001454	0.005731	0.253708	0.7997	3146	CSF_tau
rs1022875	13	107934375	A	G	0.517799	0.003044	0.006145	0.495362	0.6204	3146	CSF_tau
rs12435659	14	29714942	T	A	0.306756	0.004622	0.006626000000000001	0.6975550860247509	0.4855	3146	CSF_tau
rs72698768	NA	NA	NA	NA	NA	NA	NA	NA	NA	NA	NA
rs3759584	14	103990799	T	C	0.369778	-0.003472	0.0063490000000000005	-0.5468577728776185	0.5845	3146	CSF_tau
rs562855542	NA	NA	NA	NA	NA	NA	NA	NA	NA	NA	NA
rs7178495	NA	NA	NA	NA	NA	NA	NA	NA	NA	NA	NA
rs72799815	16	71644807	T	G	0.225209	-0.008901000000000001	0.007098	-1.2540152155536772	0.2099	3146	CSF_tau
rs12103229	16	74167594	C	A	0.557958	0.015	0.005741	2.61279	0.009021	3146	CSF_tau
rs9908256	NA	NA	NA	NA	NA	NA	NA	NA	NA	NA	NA
rs9910942	NA	NA	NA	NA	NA	NA	NA	NA	NA	NA	NA
rs55859016	NA	NA	NA	NA	NA	NA	NA	NA	NA	NA	NA
rs12960540	NA	NA	NA	NA	NA	NA	NA	NA	NA	NA	NA
rs2590230	18	49799959	G	A	0.148998	-0.0018170000000000003	0.007915	-0.22956411876184463	0.8184	3146	CSF_tau
rs12967878	18	57826570	T	C	0.195242	-0.005131	0.007025	-0.7303914590747331	0.4652	3146	CSF_tau
rs12974304	NA	NA	NA	NA	NA	NA	NA	NA	NA	NA	NA
rs12232804	19	42677807	C	T	0.0881381	-0.004953	0.008836	-0.5605477591670439	0.5751	3146	CSF_tau
rs429358	NA	NA	NA	NA	NA	NA	NA	NA	NA	NA	NA
rs12052128	NA	NA	NA	NA	NA	NA	NA	NA	NA	NA	NA
rs6079587	20	14847907	A	C	0.214702	-0.003933	0.006939	-0.5667963683527886	0.5709	3146	CSF_tau
rs79564737	20	43408372	G	A	0.276225	2.9969999999999997e-4	0.006168	0.04858949416342412	0.9612	3146	CSF_tau
rs4809319	NA	NA	NA	NA	NA	NA	NA	NA	NA	NA	NA
rs136528	22	27245262	G	C	0.393091	2.977e-5	0.005822	0.005113363105462041	0.9959	3146	CSF_tau
rs139911	22	40704052	C	T	0.593739	-0.01029	0.005761	-1.78615	0.07418	3146	CSF_tau
rs202667	NA	NA	NA	NA	NA	NA	NA	NA	NA	NA	NA
