$`Main MR results`
       Exposure       MR Analysis Causal Estimate         Sd     T-stat
1 beta.exposure               Raw     -0.03483438 0.04640614 -0.7506417
2 beta.exposure Outlier-corrected     -0.03577650 0.04081416 -0.8765709
    P-value
1 0.4552811
2 0.3836760

$`MR-PRESSO results`
$`MR-PRESSO results`$`Global Test`
$`MR-PRESSO results`$`Global Test`$RSSobs
[1] 111.8379

$`MR-PRESSO results`$`Global Test`$Pvalue
[1] 0.0045


$`MR-PRESSO results`$`Outlier Test`
         RSSobs Pvalue
1  4.247606e-04      1
2  3.466531e-03      1
3  3.657454e-05      1
4  3.159382e-04      1
5  6.058408e-06      1
6  7.129532e-03 0.0222
7  3.071018e-03      1
8  3.557005e-04      1
9  1.933969e-04      1
10 3.531072e-05      1
11 2.370202e-05      1
12 5.086291e-04      1
13 2.528306e-05      1
14 2.787183e-04      1
15 3.193446e-08      1
16 8.035814e-05      1
17 8.374159e-05      1
18 3.163574e-05      1
19 2.857494e-04      1
20 5.129946e-04      1
21 1.801746e-05      1
22 1.495171e-04      1
23 2.897017e-03      1
24 2.915691e-03      1
25 1.951892e-03 0.4736
26 4.996743e-04      1
27 1.037525e-04      1
28 8.815349e-04      1
29 2.823184e-04      1
30 8.324079e-04      1
31 1.473667e-03      1
32 8.936927e-05      1
33 1.349122e-04      1
34 2.103350e-05      1
35 2.225952e-04      1
36 2.800701e-04      1
37 6.789856e-04      1
38 8.282019e-05      1
39 6.578059e-04      1
40 1.876202e-05      1
41 2.361188e-06      1
42 9.566647e-04      1
43 3.456184e-05      1
44 7.058191e-04      1
45 2.370611e-04      1
46 3.093390e-04      1
47 1.336917e-03      1
48 5.783914e-04      1
49 6.346079e-04      1
50 2.197062e-04      1
51 4.331136e-05      1
52 5.637729e-04      1
53 2.537442e-04      1
54 1.549282e-04      1
55 2.351516e-04      1
56 7.759578e-06      1
57 2.743415e-04      1
58 3.117567e-03 0.0222
59 4.131960e-04      1
60 5.727199e-04      1
61 9.109112e-04      1
62 6.577090e-04      1
63 2.151083e-04      1
64 1.004595e-04      1
65 4.318837e-04      1
66 6.741023e-05      1
67 4.888236e-04      1
68 8.637687e-04      1
69 2.370819e-06      1
70 3.102919e-04      1
71 1.279892e-05      1
72 7.200811e-05      1
73 9.231109e-05      1
74 6.144996e-04      1

$`MR-PRESSO results`$`Distortion Test`
$`MR-PRESSO results`$`Distortion Test`$`Outliers Indices`
[1]  6 58

$`MR-PRESSO results`$`Distortion Test`$`Distortion Coefficient`
beta.exposure 
     2.633353 

$`MR-PRESSO results`$`Distortion Test`$Pvalue
[1] 0.979



