$`Main MR results`
       Exposure       MR Analysis Causal Estimate         Sd     T-stat
1 beta.exposure               Raw     -0.01160260 0.04160125 -0.2789002
2 beta.exposure Outlier-corrected     -0.01220391 0.03783219 -0.3225801
    P-value
1 0.7808548
2 0.7476487

$`MR-PRESSO results`
$`MR-PRESSO results`$`Global Test`
$`MR-PRESSO results`$`Global Test`$RSSobs
[1] 144.6248

$`MR-PRESSO results`$`Global Test`$Pvalue
[1] 0.016


$`MR-PRESSO results`$`Outlier Test`
          RSSobs Pvalue
1   6.507844e-04      1
2   2.516778e-04      1
3   4.019175e-04      1
4   3.325243e-03      1
5   6.248556e-07      1
6   2.806568e-05      1
7   3.484242e-05      1
8   2.735861e-04      1
9   2.864197e-06      1
10  3.715957e-04      1
11  6.923599e-03 0.0327
12  3.244065e-03      1
13  3.258478e-04      1
14  6.778809e-04      1
15  2.457247e-04      1
16  4.645568e-05      1
17  9.080977e-06      1
18  2.061799e-06      1
19  2.952084e-05      1
20  6.700124e-04      1
21  4.570303e-04      1
22  4.587586e-05      1
23  3.086627e-04      1
24  3.744243e-07      1
25  1.214453e-06      1
26  3.502857e-05      1
27  3.356804e-05      1
28  6.296063e-05      1
29  3.916933e-04      1
30  2.019517e-05      1
31  2.564568e-04      1
32  6.196010e-04      1
33  2.526608e-05      1
34  1.205056e-04      1
35  5.473043e-05      1
36  3.069487e-03      1
37  3.177367e-03      1
38  2.011766e-03 0.6431
39  5.689797e-04      1
40  1.141001e-04      1
41  9.488240e-04      1
42  8.735462e-06      1
43  3.699311e-04      1
44  2.125293e-04      1
45  1.173535e-04      1
46  8.617438e-04      1
47  2.591781e-04      1
48  9.865473e-04      1
49  1.419683e-03      1
50  9.941123e-05      1
51  1.189109e-04      1
52  1.080839e-05      1
53  1.956856e-04      1
54  2.529125e-04      1
55  6.389055e-04      1
56  9.321528e-05      1
57  6.953091e-04      1
58  3.116493e-05      1
59  6.700331e-06      1
60  1.003254e-04      1
61  8.495169e-04      1
62  2.053250e-06      1
63  4.148879e-05      1
64  6.723782e-04      1
65  2.551033e-04      1
66  3.411692e-04      1
67  5.388111e-04      1
68  1.261481e-03      1
69  1.471387e-03      1
70  4.730624e-04      1
71  5.438096e-04      1
72  1.828169e-04      1
73  6.021108e-04      1
74  2.473804e-04      1
75  2.479242e-04      1
76  5.227385e-05      1
77  1.387146e-04      1
78  5.105771e-05      1
79  6.014520e-04      1
80  7.063541e-05      1
81  1.998440e-04      1
82  1.959831e-04      1
83  2.104766e-04      1
84  3.252130e-06      1
85  1.477776e-04      1
86  3.186582e-03 0.0218
87  2.007308e-04      1
88  6.651376e-04      1
89  6.358588e-03      1
90  8.334926e-04      1
91  6.258466e-04      1
92  3.497162e-06      1
93  2.305678e-04      1
94  7.990125e-05      1
95  4.574047e-04      1
96  3.627633e-05      1
97  5.310355e-04      1
98  9.280421e-04      1
99  6.016381e-06      1
100 2.825909e-04      1
101 3.276544e-05      1
102 8.223925e-06      1
103 9.090629e-05      1
104 2.729148e-03 0.5777
105 1.125424e-05      1
106 4.142022e-05      1
107 1.106831e-06      1
108 1.047319e-04      1
109 6.991270e-04      1

$`MR-PRESSO results`$`Distortion Test`
$`MR-PRESSO results`$`Distortion Test`$`Outliers Indices`
[1] 11 86

$`MR-PRESSO results`$`Distortion Test`$`Distortion Coefficient`
beta.exposure 
     4.927211 

$`MR-PRESSO results`$`Distortion Test`$Pvalue
[1] 0.9878



