$`Main MR results`
       Exposure       MR Analysis Causal Estimate         Sd   T-stat
1 beta.exposure               Raw      0.05074597 0.02499466 2.030272
2 beta.exposure Outlier-corrected      0.02100178 0.01247856 1.683029
     P-value
1 0.04509524
2 0.09565320

$`MR-PRESSO results`
$`MR-PRESSO results`$`Global Test`
$`MR-PRESSO results`$`Global Test`$RSSobs
[1] 460.8543

$`MR-PRESSO results`$`Global Test`$Pvalue
[1] "<1e-04"


$`MR-PRESSO results`$`Outlier Test`
         RSSobs  Pvalue
1  4.248484e-05       1
2  1.619787e-05       1
3  9.392532e-06       1
4  6.193446e-05       1
5  1.530492e-05       1
6  8.539800e-07       1
7  1.309463e-05       1
8  8.125011e-06       1
9  5.509767e-05       1
10 1.514694e-06       1
11 6.044745e-06       1
12 7.833140e-06       1
13 1.368294e-06       1
14 2.771042e-05       1
15 1.598150e-09       1
16 2.641792e-07       1
17 2.367069e-05       1
18 1.418373e-05       1
19 6.031742e-05       1
20 5.665213e-06       1
21 6.602465e-07       1
22 1.488310e-04       1
23 2.557944e-06       1
24 1.911136e-05       1
25 1.785324e-05       1
26 6.048057e-05       1
27 1.296706e-04       1
28 1.896856e-05       1
29 5.506230e-06       1
30 5.075806e-05       1
31 9.042983e-06       1
32 6.256416e-04       1
33 6.163184e-08       1
34 4.082073e-06       1
35 8.388723e-06       1
36 2.844172e-07       1
37 2.434934e-05       1
38 6.644710e-06       1
39 7.855851e-06       1
40 4.824826e-07       1
41 7.452265e-03 <0.0097
42 1.857239e-04       1
43 4.526312e-05       1
44 3.553310e-05       1
45 3.434221e-05       1
46 1.435660e-06       1
47 4.884895e-05       1
48 1.061965e-04       1
49 9.517069e-05       1
50 5.135877e-05       1
51 3.143294e-06       1
52 2.707744e-06       1
53 1.580226e-04       1
54 1.762980e-07       1
55 1.562319e-05       1
56 1.238218e-06       1
57 1.148673e-05       1
58 1.447165e-05       1
59 5.952878e-05       1
60 6.537496e-06       1
61 1.051108e-04       1
62 3.120313e-04       1
63 4.237182e-06       1
64 4.617308e-06       1
65 9.799310e-07       1
66 7.682227e-09       1
67 7.055552e-06       1
68 2.769182e-05       1
69 2.227627e-04  0.0582
70 1.067197e-04       1
71 8.078853e-07       1
72 1.122479e-06       1
73 2.263918e-05       1
74 4.840518e-05       1
75 2.853137e-06       1
76 2.818903e-05       1
77 2.423739e-05       1
78 3.811371e-06       1
79 1.236425e-05       1
80 9.303804e-05       1
81 1.880373e-05       1
82 1.184307e-04       1
83 2.380401e-05       1
84 4.189305e-05       1
85 1.503152e-07       1
86 6.164868e-06       1
87 3.917819e-05       1
88 4.156274e-06       1
89 5.152412e-09       1
90 9.792243e-07       1
91 3.349117e-05       1
92 3.593538e-05       1
93 3.597592e-06       1
94 2.217094e-05       1
95 1.667431e-06       1
96 4.615758e-05       1
97 6.729181e-06       1

$`MR-PRESSO results`$`Distortion Test`
$`MR-PRESSO results`$`Distortion Test`$`Outliers Indices`
[1] 41

$`MR-PRESSO results`$`Distortion Test`$`Distortion Coefficient`
beta.exposure 
     141.6271 

$`MR-PRESSO results`$`Distortion Test`$Pvalue
[1] 0.0013



