$`Main MR results`
       Exposure       MR Analysis Causal Estimate        Sd     T-stat
1 beta.exposure               Raw     -0.01144387 0.1690712 -0.0676867
2 beta.exposure Outlier-corrected              NA        NA         NA
    P-value
1 0.9461803
2        NA

$`MR-PRESSO results`
$`MR-PRESSO results`$`Global Test`
$`MR-PRESSO results`$`Global Test`$RSSobs
[1] 130.2442

$`MR-PRESSO results`$`Global Test`$Pvalue
[1] 0.0109


$`MR-PRESSO results`$`Outlier Test`
         RSSobs Pvalue
1  2.532782e-04      1
2  2.229730e-06      1
3  4.480017e-05      1
4  8.059195e-04      1
5  8.948743e-04      1
6  3.393099e-04      1
7  2.340683e-04      1
8  4.618316e-05      1
9  3.156315e-05      1
10 1.516107e-02      1
11 2.790495e-02  0.705
12 2.600858e-04      1
13 1.415103e-04      1
14 4.445746e-03      1
15 5.025500e-04      1
16 8.122196e-03      1
17 4.328820e-03      1
18 1.022783e-07      1
19 1.101551e-04      1
20 6.210905e-02      1
21 7.069729e-04      1
22 5.540502e-02      1
23 2.075272e-04      1
24 2.339394e-05      1
25 5.148021e-04      1
26 6.847243e-04      1
27 1.625145e-05      1
28 3.419212e-04      1
29 1.426096e-04      1
30 1.980537e-08      1
31 1.179409e-05      1
32 4.383168e-05      1
33 1.681519e-04      1
34 3.531156e-05      1
35 7.395993e-05      1
36 1.477934e-04      1
37 3.075379e-05      1
38 3.349817e-04      1
39 9.358203e-04      1
40 8.843077e-05      1
41 8.037541e-04      1
42 3.616558e-03      1
43 4.795369e-04      1
44 5.539956e-05      1
45 8.819367e-04      1
46 1.868259e-03      1
47 3.877000e-04      1
48 1.798425e-06      1
49 2.863341e-04      1
50 3.759696e-04      1
51 2.884515e-04      1
52 3.573253e-05      1
53 1.658559e-04      1
54 3.306926e-04      1
55 2.195496e-05      1
56 1.287245e-05      1
57 6.072757e-04      1
58 3.645107e-04      1
59 1.378822e-05      1
60 1.094188e-03      1
61 4.402772e-04      1
62 1.256623e-01 0.2068
63 1.100835e-04      1
64 4.088080e-02      1
65 1.395996e-04      1
66 4.498036e-06      1
67 1.414465e-03      1
68 1.212290e-09      1
69 2.177808e-05      1
70 5.705620e-05      1
71 6.622752e-04      1
72 1.746505e-03      1
73 1.752369e-04      1
74 8.447702e-05      1
75 6.628574e-02      1
76 1.914571e-05      1
77 3.916855e-04      1
78 5.674030e-04      1
79 2.599075e-05      1
80 2.909405e-06      1
81 2.919263e-04      1
82 1.283808e-03      1
83 1.965799e-04      1
84 8.243437e-02      1
85 2.848076e-04      1
86 1.513421e-03      1
87 2.108093e-04      1
88 1.381110e-04      1
89 3.005100e-05      1
90 4.911840e-04      1
91 2.322682e-04      1
92 7.748734e-06      1
93 7.307431e-04      1
94 7.725125e-04      1

$`MR-PRESSO results`$`Distortion Test`
$`MR-PRESSO results`$`Distortion Test`$`Outliers Indices`
[1] "No significant outliers"

$`MR-PRESSO results`$`Distortion Test`$`Distortion Coefficient`
[1] NA

$`MR-PRESSO results`$`Distortion Test`$Pvalue
[1] NA



