SNP	CHROM	POS	REF	ALT	AF	BETA	SE	Z	P	N	TRAIT
rs28421659	NA	NA	NA	NA	NA	NA	NA	NA	NA	NA	NA
rs34394051	1	6853091	A	G	0.172545	0.01119	0.007597	1.4729498486244572	0.141	3146	CSF_ab42
rs1193237	1	7526486	G	C	0.510909	0.004063	0.0057399999999999994	0.70784	0.4791	3146	CSF_ab42
rs301800	1	8490603	T	C	0.840044	0.006932	0.007379000000000001	0.939423	0.3475	3146	CSF_ab42
rs12030427	NA	NA	NA	NA	NA	NA	NA	NA	NA	NA	NA
rs78116078	1	18434125	C	G	0.283135	-0.006455	0.006408	-1.0073345817727841	0.3139	3146	CSF_ab42
rs74701752	1	20875676	G	T	0.0961328	0.015059999999999999	0.009484999999999999	1.58777016341592	0.1124	3146	CSF_ab42
rs6699127	NA	NA	NA	NA	NA	NA	NA	NA	NA	NA	NA
rs79523955	NA	NA	NA	NA	NA	NA	NA	NA	NA	NA	NA
rs2297600	NA	NA	NA	NA	NA	NA	NA	NA	NA	NA	NA
rs114584677	1	38011997	G	T	0.0652727	-0.01425	0.01192	-1.195469798657718	0.2318	3146	CSF_ab42
rs76211769	1	38506819	T	C	0.0815474	-7.281e-5	0.009587	-0.00759465943465109	0.9939	3146	CSF_ab42
rs1892417	1	41779673	T	C	0.223029	-0.01181	0.006904	-1.7106025492468133	0.08726	3146	CSF_ab42
rs77510794	NA	NA	NA	NA	NA	NA	NA	NA	NA	NA	NA
rs2819336	1	44015809	T	C	0.642802	0.00836	0.005997	1.39403	0.1634	3146	CSF_ab42
rs7161	NA	NA	NA	NA	NA	NA	NA	NA	NA	NA	NA
rs1738050	1	44707295	G	C	0.593044	0.003854	0.005905	0.652667	0.514	3146	CSF_ab42
rs713358	1	45988267	C	G	0.180762	0.009954000000000001	0.006801000000000001	1.4636082928981033	0.1434	3146	CSF_ab42
rs6658111	NA	NA	NA	NA	NA	NA	NA	NA	NA	NA	NA
rs663234	1	57735595	C	G	0.616878	-0.005459	0.005922	-0.921817	0.3566	3146	CSF_ab42
rs2800059	NA	NA	NA	NA	NA	NA	NA	NA	NA	NA	NA
rs1937435	1	66441619	A	T	0.0889615	0.006247	0.010459999999999999	0.5972275334608032	0.5504	3146	CSF_ab42
rs17440885	1	67208622	A	G	0.091833	0.007227	0.01188	0.6083333333333333	0.5429999999999999	3146	CSF_ab42
rs9436866	1	69427576	A	C	0.136678	-0.0073939999999999995	0.009366	-0.7894512064915652	0.4299	3146	CSF_ab42
rs3795694	1	70766863	T	C	0.186096	0.005925	0.0071579999999999994	0.827745180217938	0.4079	3146	CSF_ab42
rs481940	1	71442457	T	C	0.817918	-0.007387	0.0066099999999999996	-1.11755	0.2639	3146	CSF_ab42
rs1620977	1	72729142	A	G	0.737341	7.472e-4	0.00683	0.1094	0.9129	3146	CSF_ab42
rs7516923	1	73843761	A	G	0.12568	-0.004186	0.009129	-0.45853872275167046	0.6466	3146	CSF_ab42
rs1569092	1	74858724	G	A	0.11897	0.010409999999999999	0.008429	1.2350219480365403	0.2168	3146	CSF_ab42
rs76549394	1	75935191	A	G	0.0221416	0.01208	0.015790000000000002	0.7650411652944901	0.4444	3146	CSF_ab42
rs1335482	1	78603463	T	C	0.512	0.0059310000000000005	0.006205	0.9558420628525385	0.3393	3146	CSF_ab42
rs537342	1	89099222	C	T	0.43148	0.0071200000000000005	0.005749	1.2384762567403027	0.21560000000000001	3146	CSF_ab42
rs1008078	NA	NA	NA	NA	NA	NA	NA	NA	NA	NA	NA
rs7526112	1	93747683	T	G	0.379185	-0.006806	0.00598	-1.1381270903010035	0.2552	3146	CSF_ab42
rs635754	1	96484940	G	A	0.558545	9.651e-5	0.0056890000000000005	0.0169643	0.9865	3146	CSF_ab42
rs10875121	1	98417446	G	C	0.825898	-0.007322	0.007732999999999999	-0.946851	0.3438	3146	CSF_ab42
rs12750688	NA	NA	NA	NA	NA	NA	NA	NA	NA	NA	NA
rs1856778	1	102850380	G	A	0.718671	-0.005584	0.006132	-0.910633	0.3626	3146	CSF_ab42
rs575113	1	110046373	G	A	0.345788	-0.008176000000000001	0.006734	-1.2141372141372142	0.2248	3146	CSF_ab42
rs333078	1	110534914	C	A	0.351127	0.008476000000000001	0.006340999999999999	1.3366976817536669	0.1815	3146	CSF_ab42
rs59123361	NA	NA	NA	NA	NA	NA	NA	NA	NA	NA	NA
rs4839155	1	112161489	T	G	0.241467	0.007986	0.0068189999999999995	1.1711394632644083	0.2416	3146	CSF_ab42
rs2618039	1	112324111	A	T	0.423119	7.442e-4	0.005902	0.12609284988139613	0.8997	3146	CSF_ab42
rs3790609	1	113056990	C	T	0.158794	0.005736	0.007932999999999999	0.7230555905710324	0.4697	3146	CSF_ab42
rs12746551	1	114374966	C	G	0.0268408	-0.0046159999999999994	0.01694	-0.2724911452184179	0.7853	3146	CSF_ab42
rs6678474	1	117772297	A	T	0.0217786	-0.0109	0.01518	-0.7180500658761528	0.4728	3146	CSF_ab42
rs35550545	1	151000183	G	A	0.153204	-0.003146	0.009266	-0.33952082883660695	0.7342	3146	CSF_ab42
rs61748951	NA	NA	NA	NA	NA	NA	NA	NA	NA	NA	NA
rs3026996	NA	NA	NA	NA	NA	NA	NA	NA	NA	NA	NA
rs7543462	1	159898913	A	G	0.547888	-0.004533	0.0056170000000000005	-0.807014	0.4197	3146	CSF_ab42
rs1200083	1	169137277	G	A	0.608704	-0.002087	0.005795000000000001	-0.360138	0.7187	3146	CSF_ab42
rs35039375	1	171516863	A	G	0.0803253	-0.013940000000000001	0.0105	-1.3276190476190477	0.1842	3146	CSF_ab42
rs6672986	1	174076864	G	C	0.404478	-0.005642	0.0056560000000000004	-0.9975247524752475	0.3186	3146	CSF_ab42
rs4652135	NA	NA	NA	NA	NA	NA	NA	NA	NA	NA	NA
rs17498867	1	182077680	G	A	0.158619	0.003632	0.007774	0.4671983534859789	0.6404	3146	CSF_ab42
rs1926827	1	183693921	C	T	0.509101	-0.003216	0.0056619999999999995	-0.567997	0.5701	3146	CSF_ab42
rs12126231	1	184698816	A	G	0.35774	-0.0027140000000000003	0.005873	-0.4621147624723311	0.644	3146	CSF_ab42
rs4272628	1	189603032	A	G	0.482915	0.0032670000000000004	0.005778	0.5654205607476636	0.5718	3146	CSF_ab42
rs1171042	1	190385714	C	T	0.800835	0.007735	0.0071579999999999994	1.08061	0.28	3146	CSF_ab42
rs12724430	1	196100283	T	G	0.476511	0.009987000000000001	0.00566	1.7644876325088341	0.07775	3146	CSF_ab42
rs12118513	1	197517086	T	A	0.182825	0.007416	0.007241	1.0241679326059936	0.3058	3146	CSF_ab42
rs16842147	1	197910120	T	G	0.202321	0.0035590000000000005	0.006901000000000001	0.5157223590783945	0.6061	3146	CSF_ab42
rs2820314	1	201872209	A	C	0.339767	0.009192	0.006055	1.5180842279108178	0.1291	3146	CSF_ab42
rs3747631	1	204587569	G	C	0.241806	0.006615	0.0068579999999999995	0.9645669291338583	0.3348	3146	CSF_ab42
rs16854920	1	204966170	T	C	0.343155	-0.009099	0.006258	-1.4539789069990412	0.1461	3146	CSF_ab42
rs7525987	NA	NA	NA	NA	NA	NA	NA	NA	NA	NA	NA
rs2487903	1	210385673	A	G	0.556806	0.006488	0.005748	1.12874	0.2591	3146	CSF_ab42
rs61829485	1	210915548	A	C	0.247553	0.0105	0.0065439999999999995	1.6045232273838632	0.1088	3146	CSF_ab42
rs71646142	1	212369228	C	T	0.182612	0.006327	0.007370000000000001	0.8584803256445047	0.3907	3146	CSF_ab42
rs3123307	1	213160826	G	A	0.291328	-0.01335	0.006459	-2.066883418485834	0.03879	3146	CSF_ab42
rs1391513	NA	NA	NA	NA	NA	NA	NA	NA	NA	NA	NA
rs3767657	1	220198127	C	T	0.152198	-0.01009	0.009481	-1.064233730619133	0.2871	3146	CSF_ab42
rs4846724	1	221967817	G	A	0.55	0.01332	0.005676	2.34672	0.01898	3146	CSF_ab42
rs72753048	1	225794524	G	A	0.213145	-8.897999999999999e-4	0.006909	-0.12878853669127224	0.8975	3146	CSF_ab42
rs1329125	1	234740880	C	T	0.395332	0.004604	0.006566	0.7011879378617119	0.4833	3146	CSF_ab42
rs6429082	1	235600129	T	C	0.565146	-0.004383	0.005685	-0.770976	0.4408	3146	CSF_ab42
rs2990547	1	237742717	C	T	0.434659	0.004336	0.005763	0.7523859101162589	0.4519	3146	CSF_ab42
rs72768080	1	241871634	T	C	0.178015	-0.004609	0.007277	-0.6333653978287757	0.5265	3146	CSF_ab42
rs3897821	1	243420388	A	G	0.345497	-0.002297	0.00606	-0.37904290429042903	0.7047	3146	CSF_ab42
rs622169	1	244437407	C	T	0.428311	-8.331e-5	0.00626	-0.013308306709265177	0.9894	3146	CSF_ab42
rs4366937	NA	NA	NA	NA	NA	NA	NA	NA	NA	NA	NA
rs13400823	2	1918360	A	G	0.379555	-0.003278	0.005919	-0.5538097651630344	0.5798	3146	CSF_ab42
rs12614263	2	4123797	G	A	0.472767	-0.003573	0.0057	-0.6268421052631579	0.5308	3146	CSF_ab42
rs7603132	2	4951548	G	A	0.174392	-0.005788000000000001	0.007219	-0.8017730987671424	0.4228	3146	CSF_ab42
rs76076331	2	10977585	C	T	0.233806	-9.553e-6	0.008457	-0.0011295967837294549	0.9991	3146	CSF_ab42
rs10929829	2	12859459	T	C	0.0799488	1.62e-4	0.01096	0.01478102189781022	0.9882	3146	CSF_ab42
rs11689269	2	15621917	C	G	0.639172	0.001821	0.006032	0.30189	0.7627	3146	CSF_ab42
rs10856785	2	16650175	C	T	0.742644	-0.004948	0.006456999999999999	-0.7663	0.4436	3146	CSF_ab42
rs11124434	2	21328903	C	T	0.105954	-0.008531	0.009525	-0.8956430446194226	0.3705	3146	CSF_ab42
rs67446571	2	22554648	A	G	0.389978	-0.01024	0.005893	-1.737654844731037	0.0825	3146	CSF_ab42
rs116325000	2	24296416	G	A	0.0543872	0.015719999999999998	0.01314	1.1963470319634701	0.2317	3146	CSF_ab42
rs935166	2	26949366	G	A	0.509612	-0.002036	0.005752	-0.35396383866481224	0.7234	3146	CSF_ab42
rs4358081	2	29100642	A	C	0.456871	0.0013310000000000002	0.0057	0.23350877192982458	0.8154	3146	CSF_ab42
rs11681861	2	29633087	T	G	0.104432	-0.005539	0.008973	-0.6172963334447787	0.5371	3146	CSF_ab42
rs6543810	2	34380023	C	T	0.344364	-0.001456	0.006182	-0.23552248463280492	0.8138	3146	CSF_ab42
rs2063177	2	41712849	G	A	0.376229	-0.005226	0.005998	-0.8712904301433811	0.3836	3146	CSF_ab42
rs12468040	2	44854981	T	G	0.575728	1.312e-4	0.00576	0.0227778	0.9818	3146	CSF_ab42
rs4438532	2	48643668	G	A	0.339195	9.841000000000001e-4	0.0060149999999999995	0.16360764754779722	0.8701	3146	CSF_ab42
rs1527920	2	49707210	G	T	0.495641	-0.002702	0.00569	-0.4748681898066784	0.6349	3146	CSF_ab42
rs10191436	2	50619058	C	T	0.4626	7.021e-4	0.005665	0.12393645189761694	0.9014	3146	CSF_ab42
rs17570033	2	51079664	G	T	0.122323	-6.459e-5	0.009575	-0.006745691906005222	0.9946	3146	CSF_ab42
rs13010288	2	51824512	G	T	0.0918664	0.009029	0.008485	1.064113140836771	0.2873	3146	CSF_ab42
rs2589091	2	55575981	G	A	0.397091	0.008912999999999999	0.00572	1.558216783216783	0.1193	3146	CSF_ab42
rs2216326	2	56415888	A	G	0.486914	0.0018789999999999998	0.006215	0.30233306516492353	0.7625	3146	CSF_ab42
rs2217361	2	57225684	G	A	0.626228	-0.006336	0.005664	-1.11864	0.2633	3146	CSF_ab42
rs1106090	2	58068741	G	A	0.564545	-0.01202	0.005739	-2.09444	0.03625	3146	CSF_ab42
rs115629871	2	59079287	T	C	0.0280269	0.009068999999999999	0.01576	0.5754441624365482	0.565	3146	CSF_ab42
rs72802200	NA	NA	NA	NA	NA	NA	NA	NA	NA	NA	NA
rs7595950	2	60143192	T	C	0.56	-0.006585	0.005705	-1.15425	0.2485	3146	CSF_ab42
rs10189857	2	60713235	A	G	0.442831	0.00155	0.005693	0.2722641840857193	0.7854	3146	CSF_ab42
rs35115993	2	61580119	C	T	0.203193	-0.003186	0.008159	-0.3904890305184459	0.6962	3146	CSF_ab42
rs268120	2	65604914	A	G	0.722041	0.002703	0.006423999999999999	0.420766	0.6739	3146	CSF_ab42
rs6731373	NA	NA	NA	NA	NA	NA	NA	NA	NA	NA	NA
rs2706762	2	70488470	C	T	0.118106	0.007065000000000001	0.007965999999999999	0.886894300778308	0.3752	3146	CSF_ab42
rs34363861	NA	NA	NA	NA	NA	NA	NA	NA	NA	NA	NA
rs112806496	2	80421805	C	G	0.0791634	-0.0127	0.01151	-1.103388357949609	0.2697	3146	CSF_ab42
rs11894424	2	80588091	A	C	0.0559041	0.018119999999999997	0.01211	1.4962840627580511	0.1346	3146	CSF_ab42
rs75755471	2	81708417	G	A	0.049855	-0.002491	0.01217	-0.20468364831553	0.8379	3146	CSF_ab42
rs35836525	NA	NA	NA	NA	NA	NA	NA	NA	NA	NA	NA
rs62154856	NA	NA	NA	NA	NA	NA	NA	NA	NA	NA	NA
rs62157915	2	98897183	T	C	0.0583968	0.02305	0.01157	1.9922212618841832	0.04654	3146	CSF_ab42
rs17023131	2	100406732	G	C	0.272595	-0.005685	0.0068920000000000006	-0.8248694138131166	0.4095	3146	CSF_ab42
rs11123818	2	100867308	G	A	0.385802	-0.002836	0.005876	-0.48264125255275697	0.6294	3146	CSF_ab42
rs71415374	NA	NA	NA	NA	NA	NA	NA	NA	NA	NA	NA
rs62155873	2	105969362	C	T	0.107195	0.005016	0.009215000000000001	0.5443298969072164	0.5863	3146	CSF_ab42
rs12712269	2	107564115	T	C	0.609639	0.001081	0.0057799999999999995	0.187024	0.8516	3146	CSF_ab42
rs6709871	NA	NA	NA	NA	NA	NA	NA	NA	NA	NA	NA
rs939780	2	120450659	G	A	0.822018	7.767e-4	0.0073230000000000005	0.106063	0.9155	3146	CSF_ab42
rs1355833	2	124523422	G	C	0.426074	-0.004886	0.005634	-0.8672346467873624	0.3859	3146	CSF_ab42
rs13010566	2	125873208	A	C	0.479673	0.002024	0.005703	0.354901	0.7227	3146	CSF_ab42
rs4662711	2	127990840	G	A	0.458834	-0.004526	0.0057399999999999994	-0.7885017421602788	0.4305	3146	CSF_ab42
rs10439212	2	129183774	T	C	0.24183	8.312000000000001e-4	0.006606999999999999	0.12580596337218106	0.8999	3146	CSF_ab42
rs17650634	2	139420392	T	C	0.249184	0.013630000000000001	0.0076159999999999995	1.7896533613445382	0.07366	3146	CSF_ab42
rs72972965	2	140454376	C	A	0.471954	6.045e-5	0.005852	0.010329801777170198	0.9918	3146	CSF_ab42
rs1429370	2	141599025	C	G	0.944967	0.009766	0.01072	0.911007	0.3622	3146	CSF_ab42
rs1878848	2	142011410	T	G	0.330486	-0.009775	0.006511	-1.5013054830287207	0.1334	3146	CSF_ab42
rs62166492	2	142357828	A	G	0.0865385	0.01484	0.01174	1.264054514480409	0.2063	3146	CSF_ab42
rs997123	2	142852502	T	C	0.546606	0.005676	0.005746	0.987818	0.3233	3146	CSF_ab42
rs13428598	2	144250487	C	T	0.333087	0.003437	0.005845	0.5880239520958084	0.5566	3146	CSF_ab42
rs1427298	2	145214421	C	T	0.446507	0.003139	0.006215	0.5050683829444891	0.6135	3146	CSF_ab42
rs7575637	2	145796251	G	A	0.376909	0.00938	0.005684000000000001	1.6502463054187189	0.09898	3146	CSF_ab42
rs17742342	2	148633936	A	C	0.149072	0.02359	0.0070290000000000005	3.356096172997581	7.987999999999999e-4	3146	CSF_ab42
rs6729612	2	152780167	C	T	0.721112	0.00953	0.006058	1.57313	0.1158	3146	CSF_ab42
rs4664605	NA	NA	NA	NA	NA	NA	NA	NA	NA	NA	NA
rs13422673	2	155474355	C	T	0.519419	-0.001356	0.005835	-0.23239074550128536	0.8163	3146	CSF_ab42
rs6720515	2	156603535	A	T	0.268627	-0.005302	0.006847	-0.7743537315612677	0.4388	3146	CSF_ab42
rs6436555	NA	NA	NA	NA	NA	NA	NA	NA	NA	NA	NA
rs4664968	2	159366618	G	A	0.891833	-0.01535	0.01022	-1.50196	0.1331	3146	CSF_ab42
rs62177359	NA	NA	NA	NA	NA	NA	NA	NA	NA	NA	NA
rs11678980	NA	NA	NA	NA	NA	NA	NA	NA	NA	NA	NA
rs13015258	NA	NA	NA	NA	NA	NA	NA	NA	NA	NA	NA
rs6736898	2	164389567	A	G	0.347146	-0.006204	0.005716	-1.085374387683695	0.2779	3146	CSF_ab42
rs1947114	2	166180772	A	G	0.315332	-0.008411	0.006499	-1.2941991075550086	0.1957	3146	CSF_ab42
rs1400637	NA	NA	NA	NA	NA	NA	NA	NA	NA	NA	NA
rs17428076	2	172851936	C	G	0.2259	-0.007122	0.006666	-1.0684068406840683	0.2854	3146	CSF_ab42
rs13009008	2	174043233	A	G	0.65435	-0.004573	0.006043	-0.756743	0.4493	3146	CSF_ab42
rs4972400	NA	NA	NA	NA	NA	NA	NA	NA	NA	NA	NA
rs77371497	2	175257934	G	C	0.0684211	-0.008583	0.01212	-0.7081683168316831	0.4789	3146	CSF_ab42
rs11694904	NA	NA	NA	NA	NA	NA	NA	NA	NA	NA	NA
rs1527878	2	183446535	G	A	0.785636	0.002955	0.006478	0.456159	0.6483	3146	CSF_ab42
rs62174974	2	185053385	G	A	0.193818	-0.014159999999999999	0.00722	-1.9612188365650969	0.04997	3146	CSF_ab42
rs115438240	2	185883877	T	G	0.0477684	-0.001602	0.01266	-0.12654028436018958	0.8993	3146	CSF_ab42
rs66641143	NA	NA	NA	NA	NA	NA	NA	NA	NA	NA	NA
rs34796043	2	191016790	C	T	0.208427	-0.01459	0.007091	-2.057537723875335	0.03973	3146	CSF_ab42
rs13025214	NA	NA	NA	NA	NA	NA	NA	NA	NA	NA	NA
rs2245901	2	194296294	G	A	0.40714	-1.1159999999999999e-4	0.0057020000000000005	-0.019572079971939667	0.9844	3146	CSF_ab42
rs6706197	NA	NA	NA	NA	NA	NA	NA	NA	NA	NA	NA
rs1455350	NA	NA	NA	NA	NA	NA	NA	NA	NA	NA	NA
rs13035874	2	201109553	G	A	0.364644	0.002944	0.006077	0.4844495639295705	0.628	3146	CSF_ab42
rs4675248	2	202880230	A	G	0.550764	0.001217	0.006143	0.198112	0.843	3146	CSF_ab42
rs1348942	NA	NA	NA	NA	NA	NA	NA	NA	NA	NA	NA
rs114340522	2	206850862	G	C	0.0650598	0.0154	0.01462	1.0533515731874146	0.2925	3146	CSF_ab42
rs725822	2	207732113	T	C	0.316249	-0.01097	0.0059770000000000005	-1.8353689141709888	0.06657	3146	CSF_ab42
rs11681987	2	208275968	C	T	0.220284	-1.449e-4	0.00686	-0.021122448979591837	0.9832	3146	CSF_ab42
rs62184480	2	212654200	C	T	0.293775	2.483e-4	0.006398	0.038809002813379186	0.9690000000000001	3146	CSF_ab42
rs147323855	NA	NA	NA	NA	NA	NA	NA	NA	NA	NA	NA
rs13029509	2	215374209	G	A	0.478471	-0.001023	0.0059770000000000005	-0.17115609837711226	0.8641	3146	CSF_ab42
rs11898582	NA	NA	NA	NA	NA	NA	NA	NA	NA	NA	NA
rs12614206	NA	NA	NA	NA	NA	NA	NA	NA	NA	NA	NA
rs57016874	2	220310112	C	T	0.0315004	0.001614	0.01444	0.11177285318559557	0.9109999999999999	3146	CSF_ab42
rs72974219	2	225423784	G	C	0.353132	-0.0034579999999999997	0.00604	-0.5725165562913906	0.5671	3146	CSF_ab42
rs12694681	2	226609241	T	G	0.32221	0.009078	0.0065970000000000004	1.3760800363801726	0.1689	3146	CSF_ab42
rs67890737	2	228984644	C	A	0.3102	0.009956	0.00589	1.6903225806451612	0.09108	3146	CSF_ab42
rs150909446	NA	NA	NA	NA	NA	NA	NA	NA	NA	NA	NA
rs10205801	2	233597196	G	A	0.545537	-0.004921	0.005724	-0.859713	0.39	3146	CSF_ab42
rs1406063	NA	NA	NA	NA	NA	NA	NA	NA	NA	NA	NA
rs62190914	NA	NA	NA	NA	NA	NA	NA	NA	NA	NA	NA
rs2034670	2	237106201	A	G	0.229463	-3.854e-4	0.00718	-0.05367688022284123	0.9572	3146	CSF_ab42
rs6706275	2	240265617	C	T	0.321182	0.01081	0.006128	1.7640339425587468	0.07779	3146	CSF_ab42
rs13388333	2	242400597	A	G	0.358549	0.005174	0.0059039999999999995	0.8763550135501356	0.3809	3146	CSF_ab42
rs55830111	3	3785616	T	C	0.124092	-0.01516	0.009016	-1.681455190771961	0.09268	3146	CSF_ab42
rs6808050	3	7776639	G	T	0.310364	-0.0019089999999999999	0.006847	-0.27880823718416825	0.7804	3146	CSF_ab42
rs17048855	3	8258174	G	A	0.362	-0.01184	0.006143	-1.9273970372782028	0.05395	3146	CSF_ab42
rs382196	3	9145554	G	T	0.370962	0.006353	0.006285	1.0108194112967384	0.3122	3146	CSF_ab42
rs41147	3	10368102	G	A	0.497449	0.011290000000000001	0.006171	1.8295251985091558	0.06745	3146	CSF_ab42
rs5746154	3	12705048	G	A	0.14755	-0.01439	0.008573	-1.6785256036393326	0.09339	3146	CSF_ab42
rs9882532	3	16865845	T	C	0.39261	0.001859	0.005902	0.31497797356828194	0.7528	3146	CSF_ab42
rs78300560	3	19431418	G	A	0.0837563	-0.02423	0.01013	-2.3919052319842056	0.0168	3146	CSF_ab42
rs11710447	3	20912018	T	C	0.462237	0.004654	0.006221	0.7481112361356695	0.4545	3146	CSF_ab42
rs9811913	3	22469821	A	G	0.281503	-0.01103	0.006737000000000001	-1.6372272524862697	0.1017	3146	CSF_ab42
rs9883892	3	23224246	A	G	0.211014	-0.006516	0.006798	-0.9585172109443953	0.3379	3146	CSF_ab42
rs4858670	3	25006453	C	T	0.710029	-0.004994	0.006111	-0.817215	0.4139	3146	CSF_ab42
rs6551088	3	26448194	T	C	0.603924	-0.009688	0.005921	-1.63621	0.1019	3146	CSF_ab42
rs11713577	3	28910107	A	G	0.362277	0.009258	0.005849	1.5828346725936058	0.1135	3146	CSF_ab42
rs7614270	3	35025388	A	C	0.852866	-0.00437	0.008289	-0.527205	0.5981	3146	CSF_ab42
rs4328757	NA	NA	NA	NA	NA	NA	NA	NA	NA	NA	NA
rs150186931	NA	NA	NA	NA	NA	NA	NA	NA	NA	NA	NA
rs10514710	3	44883971	G	A	0.202178	0.010190000000000001	0.007067	1.4419131173057875	0.1495	3146	CSF_ab42
rs62260764	3	47990500	G	C	0.203414	0.002512	0.006487000000000001	0.38723601048250345	0.6986	3146	CSF_ab42
rs13090388	3	49391082	C	T	0.30446	7.978e-4	0.006145	0.12982912937347435	0.8967	3146	CSF_ab42
rs73082936	3	50512974	C	T	0.0886099	0.008614	0.01085	0.7939170506912442	0.4274	3146	CSF_ab42
rs182308457	NA	NA	NA	NA	NA	NA	NA	NA	NA	NA	NA
rs74453875	NA	NA	NA	NA	NA	NA	NA	NA	NA	NA	NA
rs10433551	NA	NA	NA	NA	NA	NA	NA	NA	NA	NA	NA
rs3796348	NA	NA	NA	NA	NA	NA	NA	NA	NA	NA	NA
rs7625428	3	56570907	C	T	0.617743	1.504e-4	0.005764	0.026093	0.9792	3146	CSF_ab42
rs35871234	3	60835863	G	A	0.195549	-2.558e-5	0.00692	-0.0036965317919075143	0.9971	3146	CSF_ab42
rs6774533	3	62471086	C	T	0.666243	0.002937	0.00658	0.446353	0.6553	3146	CSF_ab42
rs62247449	NA	NA	NA	NA	NA	NA	NA	NA	NA	NA	NA
rs77554090	3	65711935	C	T	0.0760712	0.0024	0.01137	0.21108179419525064	0.8328	3146	CSF_ab42
rs75017517	NA	NA	NA	NA	NA	NA	NA	NA	NA	NA	NA
rs1873265	3	68871767	G	T	0.579599	6.206e-4	0.005768	0.107594	0.9143	3146	CSF_ab42
rs115000530	3	69930625	A	T	0.04814	-0.009293000000000001	0.01273	-0.7300078554595445	0.4655	3146	CSF_ab42
rs55736314	3	71586293	C	G	0.361496	-0.008945999999999999	0.0062640000000000005	-1.4281609195402296	0.1533	3146	CSF_ab42
rs9820604	NA	NA	NA	NA	NA	NA	NA	NA	NA	NA	NA
rs1918394	3	74903904	T	C	0.84459	0.003727	0.007319	0.509223	0.6106	3146	CSF_ab42
rs112379405	3	76230061	C	G	0.45921	-0.004797	0.005785	-0.8292134831460674	0.4071	3146	CSF_ab42
rs11708628	NA	NA	NA	NA	NA	NA	NA	NA	NA	NA	NA
rs9844755	3	78440564	G	A	0.329698	-0.004369	0.0059299999999999995	-0.7367622259696459	0.4614	3146	CSF_ab42
rs2871632	3	79413350	G	A	0.52221	-0.008591	0.005674	-1.5141	0.1301	3146	CSF_ab42
rs13318986	3	82533639	G	A	0.308406	0.001661	0.0060880000000000005	0.27283180026281206	0.785	3146	CSF_ab42
rs66568921	3	85672018	T	G	0.37936	-2.829e-4	0.006047	-0.04678352902265586	0.9627	3146	CSF_ab42
rs9682919	3	90368237	A	G	0.477534	-0.006996	0.0061	-1.1468852459016392	0.2516	3146	CSF_ab42
rs62266108	3	93530098	T	C	0.259535	0.006741	0.006689	1.0077739572432352	0.3137	3146	CSF_ab42
rs9853928	3	103295384	C	T	0.200182	0.002418	0.006806	0.3552747575668528	0.7224	3146	CSF_ab42
rs7626224	3	104907697	G	T	0.804197	0.003701	0.0064849999999999994	0.570702	0.5682	3146	CSF_ab42
rs9862385	3	107450331	A	G	0.159536	0.001583	0.007723000000000001	0.20497216107730154	0.8377	3146	CSF_ab42
rs79269403	NA	NA	NA	NA	NA	NA	NA	NA	NA	NA	NA
rs2718414	3	114217236	T	C	0.119151	7.711e-4	0.008684	0.08879548595117458	0.9292	3146	CSF_ab42
rs6805241	3	116532683	T	C	0.204067	7.242e-5	0.0067079999999999996	0.010796064400715564	0.9914	3146	CSF_ab42
rs9881096	3	117158450	C	T	0.551543	0.005028	0.005622	0.894344	0.3713	3146	CSF_ab42
rs2088913	3	117310069	A	G	0.407852	0.004347	0.005698	0.7628992628992629	0.4456	3146	CSF_ab42
rs13091704	3	118419383	A	C	0.742298	0.00306	0.006483	0.472004	0.6369	3146	CSF_ab42
rs11720985	3	122214045	C	T	0.330224	0.002513	0.006663	0.3771574365901246	0.7061	3146	CSF_ab42
rs35919256	3	123556171	C	A	0.627369	0.006739	0.005886	1.14492	0.2523	3146	CSF_ab42
rs9863658	3	125220822	C	T	0.275937	0.0064659999999999995	0.005940999999999999	1.0883689614543006	0.2765	3146	CSF_ab42
rs7641346	3	126894537	G	A	0.186321	0.005619	0.006914	0.8126988718542089	0.4165	3146	CSF_ab42
rs9289300	3	127144988	T	C	0.126999	-0.0016179999999999999	0.007606999999999999	-0.212698830024977	0.8315	3146	CSF_ab42
rs2929860	3	128691941	T	C	0.838475	-8.349e-4	0.007896	-0.105737	0.9158	3146	CSF_ab42
rs11712444	3	132042883	G	A	0.20022	-0.0034799999999999996	0.0071719999999999996	-0.4852203011712214	0.6275	3146	CSF_ab42
rs1461515	3	137081649	G	A	0.438319	9.013999999999999e-4	0.00571	0.15786339754816112	0.8746	3146	CSF_ab42
rs9289594	3	139699811	T	C	0.772051	-2.514e-4	0.006502	-0.038665	0.9692	3146	CSF_ab42
rs6440008	NA	NA	NA	NA	NA	NA	NA	NA	NA	NA	NA
rs2885198	NA	NA	NA	NA	NA	NA	NA	NA	NA	NA	NA
rs17507342	3	146983062	C	T	0.357221	-0.01406	0.006025	-2.333609958506224	0.01964	3146	CSF_ab42
rs73010956	NA	NA	NA	NA	NA	NA	NA	NA	NA	NA	NA
rs1521328	NA	NA	NA	NA	NA	NA	NA	NA	NA	NA	NA
rs75249094	3	156489008	C	T	0.0881073	-6.818e-4	0.01008	-0.06763888888888889	0.9461	3146	CSF_ab42
rs73874335	3	157933483	C	T	0.0782957	0.001108	0.01139	0.09727831431079895	0.9225	3146	CSF_ab42
rs1599381	3	160867680	G	A	0.495999	0.004783	0.0056619999999999995	0.8447545037089368	0.3983	3146	CSF_ab42
rs73879447	3	165733789	A	G	0.0340037	0.001241	0.016569999999999998	0.07489438744719373	0.9403	3146	CSF_ab42
rs2055026	3	167462868	T	G	0.195489	9.301e-4	0.006848999999999999	0.1358008468389546	0.892	3146	CSF_ab42
rs35475880	3	168853348	G	T	0.233992	-0.008034999999999999	0.007121	-1.1283527594438982	0.2592	3146	CSF_ab42
rs8192675	3	170724883	T	C	0.281613	0.004538	0.006118	0.7417456685191239	0.4583	3146	CSF_ab42
rs1421418	3	173924058	T	G	0.726843	8.602e-4	0.006376	0.134912	0.8927	3146	CSF_ab42
rs72622559	3	175672897	C	T	0.243805	-4.339e-5	0.00657	-0.006604261796042618	0.9947	3146	CSF_ab42
rs77025239	3	180734185	G	A	0.166001	1.4509999999999998e-4	0.007712	0.01881483402489626	0.985	3146	CSF_ab42
rs114600294	NA	NA	NA	NA	NA	NA	NA	NA	NA	NA	NA
rs9870317	3	182514636	A	C	0.672476	0.008682	0.006062	1.4322	0.1522	3146	CSF_ab42
rs11545169	3	184020542	G	T	0.183962	-0.010440000000000001	0.008208	-1.2719298245614037	0.2033	3146	CSF_ab42
rs1516726	3	185824274	A	G	0.822633	-0.001103	0.007195	-0.153301	0.8782	3146	CSF_ab42
rs62409178	3	196039070	C	G	0.767387	-0.006784	0.007762000000000001	-0.874002	0.3822	3146	CSF_ab42
rs9876485	3	196802040	C	A	0.170315	-0.01635	0.007527	-2.172180151454763	0.02992	3146	CSF_ab42
rs75751670	NA	NA	NA	NA	NA	NA	NA	NA	NA	NA	NA
rs112687095	NA	NA	NA	NA	NA	NA	NA	NA	NA	NA	NA
rs13120295	4	2965611	G	C	0.445535	-0.0017289999999999999	0.00585	-0.2955555555555555	0.7676	3146	CSF_ab42
rs363096	4	3180021	T	C	0.564042	7.21e-4	0.005767	0.125022	0.9005	3146	CSF_ab42
rs73208982	4	5213120	C	G	0.37048	0.005719	0.006106	0.9366197183098591	0.349	3146	CSF_ab42
rs2702575	4	15059105	T	C	0.636265	-0.002607	0.005717	-0.456008	0.6484	3146	CSF_ab42
rs1861044	4	15539498	A	G	0.5746	-0.004898	0.006071	-0.806786	0.4199	3146	CSF_ab42
rs13147223	NA	NA	NA	NA	NA	NA	NA	NA	NA	NA	NA
rs11725086	4	21934042	C	T	0.364938	-0.0069700000000000005	0.005769	-1.2081816605997575	0.2271	3146	CSF_ab42
rs36083520	4	23715876	T	C	0.175754	-0.001275	0.007464	-0.17081993569131834	0.8644	3146	CSF_ab42
rs4358358	4	30970822	G	A	0.67067	-0.00397	0.006279	-0.632266	0.5272	3146	CSF_ab42
rs868456	4	32150029	G	A	0.726273	0.00923	0.006162	1.49789	0.1342	3146	CSF_ab42
rs61798586	NA	NA	NA	NA	NA	NA	NA	NA	NA	NA	NA
rs337637	4	38604470	G	A	0.321182	0.008017	0.005966	1.3437814280925242	0.1791	3146	CSF_ab42
rs6812533	4	39687838	T	C	0.278442	0.01144	0.006402	1.7869415807560138	0.07403	3146	CSF_ab42
rs12646216	4	45980056	C	T	0.335938	0.003415	0.005871	0.5816726281723726	0.5609	3146	CSF_ab42
rs4299555	NA	NA	NA	NA	NA	NA	NA	NA	NA	NA	NA
rs1505676	4	62127291	G	C	0.668427	3.665e-4	0.005852	0.0626282	0.9501	3146	CSF_ab42
rs62306379	4	62896144	T	A	0.208333	0.008087	0.0065650000000000005	1.2318354912414318	0.2181	3146	CSF_ab42
rs12646297	4	65803784	G	A	0.726943	-0.001746	0.0061719999999999995	-0.28289	0.7772	3146	CSF_ab42
rs115454970	NA	NA	NA	NA	NA	NA	NA	NA	NA	NA	NA
rs13141210	4	67891641	C	T	0.504913	-0.01069	0.006058	-1.76461	0.07771	3146	CSF_ab42
rs80298574	4	72370424	G	A	0.139138	-0.01103	0.00836	-1.319377990430622	0.1871	3146	CSF_ab42
rs9992915	4	80937651	A	G	0.506538	0.002706	0.0056560000000000004	0.4784299858557284	0.6323	3146	CSF_ab42
rs7655515	4	91091035	A	G	0.445877	0.005806	0.005762	1.0076362374175634	0.3137	3146	CSF_ab42
rs12503522	4	94543233	C	T	0.284699	0.006287	0.0063479999999999995	0.9903906742281035	0.3221	3146	CSF_ab42
rs60547137	4	96605353	T	C	0.0824873	-0.0070019999999999995	0.009173	-0.7633271557832769	0.4453	3146	CSF_ab42
rs35518360	NA	NA	NA	NA	NA	NA	NA	NA	NA	NA	NA
rs1391438	4	106151843	T	C	0.654056	0.006572	0.0058579999999999995	1.12188	0.262	3146	CSF_ab42
rs7696747	4	107296413	A	C	0.182909	-0.006181	0.007659999999999999	-0.8069190600522194	0.4198	3146	CSF_ab42
rs62337203	NA	NA	NA	NA	NA	NA	NA	NA	NA	NA	NA
rs925161	NA	NA	NA	NA	NA	NA	NA	NA	NA	NA	NA
rs4833438	4	114935931	T	C	0.865845	0.005109	0.008126000000000001	0.628723	0.5296	3146	CSF_ab42
rs1975841	NA	NA	NA	NA	NA	NA	NA	NA	NA	NA	NA
rs3217767	4	122740989	G	A	0.0167334	-0.01563	0.01637	-0.9547953573610264	0.34	3146	CSF_ab42
rs13145650	4	122963344	C	T	0.912681	0.009341	0.01005	0.929453	0.3528	3146	CSF_ab42
rs10006235	4	130670108	T	C	0.757086	-0.01787	0.006483	-2.75644	0.0058649999999999996	3146	CSF_ab42
rs6535149	NA	NA	NA	NA	NA	NA	NA	NA	NA	NA	NA
rs6535201	NA	NA	NA	NA	NA	NA	NA	NA	NA	NA	NA
rs12647336	4	140643071	A	G	0.163343	-0.005913	0.007723999999999999	-0.7655359917141378	0.444	3146	CSF_ab42
rs12643771	NA	NA	NA	NA	NA	NA	NA	NA	NA	NA	NA
rs969512	4	147872742	A	T	0.391249	0.002806	0.005877	0.4774544835800578	0.633	3146	CSF_ab42
rs6823423	4	152604723	T	C	0.506399	-0.005908	0.005727	-1.0316046795879168	0.3024	3146	CSF_ab42
rs71607150	4	158547154	C	A	0.0780966	-0.002967	0.011000000000000001	-0.2697272727272727	0.7874	3146	CSF_ab42
rs2347526	4	159853577	T	C	0.674537	0.00264	0.006039	0.437158	0.6621	3146	CSF_ab42
rs62339593	NA	NA	NA	NA	NA	NA	NA	NA	NA	NA	NA
rs10618845	NA	NA	NA	NA	NA	NA	NA	NA	NA	NA	NA
rs56405138	4	166126745	T	A	0.119845	0.00299	0.008923	0.3350890955956517	0.7375	3146	CSF_ab42
rs34616566	NA	NA	NA	NA	NA	NA	NA	NA	NA	NA	NA
rs6821231	NA	NA	NA	NA	NA	NA	NA	NA	NA	NA	NA
rs11732657	4	172427073	G	A	0.819818	-7.917e-5	0.006589	-0.0120155	0.9904	3146	CSF_ab42
rs10010277	4	173971670	T	C	0.755443	0.003207	0.006504	0.493081	0.622	3146	CSF_ab42
rs17598675	4	176647637	T	C	0.464623	-0.0013	0.005725	-0.22707423580786024	0.8204	3146	CSF_ab42
rs62340619	4	176939794	G	A	0.594126	0.001116	0.006233	0.179047	0.8579	3146	CSF_ab42
rs71615297	NA	NA	NA	NA	NA	NA	NA	NA	NA	NA	NA
rs964916	4	182276761	T	A	0.387631	0.0016940000000000002	0.005792	0.29247237569060774	0.77	3146	CSF_ab42
rs28373063	NA	NA	NA	NA	NA	NA	NA	NA	NA	NA	NA
rs12644463	4	184792373	T	C	0.385216	-0.01965	0.005608	-3.503922967189729	4.6610000000000005e-4	3146	CSF_ab42
rs78721320	NA	NA	NA	NA	NA	NA	NA	NA	NA	NA	NA
rs599673	NA	NA	NA	NA	NA	NA	NA	NA	NA	NA	NA
rs4702507	5	7924130	G	A	0.0572671	0.006071	0.009904999999999999	0.6129227662796568	0.5399	3146	CSF_ab42
rs31940	5	11476812	G	A	0.134713	0.002845	0.008477	0.3356140143918839	0.7372	3146	CSF_ab42
rs11953245	5	17731427	T	C	0.274229	-0.01315	0.006518	-2.017490027615833	0.043660000000000004	3146	CSF_ab42
rs56310750	NA	NA	NA	NA	NA	NA	NA	NA	NA	NA	NA
rs17563464	NA	NA	NA	NA	NA	NA	NA	NA	NA	NA	NA
rs10940921	5	30808645	T	G	0.549265	4.666e-4	0.0058	0.0804483	0.9359	3146	CSF_ab42
rs324438	5	32449228	A	G	0.733382	0.005969	0.006854000000000001	0.870878	0.3839	3146	CSF_ab42
rs17243165	5	43145154	A	G	0.104	-0.0022789999999999998	0.008773999999999999	-0.2597447002507408	0.7951	3146	CSF_ab42
rs2337412	5	45483512	G	T	0.345537	0.0023350000000000003	0.005742000000000001	0.40665273423894116	0.6844	3146	CSF_ab42
rs1364626	5	51743910	C	T	0.477968	-0.009236	0.005868	-1.5739604635310156	0.1156	3146	CSF_ab42
rs2607505	5	52976955	C	G	0.316412	-0.007552	0.006072999999999999	-1.2435369669026841	0.2137	3146	CSF_ab42
rs702606	5	53167117	T	C	0.125997	2.734e-4	0.008423	0.032458743915469546	0.9741	3146	CSF_ab42
rs75486329	NA	NA	NA	NA	NA	NA	NA	NA	NA	NA	NA
rs6149034	NA	NA	NA	NA	NA	NA	NA	NA	NA	NA	NA
rs9763743	5	57109717	A	C	0.801969	0.001931	0.0067209999999999995	0.287308	0.7739	3146	CSF_ab42
rs2964197	5	57535206	C	T	0.491652	-0.002484	0.005688	-0.43670886075949367	0.6624	3146	CSF_ab42
rs981230	5	59039858	C	T	0.542665	-0.005131	0.005767	-0.8897173573781862	0.3737	3146	CSF_ab42
rs1363862	5	59670035	G	A	0.27931	0.007520999999999999	0.00648	1.160648148148148	0.2459	3146	CSF_ab42
rs4700393	5	60098267	A	G	0.523141	-0.008923	0.0057469999999999995	-1.55264	0.1206	3146	CSF_ab42
rs112645734	NA	NA	NA	NA	NA	NA	NA	NA	NA	NA	NA
rs1827540	5	63001049	A	G	0.522876	-0.007657	0.005737	-1.3346696879902389	0.1821	3146	CSF_ab42
rs7716822	5	63833241	T	A	0.253445	-0.009869	0.006379999999999999	-1.5468652037617556	0.122	3146	CSF_ab42
rs59953820	5	65980947	A	T	0.0959651	-0.008320999999999999	0.009292	-0.8955015066724062	0.3706	3146	CSF_ab42
rs56194430	NA	NA	NA	NA	NA	NA	NA	NA	NA	NA	NA
rs7716161	5	72179574	G	C	0.1412	0.005472	0.007625	0.7176393442622951	0.473	3146	CSF_ab42
rs10044730	5	80014944	G	A	0.338496	0.003819	0.005875	0.6500425531914893	0.5157	3146	CSF_ab42
rs34316	5	88015545	A	C	0.576253	6.53e-4	0.005704	0.114481	0.9089	3146	CSF_ab42
rs62378245	NA	NA	NA	NA	NA	NA	NA	NA	NA	NA	NA
rs11741740	5	89871514	T	C	0.348292	0.0017120000000000002	0.0059689999999999995	0.28681521192829623	0.7742	3146	CSF_ab42
rs6867851	NA	NA	NA	NA	NA	NA	NA	NA	NA	NA	NA
rs12332731	5	93033082	T	A	0.116528	0.009996	0.00733	1.3637107776261936	0.1728	3146	CSF_ab42
rs10074178	5	93927705	A	G	0.495448	0.002739	0.005640999999999999	0.4855522070554867	0.6273	3146	CSF_ab42
rs74944275	5	102726073	C	T	0.0314989	0.0044	0.015590000000000001	0.28223220012828737	0.7777	3146	CSF_ab42
rs6421926	5	104075130	T	C	0.685475	0.01248	0.006082	2.05196	0.04032	3146	CSF_ab42
rs72786102	NA	NA	NA	NA	NA	NA	NA	NA	NA	NA	NA
rs152603	5	106774922	A	G	0.332485	0.003817	0.006359	0.6002516118886617	0.5484	3146	CSF_ab42
rs13163062	5	106955451	C	T	0.378009	7.965e-4	0.006027	0.1321553011448482	0.8949	3146	CSF_ab42
rs17489649	NA	NA	NA	NA	NA	NA	NA	NA	NA	NA	NA
rs417880	5	111851612	A	G	0.30625	-0.004567	0.006038	-0.7563762835375952	0.4495	3146	CSF_ab42
rs4705763	5	112394503	G	C	0.53092	0.002212	0.005632	0.392756	0.6945	3146	CSF_ab42
rs73260443	NA	NA	NA	NA	NA	NA	NA	NA	NA	NA	NA
rs406413	5	113898581	A	T	0.197388	-0.013340000000000001	0.007106	-1.8772867998874192	0.06068	3146	CSF_ab42
rs1584469	5	120101694	C	T	0.334545	0.002009	0.006304	0.31868654822335024	0.7499	3146	CSF_ab42
rs12655753	5	122682812	G	A	0.0808209	0.01726	0.016730000000000002	1.031679617453676	0.3023	3146	CSF_ab42
rs10060023	NA	NA	NA	NA	NA	NA	NA	NA	NA	NA	NA
rs11742189	5	124838346	G	C	0.155116	0.006002	0.008806999999999999	0.6815033496082663	0.4956	3146	CSF_ab42
rs6871635	NA	NA	NA	NA	NA	NA	NA	NA	NA	NA	NA
rs801545	5	134994816	T	G	0.806785	0.008526	0.006840000000000001	1.24649	0.2127	3146	CSF_ab42
rs892612	5	136533365	A	C	0.875816	0.003892	0.008009	0.485953	0.627	3146	CSF_ab42
rs12519073	5	136776762	C	T	0.229235	-0.001498	0.006541	-0.22901696988228099	0.8189	3146	CSF_ab42
rs468968	5	141027399	T	C	0.551642	-0.001952	0.005566	-0.350701	0.7258	3146	CSF_ab42
rs17104413	NA	NA	NA	NA	NA	NA	NA	NA	NA	NA	NA
rs7710653	5	145933086	A	T	0.319782	-0.004515	0.006113	-0.7385898903975134	0.4603	3146	CSF_ab42
rs3890802	5	152081927	G	A	0.242909	-0.001594	0.006414	-0.24851886498285	0.8038	3146	CSF_ab42
rs34604401	5	157337150	C	G	0.486177	0.004763	0.0061600000000000005	0.7732142857142856	0.4394	3146	CSF_ab42
rs78462586	5	158417803	A	G	0.0565422	-0.008268000000000001	0.01172	-0.7054607508532424	0.4806	3146	CSF_ab42
rs55669118	NA	NA	NA	NA	NA	NA	NA	NA	NA	NA	NA
rs173768	5	160747541	G	A	0.23692	-0.01643	0.0064659999999999995	-2.5409836065573774	0.01112	3146	CSF_ab42
rs42210	5	166408788	G	C	0.746543	-0.01004	0.006732999999999999	-1.49116	0.1362	3146	CSF_ab42
rs6867056	5	167535028	G	T	0.213067	-8.111e-4	0.006790000000000001	-0.11945508100147274	0.9049	3146	CSF_ab42
rs29793	5	168975756	G	A	0.365371	-0.00101	0.005803	-0.17404790625538516	0.8619	3146	CSF_ab42
rs75215634	5	171953546	G	A	0.000583885	0.002703	0.006776999999999999	0.39884904825143874	0.69	3146	CSF_ab42
rs2545798	NA	NA	NA	NA	NA	NA	NA	NA	NA	NA	NA
rs9503598	NA	NA	NA	NA	NA	NA	NA	NA	NA	NA	NA
rs9349956	NA	NA	NA	NA	NA	NA	NA	NA	NA	NA	NA
rs2014559	6	16648072	T	C	0.572909	0.001691	0.0056890000000000005	0.29724	0.7662	3146	CSF_ab42
rs72829857	6	16966052	A	G	0.219579	0.009904000000000001	0.0065379999999999995	1.5148363413888042	0.1299	3146	CSF_ab42
rs9367942	6	17127706	G	A	0.16606	0.007198	0.00908	0.7927312775330397	0.428	3146	CSF_ab42
rs72828517	6	19036035	T	C	0.154516	0.005522999999999999	0.00746	0.74034852546916885	0.4592	3146	CSF_ab42
rs4710894	6	19256760	T	C	0.100146	0.01188	0.009817	1.2101456656819802	0.2261	3146	CSF_ab42
rs767943	6	23446691	C	A	0.270432	-0.005406	0.006666	-0.810981098109811	0.4174	3146	CSF_ab42
rs2179152	6	26325888	T	C	0.662541	4.119e-4	0.0058909999999999995	0.0699202	0.9443	3146	CSF_ab42
rs60096640	6	27636313	A	G	0.124319	0.01608	0.008603	1.869115424851796	0.061770000000000005	3146	CSF_ab42
rs115877125	NA	NA	NA	NA	NA	NA	NA	NA	NA	NA	NA
rs9267658	6	31845985	T	C	0.850738	-0.002536	0.008652	-0.293111	0.7695	3146	CSF_ab42
rs9492	NA	NA	NA	NA	NA	NA	NA	NA	NA	NA	NA
rs1061801	6	33282338	G	A	0.156137	0.0103	0.0074659999999999995	1.3795874631663543	0.1678	3146	CSF_ab42
rs2209345	NA	NA	NA	NA	NA	NA	NA	NA	NA	NA	NA
rs115403893	6	34002089	G	A	0.0341074	0.02428	0.0182	1.334065934065934	0.1824	3146	CSF_ab42
rs112246428	NA	NA	NA	NA	NA	NA	NA	NA	NA	NA	NA
rs6457996	NA	NA	NA	NA	NA	NA	NA	NA	NA	NA	NA
rs9471333	6	40362023	C	T	0.527697	4.482e-4	0.005671	0.0790337	0.937	3146	CSF_ab42
rs912883	6	41552040	T	C	0.357169	0.008764	0.006012	1.4577511643379906	0.145	3146	CSF_ab42
rs200234	6	50415008	A	G	0.181107	9.815e-4	0.008402	0.11681742442275649	0.907	3146	CSF_ab42
rs2182505	6	51653864	T	C	0.78066	-0.009592	0.006169	-1.55487	0.1201	3146	CSF_ab42
rs16888133	6	56574391	T	A	0.204603	-0.002478	0.006881999999999999	-0.3600697471665214	0.7189	3146	CSF_ab42
rs1938391	6	62461924	A	G	0.0496737	-0.007711	0.0113	-0.6823893805309735	0.4949	3146	CSF_ab42
rs9342482	6	66223843	G	T	0.232558	-0.0036340000000000005	0.006743000000000001	-0.5389292599733057	0.5899	3146	CSF_ab42
rs9454169	NA	NA	NA	NA	NA	NA	NA	NA	NA	NA	NA
rs9446060	6	69552271	G	A	0.49233	-0.002626	0.005671	-0.463058	0.6433	3146	CSF_ab42
rs9343824	6	79497569	A	G	0.374412	-0.01039	0.006371	-1.6308271856851357	0.1031	3146	CSF_ab42
rs6911927	NA	NA	NA	NA	NA	NA	NA	NA	NA	NA	NA
rs4352658	6	88279872	C	T	0.0825455	0.02812	0.01039	2.706448508180943	0.006843999999999999	3146	CSF_ab42
rs2655626	6	92026933	T	C	0.562909	0.004421	0.005653	0.782063	0.4343	3146	CSF_ab42
rs1408284	6	93893586	C	G	0.107441	0.006179	0.008652	0.7141701340730466	0.4752	3146	CSF_ab42
rs9386319	6	96566419	A	G	0.404753	-0.003433	0.005768	-0.5951803051317615	0.5518	3146	CSF_ab42
rs9372625	6	98344031	G	A	0.334676	-0.00172	0.006251	-0.275155975043993	0.7832	3146	CSF_ab42
rs13216468	6	99536298	G	T	0.0489051	0.007449	0.01086	0.6859116022099447	0.4929	3146	CSF_ab42
rs72990858	6	105147784	G	A	0.096132	0.0013449999999999998	0.011009999999999999	0.12216167120799273	0.9028	3146	CSF_ab42
rs9384679	6	108864419	C	T	0.436684	0.006052	0.005845	1.0354148845166808	0.3005	3146	CSF_ab42
rs9386787	6	109600293	A	G	0.556124	-0.005016	0.005676	-0.883721	0.3769	3146	CSF_ab42
rs706899	6	112042817	A	T	0.0445779	0.02299	0.012159999999999999	1.8906250000000002	0.05874	3146	CSF_ab42
rs117005905	NA	NA	NA	NA	NA	NA	NA	NA	NA	NA	NA
rs9320493	6	114742697	A	G	0.828431	-0.006793	0.007739	-0.877762	0.3801	3146	CSF_ab42
rs10456918	6	119233480	A	C	0.129985	0.00629	0.007568999999999999	0.8310212709737086	0.406	3146	CSF_ab42
rs139612798	6	124349945	T	C	0.0235849	-0.0181	0.01697	-1.0665880966411316	0.2862	3146	CSF_ab42
rs9388490	6	126704795	C	T	0.413186	-0.003005	0.0058920000000000005	-0.5100135777325187	0.61	3146	CSF_ab42
rs13197257	6	128333682	G	T	0.338354	-0.007537	0.0064719999999999995	-1.16455500618047	0.2443	3146	CSF_ab42
rs12195064	NA	NA	NA	NA	NA	NA	NA	NA	NA	NA	NA
rs77671273	6	131215343	A	G	0.0405797	0.01744	0.01678	1.0393325387365913	0.2987	3146	CSF_ab42
rs9373363	6	143150043	A	G	0.25817	0.01047	0.006670999999999999	1.569479838105232	0.1166	3146	CSF_ab42
rs11754551	6	145631063	T	C	0.130127	0.00131	0.010029999999999999	0.13060817547357928	0.8961	3146	CSF_ab42
rs631608	6	148230224	A	G	0.550727	-0.003327	0.005711	-0.58256	0.5603	3146	CSF_ab42
rs6557171	6	152234593	T	C	0.723412	-0.01153	0.006152	-1.87419	0.06097	3146	CSF_ab42
rs9371881	6	155638213	G	A	0.322686	0.008139	0.005965	1.3644593461860857	0.1725	3146	CSF_ab42
rs17321729	6	157268937	A	G	0.248276	-0.003953	0.007285	-0.5426218256691833	0.5874	3146	CSF_ab42
rs9379315	NA	NA	NA	NA	NA	NA	NA	NA	NA	NA	NA
rs9347382	6	160440734	T	A	0.107156	-0.007515000000000001	0.008401	-0.894536364718486	0.3711	3146	CSF_ab42
rs2023016	6	162981266	C	G	0.222162	0.008147	0.007213	1.1294884236794676	0.2588	3146	CSF_ab42
rs56194975	6	165400232	G	A	0.227074	0.001343	0.006673	0.20125880413607072	0.8405	3146	CSF_ab42
rs55872852	NA	NA	NA	NA	NA	NA	NA	NA	NA	NA	NA
rs3800546	6	170067022	C	G	0.280616	-0.004646	0.006361	-0.7303883037258292	0.4653	3146	CSF_ab42
rs62444881	7	2052318	C	T	0.252461	-0.005716	0.007162999999999999	-0.7979896691330448	0.425	3146	CSF_ab42
rs34853711	7	2214187	G	C	0.178092	-0.01018	0.006886	-1.478361893697357	0.1396	3146	CSF_ab42
rs10266047	7	3476501	C	G	0.446785	0.005282	0.005734	0.9211719567492151	0.35700000000000004	3146	CSF_ab42
rs71529384	NA	NA	NA	NA	NA	NA	NA	NA	NA	NA	NA
rs6946362	NA	NA	NA	NA	NA	NA	NA	NA	NA	NA	NA
rs17568389	7	8091876	T	A	0.485818	0.002914	0.005688	0.512307	0.6084	3146	CSF_ab42
rs118134876	7	11500372	C	T	0.0751812	-0.01669	0.01291	-1.2927962819519752	0.1965	3146	CSF_ab42
rs11768252	7	11935659	A	G	0.545421	0.01032	0.005675	1.8185	0.06907999999999999	3146	CSF_ab42
rs11971750	7	13445626	A	G	0.34177	-0.01772	0.006194	-2.8608330642557314	0.004248	3146	CSF_ab42
rs17664431	NA	NA	NA	NA	NA	NA	NA	NA	NA	NA	NA
rs12699778	7	16354557	T	C	0.521234	-0.001005	0.00576	-0.17447916666666666	0.8614	3146	CSF_ab42
rs6461536	7	21131807	A	G	0.254182	0.0032340000000000003	0.006741	0.47975077881619943	0.6315	3146	CSF_ab42
rs62439690	NA	NA	NA	NA	NA	NA	NA	NA	NA	NA	NA
rs79265434	7	24621381	A	G	0.124593	-0.007379999999999999	0.009056999999999999	-0.8148393507784034	0.4152	3146	CSF_ab42
rs112162625	NA	NA	NA	NA	NA	NA	NA	NA	NA	NA	NA
rs6956484	7	27564862	A	C	0.359528	0.008699	0.00586	1.4844709897610922	0.1378	3146	CSF_ab42
rs35851551	7	31330785	A	G	0.0886834	0.001117	0.01018	0.10972495088408644	0.9127	3146	CSF_ab42
rs9771228	7	32322496	T	C	0.314551	-0.009019	0.005935	-1.5196293176074134	0.1287	3146	CSF_ab42
rs12672919	NA	NA	NA	NA	NA	NA	NA	NA	NA	NA	NA
rs3778709	7	36920800	T	C	0.311887	0.004414	0.006117	0.7215955533758379	0.4706	3146	CSF_ab42
rs2141277	7	39099178	A	G	0.515932	0.008675	0.005686999999999999	1.52541	0.1272	3146	CSF_ab42
rs6462906	7	39342968	A	G	0.774276	-0.005179	0.006961	-0.744002	0.4569	3146	CSF_ab42
rs2051935	NA	NA	NA	NA	NA	NA	NA	NA	NA	NA	NA
rs76395018	7	44376661	A	T	0.20297	0.0022140000000000003	0.008274	0.2675852066715011	0.789	3146	CSF_ab42
rs13250	7	45026180	G	A	0.21933	0.005942	0.006938	0.8564427788988181	0.3918	3146	CSF_ab42
rs36119825	7	48820536	G	A	0.4751	-0.0076230000000000004	0.005705	-1.336196319018405	0.1816	3146	CSF_ab42
rs17551064	7	49869771	A	G	0.164359	0.004427	0.007909999999999999	0.5596713021491784	0.5757	3146	CSF_ab42
rs6959891	7	54714000	A	G	0.266715	-0.0026550000000000002	0.0062640000000000005	-0.4238505747126437	0.6717	3146	CSF_ab42
rs2158507	7	69862423	C	A	0.349235	-0.001393	0.005827000000000001	-0.239059550368972	0.8109999999999999	3146	CSF_ab42
rs7803932	7	70203673	G	A	0.163366	-3.1289999999999996e-4	0.008372	-0.03737458193979933	0.9702	3146	CSF_ab42
rs35417702	7	71739916	C	T	0.514202	0.004735	0.005757	0.822477	0.4108	3146	CSF_ab42
rs6460090	NA	NA	NA	NA	NA	NA	NA	NA	NA	NA	NA
rs1167827	7	75163169	A	G	0.537873	-0.002805	0.005921	-0.473738	0.6357	3146	CSF_ab42
rs9801125	7	75792451	C	T	0.232136	0.002184	0.007514	0.2906574394463668	0.7714	3146	CSF_ab42
rs7777283	NA	NA	NA	NA	NA	NA	NA	NA	NA	NA	NA
rs9640815	7	79589734	C	G	0.248186	0.003797	0.007055	0.5381998582565557	0.5905	3146	CSF_ab42
rs1405876	7	86237581	T	G	0.424622	-0.001715	0.0059700000000000005	-0.28726968174204354	0.7739	3146	CSF_ab42
rs10215082	NA	NA	NA	NA	NA	NA	NA	NA	NA	NA	NA
rs6951996	7	96646437	T	A	0.0518559	0.0018329999999999998	0.01366	0.13418740849194727	0.8933	3146	CSF_ab42
rs10235866	7	98269772	G	A	0.174055	0.0056229999999999995	0.007118000000000001	0.7899690924416969	0.4296	3146	CSF_ab42
rs2406253	7	100077273	A	G	0.188045	-0.003894	0.006940999999999999	-0.561014263074485	0.5748	3146	CSF_ab42
rs401966	NA	NA	NA	NA	NA	NA	NA	NA	NA	NA	NA
rs4073894	NA	NA	NA	NA	NA	NA	NA	NA	NA	NA	NA
rs535307	NA	NA	NA	NA	NA	NA	NA	NA	NA	NA	NA
rs139244147	NA	NA	NA	NA	NA	NA	NA	NA	NA	NA	NA
rs116925675	7	112923416	C	T	0.0345889	-0.01763	0.01895	-0.9303430079155672	0.3524	3146	CSF_ab42
rs79375112	7	114462657	A	G	0.139645	-3.617e-4	0.00893	-0.040503919372900335	0.9677	3146	CSF_ab42
rs7796203	7	117505487	G	A	0.630994	-0.003308	0.005697	-0.580656	0.5615	3146	CSF_ab42
rs55975206	7	122135794	A	G	0.297567	0.01674	0.006402	2.614807872539832	0.008981	3146	CSF_ab42
rs929175	7	126479218	G	A	0.344477	0.002675	0.006397	0.4181647647334688	0.6758	3146	CSF_ab42
rs339054	7	128382511	T	G	0.455007	-0.002744	0.00565	-0.485664	0.6272	3146	CSF_ab42
rs12533584	7	132639577	G	A	0.311592	-0.0036060000000000003	0.006214	-0.580302542645639	0.5617	3146	CSF_ab42
rs2971970	7	133643778	T	G	0.812183	-0.01055	0.006983	-1.51081	0.1311	3146	CSF_ab42
rs3812281	7	135082751	T	C	0.381914	-0.0024519999999999998	0.005736	-0.42747559274755925	0.669	3146	CSF_ab42
rs728054	7	137072364	G	A	0.309775	0.007084999999999999	0.006282	1.1278255332696592	0.2594	3146	CSF_ab42
rs75710433	NA	NA	NA	NA	NA	NA	NA	NA	NA	NA	NA
rs1047586	NA	NA	NA	NA	NA	NA	NA	NA	NA	NA	NA
rs4726070	7	151328218	G	A	0.535766	0.003966	0.005777	0.686515	0.4925	3146	CSF_ab42
rs73179615	8	4640603	T	C	0.121509	-0.01623	0.01111	-1.460846084608461	0.1441	3146	CSF_ab42
rs7016302	8	4833041	C	G	0.177612	0.005261	0.008205	0.6411943936624009	0.5214	3146	CSF_ab42
rs59480703	8	9653130	G	C	0.152788	-0.0033049999999999998	0.007279000000000001	-0.45404588542382185	0.6498	3146	CSF_ab42
rs55783571	8	14109499	G	A	0.362727	-0.001551	0.005935	-0.2613310867733783	0.7938	3146	CSF_ab42
rs2517086	8	17042416	G	C	0.589111	0.007486	0.006145	1.21823	0.2233	3146	CSF_ab42
rs13266287	8	17871598	T	A	0.698956	-0.001513	0.006014	-0.25158	0.8014	3146	CSF_ab42
rs7830404	8	19357346	A	T	0.605923	-0.001086	0.005759	-0.188574	0.8504	3146	CSF_ab42
rs4739249	8	21323694	A	C	0.190684	0.003594	0.00812	0.4426108374384236	0.6581	3146	CSF_ab42
rs12548614	NA	NA	NA	NA	NA	NA	NA	NA	NA	NA	NA
rs2466191	8	22856833	G	A	0.848803	-0.002678	0.008473	-0.316063	0.752	3146	CSF_ab42
rs985087	8	25857816	C	G	0.618086	-0.009018	0.005857	-1.5397	0.1238	3146	CSF_ab42
rs67885444	8	28678973	C	T	0.159339	-0.01199	0.007722	-1.552706552706553	0.1207	3146	CSF_ab42
rs2725370	8	30852826	T	C	0.731468	3.58e-4	0.006197	0.0577699	0.9539	3146	CSF_ab42
rs4733264	NA	NA	NA	NA	NA	NA	NA	NA	NA	NA	NA
rs1044115	8	33457369	G	A	0.375637	0.0070290000000000005	0.006229999999999999	1.1282504012841092	0.2593	3146	CSF_ab42
rs2923431	NA	NA	NA	NA	NA	NA	NA	NA	NA	NA	NA
rs2929032	8	56371745	A	G	0.563547	-0.002056	0.0057	-0.360702	0.7183	3146	CSF_ab42
rs1866823	8	57436577	G	A	0.568314	-0.004464	0.005691	-0.784396	0.4328	3146	CSF_ab42
rs150940127	8	65385178	C	G	0.0508216	-0.0068390000000000005	0.01103	-0.6200362647325477	0.5352	3146	CSF_ab42
rs62507575	8	66478721	C	T	0.572622	0.01129	0.005751	1.96314	0.04972	3146	CSF_ab42
rs11787240	8	68303184	G	T	0.133805	0.00399	0.008389	0.4756228394325902	0.6344	3146	CSF_ab42
rs13276799	NA	NA	NA	NA	NA	NA	NA	NA	NA	NA	NA
rs56099375	NA	NA	NA	NA	NA	NA	NA	NA	NA	NA	NA
rs28627504	NA	NA	NA	NA	NA	NA	NA	NA	NA	NA	NA
rs113714691	8	85804582	C	T	0.103605	0.033260000000000005	0.01065	3.1230046948356813	0.001801	3146	CSF_ab42
rs7833201	NA	NA	NA	NA	NA	NA	NA	NA	NA	NA	NA
rs61040326	8	89769745	A	G	0.0650362	0.007956999999999999	0.01257	0.6330151153540174	0.5266	3146	CSF_ab42
rs2189255	NA	NA	NA	NA	NA	NA	NA	NA	NA	NA	NA
rs2740789	8	91950222	G	T	0.439927	0.003954	0.006261	0.631528509822712	0.5277	3146	CSF_ab42
rs62519947	NA	NA	NA	NA	NA	NA	NA	NA	NA	NA	NA
rs4735297	8	95589340	A	G	0.364164	8.615000000000001e-4	0.0060149999999999995	0.1432252701579385	0.8861	3146	CSF_ab42
rs1693584	8	101748917	T	C	0.351616	0.001695	0.006173	0.274582860845618	0.7837	3146	CSF_ab42
rs7012546	8	105067737	C	T	0.42984	-0.007515000000000001	0.005794	-1.2970314118053161	0.1947	3146	CSF_ab42
rs7008697	NA	NA	NA	NA	NA	NA	NA	NA	NA	NA	NA
rs2980634	8	110329169	T	G	0.46496	0.006915	0.005825	1.1871244635193132	0.2353	3146	CSF_ab42
rs72672052	8	115798424	T	A	0.172909	0.002209	0.007314	0.302023516543615	0.7627	3146	CSF_ab42
rs6469654	8	117632965	G	C	0.76622	0.008593	0.0066359999999999995	1.29491	0.1955	3146	CSF_ab42
rs2447535	8	118946183	A	G	0.6635	-0.01868	0.0063160000000000004	-2.95757	0.0031219999999999998	3146	CSF_ab42
rs2465397	8	120086852	A	G	0.63275	-0.008439	0.006014	-1.40323	0.1607	3146	CSF_ab42
rs2006853	8	127600255	A	G	0.382983	-0.004603	0.006334	-0.7267129775813073	0.4675	3146	CSF_ab42
rs837080	8	130925116	T	C	0.45844	0.01098	0.005767	1.903936188659615	0.05706	3146	CSF_ab42
rs6470877	8	132007456	T	C	0.467379	0.002135	0.005646	0.37814381863266033	0.7053	3146	CSF_ab42
rs28640053	8	133964786	C	A	0.166304	0.009404000000000001	0.007464	1.259914255091104	0.2078	3146	CSF_ab42
rs74545339	8	135440608	G	A	0.130862	-0.0018690000000000002	0.009385	-0.19914757591901974	0.8422	3146	CSF_ab42
rs2235117	8	141537406	T	C	0.168666	-0.002171	0.007016	-0.3094355758266819	0.7571	3146	CSF_ab42
rs1566085	8	142624527	G	T	0.538966	-0.01156	0.005748	-2.01113	0.0444	3146	CSF_ab42
rs144336753	NA	NA	NA	NA	NA	NA	NA	NA	NA	NA	NA
rs118083122	NA	NA	NA	NA	NA	NA	NA	NA	NA	NA	NA
rs66671632	NA	NA	NA	NA	NA	NA	NA	NA	NA	NA	NA
rs11774212	NA	NA	NA	NA	NA	NA	NA	NA	NA	NA	NA
rs10963297	9	1791832	C	G	0.277476	-0.0036969999999999998	0.006719	-0.5502306890906384	0.5822	3146	CSF_ab42
rs1358906	9	3150887	G	A	0.427923	0.01086	0.005762	1.8847622353349531	0.059570000000000005	3146	CSF_ab42
rs61423212	9	4165691	T	G	0.0725689	-0.006986	0.01059	-0.6596789423984891	0.5096	3146	CSF_ab42
rs117120958	9	5961007	G	C	0.0123188	-0.02106	0.01955	-1.077237851662404	0.2814	3146	CSF_ab42
rs10958980	9	10258909	T	C	0.197493	3.282e-4	0.007243	0.04531271572552809	0.9639	3146	CSF_ab42
rs10809535	9	11607188	G	C	0.235144	0.002054	0.0063490000000000005	0.3235155142542132	0.7463	3146	CSF_ab42
rs12005144	9	13214640	G	A	0.14502	-0.008584	0.008217	-1.0446635024948276	0.2963	3146	CSF_ab42
rs10810099	9	14161927	A	G	0.744279	-0.0163	0.006887999999999999	-2.36643	0.01803	3146	CSF_ab42
rs7029718	9	23358495	G	A	0.367733	0.004352	0.005786	0.7521603871413757	0.452	3146	CSF_ab42
rs4977885	9	23687983	G	A	0.397628	-0.00134	0.006182	-0.2167583306373342	0.8285	3146	CSF_ab42
rs1758747	NA	NA	NA	NA	NA	NA	NA	NA	NA	NA	NA
rs12353187	9	27936785	C	T	0.132727	9.459e-4	0.008648999999999999	0.1093652445369407	0.9129	3146	CSF_ab42
rs7041702	9	33053430	A	G	0.238941	0.02021	0.006393	3.161270139214766	0.001586	3146	CSF_ab42
rs72733170	9	34405681	G	C	0.101016	0.004155	0.01051	0.3953377735490009	0.6926	3146	CSF_ab42
rs11791889	9	35860942	G	A	0.393285	-6.714e-4	0.0057799999999999995	-0.11615916955017301	0.9075	3146	CSF_ab42
rs1105307	9	72046040	G	A	0.268977	0.006229999999999999	0.00634	0.9826498422712933	0.3259	3146	CSF_ab42
rs11141127	9	72599581	G	T	0.279273	0.010029999999999999	0.006468000000000001	1.5507111935683362	0.1212	3146	CSF_ab42
rs35098932	9	73024521	T	C	0.393687	2.631e-5	0.006185	0.004253839935327405	0.9966	3146	CSF_ab42
rs13298735	9	75082726	T	C	0.0484046	0.03703	0.0153	2.420261437908497	0.015590000000000001	3146	CSF_ab42
rs4877516	9	82442731	A	T	0.593705	0.003705	0.005719	0.647841	0.5171	3146	CSF_ab42
rs181956874	NA	NA	NA	NA	NA	NA	NA	NA	NA	NA	NA
rs7020920	9	86347532	G	A	0.330058	-0.005478	0.005953	-0.920208298336973	0.3575	3146	CSF_ab42
rs17425572	9	88006338	A	G	0.564949	-0.006169	0.0056630000000000005	-1.08935	0.2761	3146	CSF_ab42
rs870151	9	92230747	T	A	0.45496	-0.007378	0.006079	-1.213686461589077	0.225	3146	CSF_ab42
rs10120798	9	96443476	A	G	0.622583	0.01001	0.005772	1.73423	0.08301	3146	CSF_ab42
rs111821073	9	99084793	C	T	0.144185	-0.002816	0.007751999999999999	-0.3632610939112487	0.7164	3146	CSF_ab42
rs12377606	9	109446277	A	G	0.0741279	0.01693	0.009415	1.7981943706850771	0.07219	3146	CSF_ab42
rs11789013	9	109677417	T	C	0.234713	-0.0027660000000000002	0.007067	-0.3913966322343286	0.6956	3146	CSF_ab42
rs1051474	9	111881856	T	C	0.29772	-0.01292	0.006308	-2.048192771084337	0.0406	3146	CSF_ab42
rs4633129	9	120249360	C	T	0.184869	-0.009144	0.007201999999999999	-1.2696473201888365	0.2043	3146	CSF_ab42
rs1327809	9	121034033	T	C	0.880116	8.084e-4	0.00882	0.0916553	0.927	3146	CSF_ab42
rs10984445	9	121980586	G	A	0.431224	-0.006889	0.005823	-1.1830671475184613	0.2369	3146	CSF_ab42
rs1009470	9	122289187	T	G	0.61754	0.003054	0.0056689999999999996	0.538719	0.5902	3146	CSF_ab42
rs2416759	9	123358262	G	A	0.703331	-8.152e-4	0.006648	-0.122623	0.9024	3146	CSF_ab42
rs12375949	9	124617900	T	C	0.575218	0.01081	0.005738	1.88393	0.059739999999999994	3146	CSF_ab42
rs28661002	9	126335211	T	C	0.294984	-0.005325	0.006539	-0.8143447010246215	0.4155	3146	CSF_ab42
rs7038668	9	128239920	T	C	0.473703	-0.004603	0.005675	-0.8111013215859031	0.4173	3146	CSF_ab42
rs2039205	9	130375643	G	C	0.661143	-0.001619	0.005752	-0.281467	0.7783	3146	CSF_ab42
rs4382592	9	134870755	T	G	0.71216	-1.113e-4	0.006154	-0.0180858	0.9856	3146	CSF_ab42
rs12005151	NA	NA	NA	NA	NA	NA	NA	NA	NA	NA	NA
rs12682775	9	135490491	T	C	0.261714	0.0026850000000000003	0.006887000000000001	0.3898649629737186	0.6967	3146	CSF_ab42
rs73581580	NA	NA	NA	NA	NA	NA	NA	NA	NA	NA	NA
rs6601785	NA	NA	NA	NA	NA	NA	NA	NA	NA	NA	NA
rs12783434	NA	NA	NA	NA	NA	NA	NA	NA	NA	NA	NA
rs79923450	10	9365565	G	A	0.149292	-4.322e-4	0.0079	-0.05470886075949367	0.9564	3146	CSF_ab42
rs12783907	10	10874218	G	A	0.203848	0.002002	0.0072120000000000005	0.2775929007210205	0.7813	3146	CSF_ab42
rs1291818	10	11132190	T	C	0.50804	0.004633	0.0060079999999999995	0.7711384820239681	0.4407	3146	CSF_ab42
rs10752262	10	12395100	C	T	0.411099	0.004236	0.006205	0.6826752618855763	0.4949	3146	CSF_ab42
rs7077657	10	12668814	C	G	0.57031	-9.795e-4	0.005676	-0.17256871035940802	0.863	3146	CSF_ab42
rs2183271	10	21957229	T	C	0.33745	0.008015000000000001	0.005877	1.3637910498553685	0.1727	3146	CSF_ab42
rs1934363	NA	NA	NA	NA	NA	NA	NA	NA	NA	NA	NA
rs806816	10	32285942	T	A	0.781136	-0.003446	0.006684000000000001	-0.51556	0.6062	3146	CSF_ab42
rs2506141	10	33468014	T	C	0.509612	0.0058850000000000005	0.005691	1.0340889123176946	0.3011	3146	CSF_ab42
rs1936426	10	34588112	C	T	0.513435	0.00693	0.005651	1.22633	0.2202	3146	CSF_ab42
rs10994777	10	63233988	G	A	0.149052	-0.002168	0.007812999999999999	-0.27748624088058366	0.7814	3146	CSF_ab42
rs7924036	10	65191645	G	T	0.526919	0.004504	0.005604	0.803712	0.4216	3146	CSF_ab42
rs12218315	10	65836969	G	A	0.137287	0.0111	0.007942	1.3976328380760514	0.1623	3146	CSF_ab42
rs7920624	10	67963186	A	T	0.44665	0.002646	0.005693999999999999	0.4647	0.6421	3146	CSF_ab42
rs1925576	10	68689083	A	G	0.457818	0.0077469999999999995	0.0057810000000000005	1.3400795710084759	0.1803	3146	CSF_ab42
rs1191993	10	69787891	C	A	0.343278	0.006546	0.0058920000000000005	1.1109979633401221	0.2666	3146	CSF_ab42
rs1247777	10	78818622	A	C	0.61968	0.00236	0.005899000000000001	0.400068	0.6892	3146	CSF_ab42
rs3127447	10	79253261	C	A	0.507631	-0.004054	0.005699	-0.711353	0.4769	3146	CSF_ab42
rs10887203	10	85781866	T	G	0.416606	-0.009783	0.005797	-1.6875970329480765	0.09158999999999999	3146	CSF_ab42
rs72840994	10	87124801	T	G	0.170356	-0.0068709999999999995	0.007382	-0.9307775670549986	0.3521	3146	CSF_ab42
rs10887801	10	90079714	G	T	0.449945	-4.476e-5	0.005745	-0.007791122715404699	0.9938	3146	CSF_ab42
rs34190234	NA	NA	NA	NA	NA	NA	NA	NA	NA	NA	NA
rs2901694	10	95472127	G	A	0.525991	0.002587	0.005622	0.460157	0.6454	3146	CSF_ab42
rs4277036	10	96533050	A	T	0.461804	0.00187	0.005672	0.3296897038081805	0.7416	3146	CSF_ab42
rs10882912	10	99138077	C	T	0.303779	-0.01165	0.006039	-1.9291273389634047	0.05375	3146	CSF_ab42
rs482787	10	99767024	T	C	0.299782	0.0022789999999999998	0.00605	0.37669421487603305	0.7065	3146	CSF_ab42
rs17882802	10	101983413	G	A	0.407788	-0.00446	0.005871	-0.7596661556804634	0.4475	3146	CSF_ab42
rs73344830	10	103816828	A	G	0.59793	0.002142	0.005659	0.378512	0.705	3146	CSF_ab42
rs113210389	10	105113534	G	T	0.0116457	0.02265	0.01728	1.3107638888888888	0.1901	3146	CSF_ab42
rs3781339	10	105428152	C	T	0.248731	0.01436	0.007640999999999999	1.879335165554247	0.060270000000000004	3146	CSF_ab42
rs790647	10	106776484	C	A	0.232423	9.082000000000001e-4	0.006698999999999999	0.135572473503508	0.8922	3146	CSF_ab42
rs17807910	10	107521502	C	A	0.211321	0.004075	0.007663	0.5317760668145635	0.5949	3146	CSF_ab42
rs17126938	10	111761351	T	C	0.101815	9.773e-4	0.008074	0.1210428536041615	0.9037	3146	CSF_ab42
rs1865955	10	118837990	C	T	0.826686	-0.001926	0.007319	-0.263151	0.7924	3146	CSF_ab42
rs11245388	10	126539128	T	G	0.60154	-0.005028	0.005808	-0.865702	0.3867	3146	CSF_ab42
rs4962315	10	127655563	T	G	0.948513	-0.003628	0.011729999999999999	-0.309292	0.7572	3146	CSF_ab42
rs4384309	NA	NA	NA	NA	NA	NA	NA	NA	NA	NA	NA
rs55771711	NA	NA	NA	NA	NA	NA	NA	NA	NA	NA	NA
rs7083603	10	133938279	C	T	0.51634	-4.599e-4	0.006056000000000001	-0.07594121532364596	0.9395	3146	CSF_ab42
rs12768641	NA	NA	NA	NA	NA	NA	NA	NA	NA	NA	NA
rs7928622	11	11670871	A	T	0.379041	-0.004535	0.0064010000000000004	-0.7084830495235119	0.4787	3146	CSF_ab42
rs4757957	11	12881398	G	C	0.737368	0.00112	0.0061909999999999995	0.180908	0.8565	3146	CSF_ab42
rs11023749	11	15889272	G	A	0.627451	0.007335	0.005911	1.24091	0.2147	3146	CSF_ab42
rs2237944	11	17838116	C	T	0.442671	0.002095	0.005651	0.3707308440983897	0.7109	3146	CSF_ab42
rs1880088	11	20959185	A	T	0.714338	-0.00448	0.006358	-0.704624	0.4811	3146	CSF_ab42
rs7109593	11	24722990	A	G	0.25345	0.011179999999999999	0.006640000000000001	1.6837349397590358	0.09247999999999999	3146	CSF_ab42
rs9704097	11	24980643	C	A	0.509455	0.001341	0.005654	0.23717721966749203	0.8126	3146	CSF_ab42
rs11030086	11	27646157	A	T	0.736096	0.007055	0.006221	1.13406	0.2569	3146	CSF_ab42
rs12364080	11	29242684	T	C	0.136743	0.0024579999999999997	0.008819	0.27871640775598133	0.7804	3146	CSF_ab42
rs324300	11	29674831	G	A	0.420823	-0.003319	0.006331	-0.5242457747591218	0.6002	3146	CSF_ab42
rs795230	11	30774525	C	T	0.420814	-2.788e-4	0.005666	-0.0492057889163431	0.9608	3146	CSF_ab42
rs7943853	NA	NA	NA	NA	NA	NA	NA	NA	NA	NA	NA
rs10837669	11	41556549	G	A	0.375455	0.003303	0.005895	0.5603053435114503	0.5753	3146	CSF_ab42
rs80171383	11	46084677	G	A	0.142259	-0.010879999999999999	0.008431999999999999	-1.2903225806451615	0.1971	3146	CSF_ab42
rs143386970	11	47139254	T	C	0.0590909	-0.008652	0.009884	-0.8753541076487251	0.3815	3146	CSF_ab42
rs76914643	11	48150782	A	G	0.0417271	-0.0032049999999999995	0.01256	-0.25517515923566875	0.7986	3146	CSF_ab42
rs4468343	NA	NA	NA	NA	NA	NA	NA	NA	NA	NA	NA
rs7117878	11	57421457	C	A	0.34621	0.005235	0.006157	0.8502517459801852	0.3953	3146	CSF_ab42
rs77128898	NA	NA	NA	NA	NA	NA	NA	NA	NA	NA	NA
rs592931	11	61496751	T	C	0.618063	0.008725	0.005882	1.48334	0.1381	3146	CSF_ab42
rs118093058	NA	NA	NA	NA	NA	NA	NA	NA	NA	NA	NA
rs58779949	11	64007159	C	A	0.145044	-0.004654999999999999	0.007739	-0.6014989016668819	0.5476	3146	CSF_ab42
rs2231884	11	65656564	C	T	0.153651	-0.004453	0.0077269999999999995	-0.576290927915103	0.5644	3146	CSF_ab42
rs76878669	NA	NA	NA	NA	NA	NA	NA	NA	NA	NA	NA
rs11601122	11	72362718	A	G	0.185185	-0.0029649999999999998	0.007847	-0.3778514081814706	0.7056	3146	CSF_ab42
rs12290350	11	76480255	C	T	0.230853	-0.003285	0.0066760000000000005	-0.4920611144397843	0.6227	3146	CSF_ab42
rs2729762	11	77033699	A	G	0.304554	-8.787e-4	0.005908	-0.14873053486797563	0.8818	3146	CSF_ab42
rs530154	11	78564752	A	G	0.314701	-0.011179999999999999	0.006089	-1.8360978814255213	0.06632	3146	CSF_ab42
rs73496688	11	79156748	T	A	0.126543	0.009901	0.007840999999999999	1.2627215916337204	0.2068	3146	CSF_ab42
rs17139391	11	79794951	C	G	0.0414855	-0.02144	0.013309999999999999	-1.610818933132983	0.1073	3146	CSF_ab42
rs1880692	11	80338069	A	G	0.471189	-0.002444	0.005692	-0.4293745607870696	0.6677	3146	CSF_ab42
rs580652	11	84904742	T	C	0.0835145	0.01647	0.009262000000000001	1.7782336428417185	0.07547000000000001	3146	CSF_ab42
rs11019128	11	90393587	C	T	0.339014	0.0039020000000000005	0.005863	0.6655295923588608	0.5058	3146	CSF_ab42
rs1075272	11	91928703	G	T	0.58533	0.004677	0.005692	0.82168	0.4113	3146	CSF_ab42
rs10765775	11	95656362	G	A	0.350893	-0.009932999999999999	0.005691	-1.7453874538745386	0.081	3146	CSF_ab42
rs4754647	11	99714232	G	T	0.624909	-0.001718	0.0056549999999999994	-0.303802	0.7613	3146	CSF_ab42
rs618401	11	104446363	A	G	0.457138	0.005478	0.005698	0.9613899613899615	0.3364	3146	CSF_ab42
rs7102588	11	106698913	C	G	0.622494	0.003363	0.005739	0.585991	0.5579	3146	CSF_ab42
rs968454	11	107141974	A	G	0.250635	-0.01342	0.006631999999999999	-2.023522316043426	0.04306	3146	CSF_ab42
rs2212430	11	109289538	C	T	0.326664	-0.004228	0.0061979999999999995	-0.6821555340432398	0.4952	3146	CSF_ab42
rs17536059	11	110957335	G	C	0.15905	-0.02093	0.0074129999999999995	-2.823418319169028	0.0047740000000000005	3146	CSF_ab42
rs17565975	11	111586950	G	A	0.547001	-0.004982	0.005711	-0.872352	0.3831	3146	CSF_ab42
rs11214468	11	112897073	C	T	0.30603	0.008356	0.006365	1.312804399057345	0.1893	3146	CSF_ab42
rs7928017	11	113448762	C	A	0.385189	-0.0010609999999999999	0.005722	-0.18542467668647325	0.8529	3146	CSF_ab42
rs2126069	11	115473374	C	T	0.479894	0.01061	0.006129	1.7311143742861803	0.08365	3146	CSF_ab42
rs1557451	NA	NA	NA	NA	NA	NA	NA	NA	NA	NA	NA
rs607273	NA	NA	NA	NA	NA	NA	NA	NA	NA	NA	NA
rs4938815	11	120441647	T	G	0.294235	-0.003229	0.00629	-0.5133545310015899	0.6077	3146	CSF_ab42
rs1143770	11	122017598	C	T	0.630309	0.003164	0.005834000000000001	0.542338	0.5876	3146	CSF_ab42
rs10791106	11	130846432	A	G	0.449632	0.01113	0.005652	1.9692144373673035	0.04897	3146	CSF_ab42
rs12574281	11	131205421	A	C	0.369463	-0.002344	0.006018	-0.38949817215021604	0.6969	3146	CSF_ab42
rs7108020	11	131289820	C	A	0.68859	-0.001612	0.006304	-0.255711	0.7982	3146	CSF_ab42
rs563954	11	132391656	A	G	0.61614	0.006752	0.005732	1.17795	0.2389	3146	CSF_ab42
rs11223560	11	133561399	G	A	0.583818	-0.005271	0.006063000000000001	-0.869372	0.3847	3146	CSF_ab42
rs2368831	NA	NA	NA	NA	NA	NA	NA	NA	NA	NA	NA
rs10849559	12	916310	G	A	0.516094	0.001968	0.005685	0.3461741424802111	0.7292	3146	CSF_ab42
rs4766424	12	1954096	C	G	0.911925	-0.0112	0.008489	-1.31935	0.1873	3146	CSF_ab42
rs1075988	12	3431497	G	C	0.666304	0.002538	0.005808	0.436983	0.6622	3146	CSF_ab42
rs10845051	NA	NA	NA	NA	NA	NA	NA	NA	NA	NA	NA
rs11609711	12	11908138	G	C	0.168299	-0.012629999999999999	0.008306000000000001	-1.5205875270888511	0.1286	3146	CSF_ab42
rs10772644	12	13417617	G	C	0.863041	-0.009152	0.009641	-0.949279	0.3426	3146	CSF_ab42
rs35309068	12	14535908	T	G	0.533612	0.009187	0.00563	1.6317939609236236	0.1028	3146	CSF_ab42
rs73301698	12	15539771	G	A	0.21255	0.004882	0.007443000000000001	0.655918312508397	0.512	3146	CSF_ab42
rs1671476	12	16408940	G	A	0.923468	0.01624	0.01063	1.52775	0.1268	3146	CSF_ab42
rs2160514	12	16756508	A	C	0.519238	0.01554	0.006246	2.4879923150816525	0.01291	3146	CSF_ab42
rs113018176	NA	NA	NA	NA	NA	NA	NA	NA	NA	NA	NA
rs11047225	12	24195587	C	T	0.490556	0.004728	0.0056689999999999996	0.8340095254895045	0.4043	3146	CSF_ab42
rs7963816	12	24876694	C	T	0.916515	0.004487	0.009732	0.461056	0.6448	3146	CSF_ab42
rs77835879	12	26522623	A	G	0.0919811	0.0011710000000000002	0.01098	0.10664845173041895	0.9151	3146	CSF_ab42
rs4964046	12	27305310	A	G	0.335813	0.0024690000000000003	0.005877	0.42011230219499746	0.6744	3146	CSF_ab42
rs10844179	12	32469601	A	G	0.727776	0.007619	0.006683	1.14006	0.2543	3146	CSF_ab42
rs7310177	12	43037679	G	C	0.256164	-0.008302	0.00629	-1.3198728139904612	0.187	3146	CSF_ab42
rs4760687	12	48554258	G	A	0.294086	-0.003997	0.0060869999999999995	-0.6566453096763595	0.5114	3146	CSF_ab42
rs1054442	12	49389320	A	C	0.429278	-0.003947	0.005809	-0.6794629023928387	0.4969	3146	CSF_ab42
rs78875905	NA	NA	NA	NA	NA	NA	NA	NA	NA	NA	NA
rs7313065	12	53471218	C	A	0.210211	0.001257	0.0074129999999999995	0.16956697693241604	0.8654	3146	CSF_ab42
rs17110109	12	54668908	T	C	0.405047	0.0036030000000000003	0.005771	0.624328539247964	0.5324	3146	CSF_ab42
rs1689510	12	56396768	G	C	0.313061	-5.355000000000001e-4	0.006032	-0.088776525198939	0.9293	3146	CSF_ab42
rs7139165	12	58412978	C	A	0.679194	-0.007081	0.006258	-1.13151	0.2579	3146	CSF_ab42
rs11173083	12	59967929	T	C	0.841519	-0.002895	0.00777	-0.372587	0.7094	3146	CSF_ab42
rs11173980	12	61803433	C	G	0.190494	-0.002799	0.006983	-0.4008305885722469	0.6885	3146	CSF_ab42
rs1348526	12	62537758	G	T	0.114141	-0.008706	0.008925	-0.9754621848739495	0.3294	3146	CSF_ab42
rs7968682	NA	NA	NA	NA	NA	NA	NA	NA	NA	NA	NA
rs710629	12	67697856	G	A	0.603948	-0.005678	0.005856	-0.969604	0.3322	3146	CSF_ab42
rs10879676	12	74152402	T	C	0.407145	3.5339999999999997e-4	0.005771	0.06123722058568705	0.9512	3146	CSF_ab42
rs7136760	12	75403329	A	G	0.654364	0.005592	0.005854	0.955244	0.3395	3146	CSF_ab42
rs1245829	NA	NA	NA	NA	NA	NA	NA	NA	NA	NA	NA
rs10862376	12	82257633	T	A	0.155366	-0.003706	0.007801000000000001	-0.4750672990642225	0.6348	3146	CSF_ab42
rs401687	12	83924986	G	C	0.525118	0.005692	0.005665	1.004766107678729	0.3151	3146	CSF_ab42
rs1873982	12	92112418	A	G	0.391961	0.007865	0.005821	1.3511424153925444	0.1767	3146	CSF_ab42
rs1558727	12	97680631	C	T	0.478364	-0.004614	0.005569	-0.8285149937152092	0.4075	3146	CSF_ab42
rs57453499	12	97980879	G	A	0.171076	0.004954	0.007761	0.63831980414895	0.5233	3146	CSF_ab42
rs17033847	12	103795963	A	G	0.0427691	-0.01438	0.01466	-0.9809004092769441	0.3268	3146	CSF_ab42
rs11613637	12	105663403	T	C	0.203912	-0.00199	0.0071719999999999996	-0.277467930842164	0.7814	3146	CSF_ab42
rs7977614	12	110115286	A	G	0.246638	0.010020000000000001	0.006683	1.4993266497082152	0.134	3146	CSF_ab42
rs12316750	12	110283382	A	G	0.0795867	3.678e-4	0.009569	0.03843661824642074	0.9693	3146	CSF_ab42
rs3809169	12	113911532	T	C	0.0824256	0.004437	0.0105	0.42257142857142854	0.6728	3146	CSF_ab42
rs58052341	12	117527589	T	C	0.162059	0.001042	0.007645999999999999	0.13628040805650013	0.8916	3146	CSF_ab42
rs67119535	NA	NA	NA	NA	NA	NA	NA	NA	NA	NA	NA
rs1671770	12	120946568	A	C	0.859044	0.008079	0.007139	1.13167	0.2578	3146	CSF_ab42
rs2954114	NA	NA	NA	NA	NA	NA	NA	NA	NA	NA	NA
rs10846920	12	122943231	C	T	0.732858	0.002734	0.006428	0.425327	0.6706	3146	CSF_ab42
rs10773002	12	123746961	A	T	0.778324	-0.01074	0.006462000000000001	-1.66202	0.09676	3146	CSF_ab42
rs4941735	13	31641248	C	T	0.527515	-0.002882	0.005742000000000001	-0.501916	0.6157	3146	CSF_ab42
rs9529119	13	31783977	C	G	0.743836	-3.97e-4	0.007017	-0.0565769	0.9549	3146	CSF_ab42
rs9595885	13	33168050	G	A	0.402586	0.0064930000000000005	0.005983	1.0852415176332946	0.2779	3146	CSF_ab42
rs55641816	13	36386997	C	T	0.100981	0.001377	0.008524	0.16154387611450022	0.8716	3146	CSF_ab42
rs7986869	13	38734097	T	C	0.750453	-0.003952	0.006408	-0.616729	0.5374	3146	CSF_ab42
rs4144624	13	54117312	T	C	0.149801	-0.01251	0.00797	-1.5696361355081556	0.1167	3146	CSF_ab42
rs9536961	NA	NA	NA	NA	NA	NA	NA	NA	NA	NA	NA
rs115336744	NA	NA	NA	NA	NA	NA	NA	NA	NA	NA	NA
rs4264273	13	57655397	A	C	0.699456	0.00246	0.006335	0.388319	0.6979	3146	CSF_ab42
rs61963590	NA	NA	NA	NA	NA	NA	NA	NA	NA	NA	NA
rs1334297	13	58335375	G	A	0.727883	0.002742	0.006426	0.42670400000000003	0.6696	3146	CSF_ab42
rs2210150	NA	NA	NA	NA	NA	NA	NA	NA	NA	NA	NA
rs9527967	NA	NA	NA	NA	NA	NA	NA	NA	NA	NA	NA
rs71432775	13	60323319	G	A	0.211367	-0.006136	0.006379999999999999	-0.961755485893417	0.3363	3146	CSF_ab42
rs17060737	13	62608108	T	C	0.339978	-0.003468	0.006215999999999999	-0.557915057915058	0.5769	3146	CSF_ab42
rs269636	13	64616335	G	A	0.360908	0.00428	0.005803	0.737549543339652	0.4609	3146	CSF_ab42
rs141276130	13	67135284	A	C	0.142624	0.006053	0.007855	0.7705919796308085	0.441	3146	CSF_ab42
rs7321274	13	69146186	A	G	0.190172	-0.0157	0.007276	-2.157778999450247	0.031030000000000002	3146	CSF_ab42
rs337939	13	71257303	T	C	0.388647	0.001898	0.005685	0.3338610378188214	0.7385	3146	CSF_ab42
rs2478208	13	81471113	G	C	0.576518	0.006701	0.006029	1.11146	0.2665	3146	CSF_ab42
rs4415893	13	89193651	C	T	0.214364	-0.002487	0.007885	-0.31540900443880787	0.7524	3146	CSF_ab42
rs7332724	13	91629272	C	T	0.300363	-0.0037619999999999997	0.006271	-0.5999043214798278	0.5486	3146	CSF_ab42
rs11620355	13	92044587	G	A	0.112745	-0.0122	0.01069	-1.1412535079513566	0.2537	3146	CSF_ab42
rs74564696	NA	NA	NA	NA	NA	NA	NA	NA	NA	NA	NA
rs9556958	13	99100046	C	T	0.488659	9.705e-4	0.005634	0.172258	0.8633	3146	CSF_ab42
rs9557378	13	100747566	G	A	0.280377	0.007525	0.006518	1.1544952439398588	0.2484	3146	CSF_ab42
rs9557473	NA	NA	NA	NA	NA	NA	NA	NA	NA	NA	NA
rs277828	13	109693885	C	A	0.227504	0.001425	0.006475	0.22007722007722008	0.8258	3146	CSF_ab42
rs10145520	14	21930932	G	T	0.793436	-0.008255	0.007054	-1.17026	0.242	3146	CSF_ab42
rs1043209	14	23373986	G	A	0.620897	0.004419	0.0058920000000000005	0.75	0.4533	3146	CSF_ab42
rs11623285	14	24557642	T	G	0.149636	-0.014459999999999999	0.008827	-1.6381556587742154	0.1014	3146	CSF_ab42
rs8020034	14	26981100	G	A	0.157293	0.01043	0.007220999999999999	1.4443982827863178	0.1489	3146	CSF_ab42
rs176218	14	29600506	G	T	0.217241	0.00292	0.007072	0.41289592760180993	0.6797	3146	CSF_ab42
rs7147473	NA	NA	NA	NA	NA	NA	NA	NA	NA	NA	NA
rs1980628	NA	NA	NA	NA	NA	NA	NA	NA	NA	NA	NA
rs12891042	14	34018986	C	T	0.622004	0.002787	0.006217	0.448287	0.654	3146	CSF_ab42
rs1007731	NA	NA	NA	NA	NA	NA	NA	NA	NA	NA	NA
rs8009933	14	39600212	G	A	0.691788	-0.01262	0.005928	-2.12888	0.03335	3146	CSF_ab42
rs1158542	14	41373700	G	A	0.456862	0.0035689999999999997	0.005739	0.621885345879073	0.5341	3146	CSF_ab42
rs11846738	14	42785198	G	T	0.281205	9.357000000000001e-4	0.006085	0.15377156943303208	0.8778	3146	CSF_ab42
rs12893970	14	56474502	G	A	0.0705477	-0.01254	0.009301	-1.3482421245027416	0.1775	3146	CSF_ab42
rs11627087	14	57300708	A	G	0.0808264	0.0055439999999999994	0.01125	0.49279999999999996	0.6221	3146	CSF_ab42
rs1566504	14	59218961	C	T	0.282498	0.0056549999999999994	0.007063	0.8006512813252159	0.4234	3146	CSF_ab42
rs4442732	14	61025617	A	G	0.667936	0.003378	0.005817	0.580712	0.5614	3146	CSF_ab42
rs6573552	14	64750233	T	C	0.480769	-0.01118	0.005571	-2.00682	0.04478	3146	CSF_ab42
rs242093	14	69481343	G	A	0.666242	-0.01058	0.006104999999999999	-1.73301	0.08326	3146	CSF_ab42
rs2067854	14	72425819	G	A	0.250997	-0.0103	0.0072299999999999994	-1.4246196403872753	0.1543	3146	CSF_ab42
rs142489916	14	74456266	G	T	0.0507273	0.00214	0.01197	0.17878028404344193	0.8581	3146	CSF_ab42
rs730384	14	74889870	G	A	0.413258	0.0036479999999999998	0.006224	0.5861182519280205	0.5579	3146	CSF_ab42
rs10139828	14	78293304	T	C	0.182731	-0.0038689999999999996	0.008024	-0.4821784646061814	0.6297	3146	CSF_ab42
rs61993073	14	79825106	C	T	0.0968329	-0.008422	0.008618	-0.977256904154096	0.3285	3146	CSF_ab42
rs2998315	14	85032707	A	G	0.555272	0.006825	0.0060149999999999995	1.13466	0.2566	3146	CSF_ab42
rs6575022	14	89279099	A	G	0.572313	-0.00122	0.005824	-0.209478	0.8341	3146	CSF_ab42
rs4904523	14	89723630	G	A	0.567297	-0.001082	0.005672	-0.190762	0.8487	3146	CSF_ab42
rs1952183	14	89844111	A	G	0.534326	-0.001251	0.006059	-0.20646971447433568	0.8365	3146	CSF_ab42
rs12888354	NA	NA	NA	NA	NA	NA	NA	NA	NA	NA	NA
rs736282	14	94287860	T	C	0.574364	-0.002864	0.005665	-0.50556	0.6132	3146	CSF_ab42
rs2496482	NA	NA	NA	NA	NA	NA	NA	NA	NA	NA	NA
rs4906037	NA	NA	NA	NA	NA	NA	NA	NA	NA	NA	NA
rs8008758	14	101690045	G	T	0.257807	-0.0035090000000000004	0.00662	-0.5300604229607251	0.5961	3146	CSF_ab42
rs67004399	14	102263973	C	T	0.0868828	-0.003249	0.008256	-0.3935319767441861	0.6939	3146	CSF_ab42
rs8008382	14	104054425	T	C	0.690229	1.504e-4	0.006176	0.0243523	0.9806	3146	CSF_ab42
rs58233122	15	26787311	C	T	0.411882	0.002278	0.005627	0.40483383685800606	0.6856	3146	CSF_ab42
rs11635092	15	27234553	G	A	0.354575	0.003968	0.006305	0.6293417922283903	0.5291	3146	CSF_ab42
rs4423373	15	27988340	G	A	0.57469	-0.003117	0.005631000000000001	-0.553543	0.58	3146	CSF_ab42
rs117023891	NA	NA	NA	NA	NA	NA	NA	NA	NA	NA	NA
rs117799466	NA	NA	NA	NA	NA	NA	NA	NA	NA	NA	NA
rs1562804	NA	NA	NA	NA	NA	NA	NA	NA	NA	NA	NA
rs16966271	15	38423730	C	T	0.222625	0.003832	0.006131	0.6250203881911597	0.5321	3146	CSF_ab42
rs115460988	NA	NA	NA	NA	NA	NA	NA	NA	NA	NA	NA
rs6493265	15	47513253	C	T	0.344283	0.003012	0.005811	0.518327310273619	0.6042	3146	CSF_ab42
rs2414072	15	50850562	T	A	0.434028	-0.0125	0.0057810000000000005	-2.1622556651098424	0.03067	3146	CSF_ab42
rs75603002	15	51903034	A	G	0.0761541	-0.001458	0.009579	-0.1522079549013467	0.8791	3146	CSF_ab42
rs12908232	15	56009954	A	G	0.503994	-0.0014119999999999998	0.005743	-0.24586453073306633	0.8058	3146	CSF_ab42
rs3816752	15	56992844	A	G	0.669029	0.0153	0.005935	2.57793	0.009969	3146	CSF_ab42
rs1437543	15	61468467	G	A	0.299636	-0.004193	0.006537	-0.6414257304573963	0.5213	3146	CSF_ab42
rs12148463	15	63777961	G	A	0.821727	0.003722	0.008194	0.454235	0.6497	3146	CSF_ab42
rs28513670	15	65982677	A	G	0.215971	-0.01084	0.0074129999999999995	-1.4622959665452586	0.1438	3146	CSF_ab42
rs7402226	NA	NA	NA	NA	NA	NA	NA	NA	NA	NA	NA
rs36085856	NA	NA	NA	NA	NA	NA	NA	NA	NA	NA	NA
rs3826043	NA	NA	NA	NA	NA	NA	NA	NA	NA	NA	NA
rs7495033	NA	NA	NA	NA	NA	NA	NA	NA	NA	NA	NA
rs11072599	15	76774508	T	C	0.578603	0.004194	0.005796	0.723602	0.4694	3146	CSF_ab42
rs56391344	NA	NA	NA	NA	NA	NA	NA	NA	NA	NA	NA
rs2280366	15	78585898	T	C	0.408925	-0.0033710000000000003	0.005673	-0.5942182266878195	0.5525	3146	CSF_ab42
rs11259919	15	84489802	A	G	0.692959	-0.003802	0.006536	-0.581701	0.5609	3146	CSF_ab42
rs6496851	NA	NA	NA	NA	NA	NA	NA	NA	NA	NA	NA
rs4778058	NA	NA	NA	NA	NA	NA	NA	NA	NA	NA	NA
rs16975275	NA	NA	NA	NA	NA	NA	NA	NA	NA	NA	NA
rs4984541	NA	NA	NA	NA	NA	NA	NA	NA	NA	NA	NA
rs7176647	NA	NA	NA	NA	NA	NA	NA	NA	NA	NA	NA
rs4984913	16	740466	A	G	0.311087	0.008824	0.006765	1.3043606799704361	0.1922	3146	CSF_ab42
rs12934854	NA	NA	NA	NA	NA	NA	NA	NA	NA	NA	NA
rs9933256	16	1246748	A	G	0.443472	0.0018809999999999999	0.005686	0.3308125219838199	0.7408	3146	CSF_ab42
rs3751837	16	3583173	C	T	0.235636	-0.007993	0.0074400000000000004	-1.0743279569892472	0.2828	3146	CSF_ab42
rs7205442	NA	NA	NA	NA	NA	NA	NA	NA	NA	NA	NA
rs11646221	16	7666088	G	T	0.536026	-0.009032	0.0063170000000000006	-1.42979	0.1529	3146	CSF_ab42
rs12926704	NA	NA	NA	NA	NA	NA	NA	NA	NA	NA	NA
rs9936270	16	12215741	C	T	0.23601	-0.001216	0.006603	-0.18415871573527184	0.8539	3146	CSF_ab42
rs4780563	NA	NA	NA	NA	NA	NA	NA	NA	NA	NA	NA
rs2521025	NA	NA	NA	NA	NA	NA	NA	NA	NA	NA	NA
rs11645004	16	19267993	G	T	0.635965	0.01139	0.005809	1.96075	0.05003	3146	CSF_ab42
rs991911	16	24291053	T	A	0.392313	0.011470000000000001	0.006215	1.845534995977474	0.06504	3146	CSF_ab42
rs7188873	16	24727064	A	G	0.589067	-0.007676	0.005759	-1.33287	0.1827	3146	CSF_ab42
rs2520122	16	26577390	T	C	0.539354	0.0103	0.006181	1.6664	0.09584	3146	CSF_ab42
rs4787457	16	28555400	A	G	0.417492	-0.008126999999999999	0.006059	-1.341310447268526	0.1799	3146	CSF_ab42
rs4785187	16	49766772	G	A	0.249455	0.006987	0.0068189999999999995	1.0246370435547736	0.3056	3146	CSF_ab42
rs2052285	NA	NA	NA	NA	NA	NA	NA	NA	NA	NA	NA
rs12921005	16	52442689	A	G	0.435472	-0.003272	0.005652	-0.57891	0.5626	3146	CSF_ab42
rs3809634	16	53538157	A	G	0.313975	-0.004723	0.006097999999999999	-0.7745162348310922	0.4387	3146	CSF_ab42
rs28637326	NA	NA	NA	NA	NA	NA	NA	NA	NA	NA	NA
rs56047669	NA	NA	NA	NA	NA	NA	NA	NA	NA	NA	NA
rs9938678	16	61503635	A	T	0.169448	-0.002023	0.007271	-0.2782285792875808	0.7809	3146	CSF_ab42
rs9929556	16	62193640	T	G	0.42886	0.0017239999999999998	0.006151	0.28027962932856443	0.7792	3146	CSF_ab42
rs818415	16	65448079	T	G	0.162074	-0.006211	0.0067670000000000004	-0.9178365597753805	0.3587	3146	CSF_ab42
rs9926649	16	66750040	G	T	0.0423913	0.01629	0.011009999999999999	1.4795640326975477	0.139	3146	CSF_ab42
rs35316276	16	67850700	C	T	0.275139	0.01212	0.006732999999999999	1.800089113322442	0.07200000000000001	3146	CSF_ab42
rs61757207	NA	NA	NA	NA	NA	NA	NA	NA	NA	NA	NA
rs17604349	16	72210865	G	A	0.196772	-0.01816	0.007262	-2.5006885155604515	0.012459999999999999	3146	CSF_ab42
rs8060607	16	72499136	G	A	0.185797	-0.0032619999999999997	0.0075840000000000005	-0.4301160337552742	0.6672	3146	CSF_ab42
rs1862767	16	73404606	A	C	0.55311	0.002006	0.0056619999999999995	0.3542917696926881	0.7231	3146	CSF_ab42
rs9936917	16	77000215	G	A	0.537246	-0.005816	0.0056170000000000005	-1.03543	0.3005	3146	CSF_ab42
rs12716848	16	78167658	G	A	0.613232	-0.01051	0.005697	-1.84483	0.06526	3146	CSF_ab42
rs72820466	16	80501358	C	A	0.172104	-0.006512	0.007184	-0.9064587973273942	0.3647	3146	CSF_ab42
rs35385909	16	82751393	A	T	0.191609	0.0016699999999999998	0.007037999999999999	0.23728331912475137	0.8125	3146	CSF_ab42
rs34485537	NA	NA	NA	NA	NA	NA	NA	NA	NA	NA	NA
rs60483752	NA	NA	NA	NA	NA	NA	NA	NA	NA	NA	NA
rs145590108	NA	NA	NA	NA	NA	NA	NA	NA	NA	NA	NA
rs8066044	17	1367352	A	G	0.742997	-3.972e-4	0.0063880000000000004	-0.0621791	0.9504	3146	CSF_ab42
rs1381247	NA	NA	NA	NA	NA	NA	NA	NA	NA	NA	NA
rs9903071	17	3893520	T	C	0.358884	-0.001686	0.005808	-0.2902892561983471	0.7716	3146	CSF_ab42
rs2302761	17	7358520	C	T	0.167152	-0.0039020000000000005	0.0068790000000000006	-0.5672336095362699	0.5705	3146	CSF_ab42
rs4496222	NA	NA	NA	NA	NA	NA	NA	NA	NA	NA	NA
rs111710032	17	12899668	T	C	0.0299238	-0.011479999999999999	0.017130000000000003	-0.6701692936368941	0.5027	3146	CSF_ab42
rs11655029	17	17649172	T	C	0.657242	-3.086e-5	0.00609	-0.00506732	0.996	3146	CSF_ab42
rs2071241	17	18156541	A	G	0.753991	0.007985	0.006383	1.25098	0.21100000000000002	3146	CSF_ab42
rs12602286	17	19236954	G	T	0.867684	0.003135	0.009164	0.3421	0.7323	3146	CSF_ab42
rs74677442	NA	NA	NA	NA	NA	NA	NA	NA	NA	NA	NA
rs11658532	17	33197137	T	C	0.24508	-0.004187	0.006542	-0.6400183430143687	0.5222	3146	CSF_ab42
rs17638867	17	34052513	C	T	0.184277	7.101e-4	0.0072120000000000005	0.09846089850249583	0.9216	3146	CSF_ab42
rs7215889	17	37407762	C	T	0.777032	0.003798	0.006478	0.586292	0.5578	3146	CSF_ab42
rs118101047	NA	NA	NA	NA	NA	NA	NA	NA	NA	NA	NA
rs4793090	17	40686342	G	A	0.703635	-0.007723	0.005989	-1.28953	0.1973	3146	CSF_ab42
rs45530735	NA	NA	NA	NA	NA	NA	NA	NA	NA	NA	NA
rs11871429	17	42920929	A	G	0.243459	-0.008564	0.006827	-1.2544309359894537	0.2098	3146	CSF_ab42
rs74998289	17	43913558	T	G	0.147487	-0.0022170000000000002	0.0071920000000000005	-0.30825917686318133	0.7579	3146	CSF_ab42
rs62074390	NA	NA	NA	NA	NA	NA	NA	NA	NA	NA	NA
rs9914918	17	46962021	G	A	0.301473	-0.006476000000000001	0.006205	-1.0436744560838036	0.2967	3146	CSF_ab42
rs62068721	17	50467978	G	A	0.15693	0.002669	0.007107	0.3755452370901928	0.7073	3146	CSF_ab42
rs12450129	17	52073633	T	C	0.44951	0.01044	0.005533	1.88686	0.059210000000000006	3146	CSF_ab42
rs62084585	17	56411755	G	T	0.0881818	-0.0127	0.01289	-0.9852598913886733	0.3243	3146	CSF_ab42
rs55742128	NA	NA	NA	NA	NA	NA	NA	NA	NA	NA	NA
rs117813291	NA	NA	NA	NA	NA	NA	NA	NA	NA	NA	NA
rs1979496	NA	NA	NA	NA	NA	NA	NA	NA	NA	NA	NA
rs17703427	17	68232008	A	G	0.163162	6.908999999999999e-4	0.008399	0.08225979283248004	0.9344	3146	CSF_ab42
rs11657342	NA	NA	NA	NA	NA	NA	NA	NA	NA	NA	NA
rs9797233	NA	NA	NA	NA	NA	NA	NA	NA	NA	NA	NA
rs599400	18	2716496	G	C	0.433406	-0.003607	0.005808	-0.6210399449035813	0.5346	3146	CSF_ab42
rs12051987	18	4707814	C	T	0.840827	-0.003089	0.007261	-0.425423	0.6706	3146	CSF_ab42
rs7190	NA	NA	NA	NA	NA	NA	NA	NA	NA	NA	NA
rs12967010	NA	NA	NA	NA	NA	NA	NA	NA	NA	NA	NA
rs58560225	NA	NA	NA	NA	NA	NA	NA	NA	NA	NA	NA
rs1618725	18	21126952	C	T	0.500364	-0.002757	0.005688	-0.484705	0.628	3146	CSF_ab42
rs10460095	18	22624708	G	A	0.53633	-1.656e-4	0.0058850000000000005	-0.0281393	0.9775	3146	CSF_ab42
rs111852224	NA	NA	NA	NA	NA	NA	NA	NA	NA	NA	NA
rs9964724	18	35159124	C	T	0.713871	0.009321	0.006099	1.52828	0.1265	3146	CSF_ab42
rs12608156	18	36129290	T	C	0.118866	-7.243999999999999e-4	0.008732	-0.08295923041685753	0.9339	3146	CSF_ab42
rs1158520	18	36676167	C	A	0.54147	-0.007106	0.005741	-1.23776	0.2158	3146	CSF_ab42
rs7233920	18	37416318	G	A	0.274528	-0.0061909999999999995	0.006690000000000001	-0.9254110612855005	0.3548	3146	CSF_ab42
rs203190	18	38052155	T	C	0.569818	0.009157	0.005684000000000001	1.61101	0.1073	3146	CSF_ab42
rs1496819	18	38974725	T	G	0.171201	-0.0032530000000000002	0.007619	-0.42695891849324064	0.6694	3146	CSF_ab42
rs9916901	18	40238335	T	G	0.269007	0.007213	0.006343	1.1371590729938514	0.2555	3146	CSF_ab42
rs72902647	18	42746809	C	T	0.1875	8.072000000000001e-4	0.007573000000000001	0.10658919846824244	0.9151	3146	CSF_ab42
rs2048524	NA	NA	NA	NA	NA	NA	NA	NA	NA	NA	NA
rs4245227	18	46049678	A	G	0.83672	-0.005197	0.008106	-0.64113	0.5215	3146	CSF_ab42
rs112969166	18	48724943	C	G	0.552053	8.257e-4	0.005664	0.14578	0.8841	3146	CSF_ab42
rs12959714	18	49949169	G	A	0.0335024	0.002352	0.01796	0.1309576837416481	0.8958	3146	CSF_ab42
rs11082975	18	50824885	G	C	0.513506	-0.0026920000000000004	0.0058200000000000005	-0.4625429553264605	0.6437	3146	CSF_ab42
rs613872	18	53210302	G	T	0.843977	5.534e-4	0.007790999999999999	0.0710307	0.9434	3146	CSF_ab42
rs2220926	18	58943386	T	C	0.587296	-0.01777	0.005721	-3.1061	0.001912	3146	CSF_ab42
rs7241624	18	60231038	G	T	0.549674	0.007805	0.005731	1.36189	0.1734	3146	CSF_ab42
rs72944064	18	63516255	T	C	0.279192	-0.003826	0.006601999999999999	-0.5795213571644957	0.5623	3146	CSF_ab42
rs6566216	18	64253268	C	T	0.482376	-6.211000000000001e-4	0.0056549999999999994	-0.1098320070733864	0.9125	3146	CSF_ab42
rs11660312	NA	NA	NA	NA	NA	NA	NA	NA	NA	NA	NA
rs2554835	NA	NA	NA	NA	NA	NA	NA	NA	NA	NA	NA
rs11081529	18	75902735	T	C	0.315502	0.001891	0.0068920000000000006	0.274376088218224	0.7838	3146	CSF_ab42
rs11663602	18	77578191	C	A	0.292198	0.001006	0.006405	0.1570647931303669	0.8752	3146	CSF_ab42
rs2396366	19	1952841	T	C	0.591282	-0.001245	0.005823	-0.213807	0.8307	3146	CSF_ab42
rs8103741	19	2325005	A	G	0.210258	0.0040149999999999995	0.007372	0.5446283233857839	0.5861	3146	CSF_ab42
rs4807428	19	3237489	C	G	0.110361	-0.001271	0.009454	-0.13444044848741274	0.8931	3146	CSF_ab42
rs757436	19	3826749	A	T	0.566852	0.00526	0.005833	0.901766	0.3673	3146	CSF_ab42
rs76608582	NA	NA	NA	NA	NA	NA	NA	NA	NA	NA	NA
rs36055559	NA	NA	NA	NA	NA	NA	NA	NA	NA	NA	NA
rs2287838	19	9959014	G	A	0.602004	0.004473	0.005738	0.77954	0.4357	3146	CSF_ab42
rs58646455	19	13105622	G	A	0.0361293	4.096e-4	0.015030000000000002	0.027252162341982696	0.9783	3146	CSF_ab42
rs12151248	NA	NA	NA	NA	NA	NA	NA	NA	NA	NA	NA
rs4808766	19	18335715	G	C	0.262477	-0.003768	0.006520999999999999	-0.5778254868885141	0.5634	3146	CSF_ab42
rs4808787	NA	NA	NA	NA	NA	NA	NA	NA	NA	NA	NA
rs10417097	19	19719824	C	G	0.419572	-0.0011300000000000001	0.005797999999999999	-0.1948947913073474	0.8455	3146	CSF_ab42
rs7257460	19	30746753	T	C	0.275643	-0.01436	0.006106	-2.3517851293809366	0.01876	3146	CSF_ab42
rs2043294	19	32207820	A	T	0.193425	0.003042	0.0077599999999999995	0.39201030927835057	0.695	3146	CSF_ab42
rs2903739	19	32982587	C	T	0.841108	0.002301	0.008097	0.284179	0.7763	3146	CSF_ab42
rs807478	19	36252494	A	G	0.516205	0.009635	0.0057350000000000005	1.68003	0.09308	3146	CSF_ab42
rs10402747	NA	NA	NA	NA	NA	NA	NA	NA	NA	NA	NA
rs76246107	NA	NA	NA	NA	NA	NA	NA	NA	NA	NA	NA
rs307913	19	54443051	G	A	0.838102	-0.004979	0.007972	-0.624561	0.5323	3146	CSF_ab42
rs192436652	NA	NA	NA	NA	NA	NA	NA	NA	NA	NA	NA
rs2422858	20	3131488	T	C	0.652466	0.00384	0.006097999999999999	0.629715	0.5289	3146	CSF_ab42
rs16995054	20	14811733	C	T	0.201348	0.006000999999999999	0.006925	0.8665703971119133	0.3863	3146	CSF_ab42
rs6044758	20	17345421	A	G	0.238893	0.006476999999999999	0.006572	0.9855447352404139	0.3244	3146	CSF_ab42
rs175325	NA	NA	NA	NA	NA	NA	NA	NA	NA	NA	NA
rs714604	NA	NA	NA	NA	NA	NA	NA	NA	NA	NA	NA
rs208795	20	37512698	T	C	0.833817	0.007712	0.007693000000000001	1.00247	0.3162	3146	CSF_ab42
rs4369924	20	41954383	G	A	0.129985	0.0035960000000000002	0.007943	0.4527256704016115	0.6508	3146	CSF_ab42
rs6513959	20	43620856	A	G	0.340764	-0.0011	0.006072	-0.18115942028985507	0.8563	3146	CSF_ab42
rs1569723	20	44742064	C	A	0.780058	0.008801	0.006659999999999999	1.32147	0.1864	3146	CSF_ab42
rs6122735	20	47523732	C	T	0.342137	5.007e-4	0.005821	0.08601614842810514	0.9315	3146	CSF_ab42
rs6020560	20	49119419	T	C	0.495446	0.00673	0.0056700000000000006	1.1869488536155202	0.2353	3146	CSF_ab42
rs6067645	NA	NA	NA	NA	NA	NA	NA	NA	NA	NA	NA
rs6123924	20	58219764	A	G	0.141664	0.0077599999999999995	0.008391	0.9248003813609821	0.3552	3146	CSF_ab42
rs4810227	NA	NA	NA	NA	NA	NA	NA	NA	NA	NA	NA
rs7271169	20	61526951	A	G	0.385538	-0.009278	0.005809	-1.5971767946290238	0.1103	3146	CSF_ab42
rs7278859	21	20026532	A	T	0.291667	5.75e-4	0.006019	0.0955308190729357	0.9239	3146	CSF_ab42
rs8129956	NA	NA	NA	NA	NA	NA	NA	NA	NA	NA	NA
rs9977306	21	22718157	G	A	0.196566	-0.002575	0.0067209999999999995	-0.3831275107870853	0.7016	3146	CSF_ab42
rs8127221	21	30509030	C	T	0.40264	-0.01022	0.0060799999999999995	-1.680921052631579	0.09299	3146	CSF_ab42
rs2833481	21	33062351	T	C	0.12636	0.004288	0.008969	0.4780912030326681	0.6327	3146	CSF_ab42
rs7277038	21	34292163	C	T	0.285688	0.01149	0.006096	1.8848425196850394	0.059539999999999996	3146	CSF_ab42
rs743316	21	35252696	T	C	0.226329	-0.004364	0.00688	-0.6343023255813953	0.5259	3146	CSF_ab42
rs2836140	NA	NA	NA	NA	NA	NA	NA	NA	NA	NA	NA
rs2837765	NA	NA	NA	NA	NA	NA	NA	NA	NA	NA	NA
rs28815283	NA	NA	NA	NA	NA	NA	NA	NA	NA	NA	NA
rs1964927	21	42653237	A	G	0.620152	-0.001882	0.0058969999999999995	-0.319145	0.7497	3146	CSF_ab42
rs11575902	21	46493623	T	G	0.0955402	0.01277	0.010320000000000001	1.2374031007751938	0.21600000000000003	3146	CSF_ab42
rs8127571	NA	NA	NA	NA	NA	NA	NA	NA	NA	NA	NA
rs5763431	22	30093667	T	C	0.341445	0.0038369999999999997	0.005896	0.6507801899592943	0.5152	3146	CSF_ab42
rs7288964	22	31419209	A	G	0.74764	0.00181	0.006628	0.273084	0.7848	3146	CSF_ab42
rs1540299	22	33907964	A	G	0.589688	-0.002074	0.0060609999999999995	-0.342188	0.7322	3146	CSF_ab42
rs35532491	22	34329603	A	T	0.0641537	-0.0108	0.009837	-1.0978956999085088	0.2722	3146	CSF_ab42
rs11703948	22	38817047	A	G	0.110526	0.01675	0.01043	1.6059443911792906	0.1083	3146	CSF_ab42
rs12170452	22	40019773	A	G	0.599444	0.001926	0.006166	0.312358	0.7548	3146	CSF_ab42
rs4822112	NA	NA	NA	NA	NA	NA	NA	NA	NA	NA	NA
rs136989	NA	NA	NA	NA	NA	NA	NA	NA	NA	NA	NA
rs5765717	22	44917646	G	T	0.490185	-0.004733	0.005637	-0.8396310094021644	0.4012	3146	CSF_ab42
rs1076780	NA	NA	NA	NA	NA	NA	NA	NA	NA	NA	NA
rs9616906	22	51104680	G	A	0.450638	-0.004189	0.005536999999999999	-0.7565468665342244	0.4494	3146	CSF_ab42
