$`Main MR results`
       Exposure       MR Analysis Causal Estimate       Sd  T-stat    P-value
1 beta.exposure               Raw        745.6309 339.7307 2.19477 0.03107954
2 beta.exposure Outlier-corrected              NA       NA      NA         NA

$`MR-PRESSO results`
$`MR-PRESSO results`$`Global Test`
$`MR-PRESSO results`$`Global Test`$RSSobs
[1] 110.7118

$`MR-PRESSO results`$`Global Test`$Pvalue
[1] 0.0216


$`MR-PRESSO results`$`Outlier Test`
         RSSobs Pvalue
1  2.230195e+03      1
2  8.775860e+03      1
3  4.422194e+04      1
4  3.042865e+03      1
5  5.637250e+04      1
6  8.659125e+03      1
7  7.362026e+02      1
8  4.367760e+04      1
9  1.930323e+04      1
10 2.652133e+04      1
11 5.302310e+05      1
12 1.829688e+03      1
13 2.868824e+02      1
14 3.755282e+04      1
15 4.218612e+02      1
16 1.473653e+02      1
17 4.942142e+04      1
18 5.830848e+04      1
19 1.981812e+04      1
20 5.808056e+02      1
21 6.196664e+04      1
22 6.827354e+03      1
23 5.728848e+03      1
24 3.398459e+04      1
25 1.407057e+04      1
26 1.936229e+05 0.3321
27 1.941755e+04      1
28 1.277734e+03      1
29 4.496485e+01      1
30 6.976163e+04      1
31 1.769119e+04      1
32 1.477281e+05      1
33 8.566824e+04 0.7047
34 1.339395e+03      1
35 4.560903e+03      1
36 1.338408e-01      1
37 1.769847e+03      1
38 5.206612e+04      1
39 2.470863e+04      1
40 2.636540e+02      1
41 3.036697e+04      1
42 1.755155e+03      1
43 1.117856e+03      1
44 5.076339e+03      1
45 1.804899e+04      1
46 1.713704e+05      1
47 3.562961e+04      1
48 7.266804e+04      1
49 3.071413e+04      1
50 6.827035e+00      1
51 1.874516e+04      1
52 2.775424e+03      1
53 8.447633e+03      1
54 6.026677e+04      1
55 1.239418e+04      1
56 5.995632e+03      1
57 5.374277e+02      1
58 8.926053e+03      1
59 1.584169e+04      1
60 1.133588e+02      1
61 1.762901e+04      1
62 3.101249e+04      1
63 5.504182e+04      1
64 1.964496e+04      1
65 1.096363e+05      1
66 4.808609e+03      1
67 4.617212e+04      1
68 8.900460e+03      1
69 1.414766e+04      1
70 2.277194e+04      1
71 6.910898e+03      1
72 5.220977e+04      1
73 1.831775e+04      1
74 2.717900e+02      1
75 1.274854e+04      1
76 8.377787e+03      1
77 1.838453e+03      1
78 1.275626e+00      1
79 1.542019e+04      1
80 5.733733e+03      1
81 2.318322e+05 0.9072

$`MR-PRESSO results`$`Distortion Test`
$`MR-PRESSO results`$`Distortion Test`$`Outliers Indices`
[1] "No significant outliers"

$`MR-PRESSO results`$`Distortion Test`$`Distortion Coefficient`
[1] NA

$`MR-PRESSO results`$`Distortion Test`$Pvalue
[1] NA



