$`Main MR results`
       Exposure       MR Analysis Causal Estimate       Sd   T-stat   P-value
1 beta.exposure               Raw        451.1976 332.3081 1.357769 0.1771061
2 beta.exposure Outlier-corrected              NA       NA       NA        NA

$`MR-PRESSO results`
$`MR-PRESSO results`$`Global Test`
$`MR-PRESSO results`$`Global Test`$RSSobs
[1] 172.5243

$`MR-PRESSO results`$`Global Test`$Pvalue
[1] 0.0019


$`MR-PRESSO results`$`Outlier Test`
          RSSobs Pvalue
1     1638.56697      1
2    25860.01708      1
3    24336.80027      1
4     5615.00303      1
5    48894.24466      1
6     2098.95700      1
7     2869.42630      1
8    52815.63819      1
9     7331.67934      1
10     343.48917      1
11    6765.78096      1
12   36733.12789      1
13   15569.53336      1
14   30160.09039      1
15  684271.11041      1
16   64947.74746      1
17    2595.25511      1
18     988.74837      1
19  148084.89828      1
20   42568.29468      1
21     842.32460      1
22    2512.10758      1
23      88.14865      1
24   59567.48884      1
25      11.10406      1
26   19238.40282      1
27   20299.16178      1
28   54262.89703      1
29   68349.52785      1
30   22866.44446      1
31     924.81088      1
32   57270.01614      1
33   54609.77854      1
34   18983.83442      1
35  278218.08430  0.252
36    4926.80687      1
37    3472.81363      1
38   23291.41201      1
39    1151.61867      1
40   19192.26596      1
41  184932.94198  0.444
42   14560.27376      1
43    1731.37005      1
44     391.68221      1
45   76968.94500      1
46   22446.51912      1
47  176440.25445      1
48   79428.39018      1
49    2034.67514      1
50     745.75710      1
51    3387.63584      1
52   14858.80916      1
53      99.03083      1
54   17967.54051      1
55    1943.07771      1
56    1154.15200      1
57   67994.88096      1
58    4654.92350      1
59    4424.22524      1
60   29532.82259      1
61     739.68310      1
62   27010.47462      1
63    2846.98008      1
64    1844.79392      1
65    3383.31447      1
66   59653.98110      1
67   15308.70492      1
68   21030.51013      1
69  154307.55160      1
70    1175.33893      1
71   38250.23862      1
72   77735.59882      1
73    4930.27813      1
74   27175.67509      1
75   37476.21300      1
76     245.44732      1
77   51534.70628      1
78   16222.84219      1
79   15799.56936      1
80   20352.07360      1
81    3528.23792      1
82    5587.96487      1
83   10705.62731      1
84   63920.30793      1
85   53621.41863      1
86   10557.72956      1
87   13581.90351      1
88    1343.72221      1
89    4662.02218      1
90     245.55680      1
91    6811.68092      1
92   28536.53466      1
93   20794.01036      1
94     475.29905      1
95   15186.24249      1
96      40.15305      1
97   35641.64074      1
98   74557.25753      1
99   17611.97562      1
100  72228.34915      1
101   2072.40095      1
102  42851.75904      1
103   7039.10109      1
104  18229.18814      1
105  20544.03471      1
106   4596.49960      1
107  11070.83336      1
108  43667.36131      1
109  24466.96749      1
110  15527.03762      1
111    666.02770      1
112  15370.36293      1
113   5768.22909      1
114   1176.54625      1
115   7415.36783      1
116  77967.10611      1
117    246.38932      1
118  13603.16843      1
119  12725.60194      1
120 255904.34160      1

$`MR-PRESSO results`$`Distortion Test`
$`MR-PRESSO results`$`Distortion Test`$`Outliers Indices`
[1] "No significant outliers"

$`MR-PRESSO results`$`Distortion Test`$`Distortion Coefficient`
[1] NA

$`MR-PRESSO results`$`Distortion Test`$Pvalue
[1] NA



