$`Main MR results`
       Exposure       MR Analysis Causal Estimate        Sd     T-stat
1 beta.exposure               Raw      -0.2841148 0.7363438 -0.3858453
2 beta.exposure Outlier-corrected              NA        NA         NA
    P-value
1 0.7006617
2        NA

$`MR-PRESSO results`
$`MR-PRESSO results`$`Global Test`
$`MR-PRESSO results`$`Global Test`$RSSobs
[1] 103.1036

$`MR-PRESSO results`$`Global Test`$Pvalue
[1] 0.0437


$`MR-PRESSO results`$`Outlier Test`
         RSSobs Pvalue
1  3.187656e-03      1
2  1.737086e-03      1
3  3.723928e-05      1
4  6.041500e-03      1
5  1.562876e-02      1
6  2.466256e-03      1
7  1.781240e-05      1
8  1.218943e-02      1
9  1.367017e-03      1
10 1.834178e-03      1
11 6.494709e-03      1
12 3.083877e-02      1
13 3.962348e-04      1
14 1.287044e-02      1
15 9.946855e-04      1
16 5.180461e-04      1
17 2.758140e-04      1
18 6.940880e-03      1
19 3.421591e-03      1
20 5.307894e-03      1
21 1.232171e-02      1
22 9.776620e-03      1
23 7.485336e-03      1
24 2.773560e-05      1
25 5.810479e-03      1
26 8.150885e-03      1
27 1.108257e-03      1
28 1.395105e-03      1
29 6.374403e-03      1
30 1.016347e-03      1
31 4.178577e-03      1
32 1.800017e-03      1
33 8.172489e-04      1
34 3.460144e-04      1
35 1.515449e-03      1
36 8.387885e-03      1
37 3.311432e-03      1
38 1.793588e-03      1
39 1.627273e-03      1
40 1.193771e-03      1
41 3.783104e-02 0.1264
42 4.450616e-05      1
43 1.089463e-06      1
44 1.639245e-03      1
45 2.657283e-03      1
46 1.630641e-02      1
47 1.399338e-02      1
48 1.879198e-03      1
49 9.763190e-04      1
50 7.062888e-03      1
51 6.680035e-03      1
52 3.192367e-03      1
53 5.407875e-04      1
54 2.081952e-04      1
55 1.849590e-06      1
56 1.101240e-02      1
57 8.472356e-05      1
58 7.409026e-03      1
59 6.581148e-03      1
60 4.396372e-07      1
61 9.992428e-04      1
62 1.840091e-04      1
63 1.045478e-05      1
64 3.663116e-04      1
65 3.440001e-03      1
66 3.017395e-04      1
67 2.692955e-02      1
68 1.274303e-02      1
69 1.112063e-02      1
70 4.693829e-02 0.5767
71 2.932784e-02      1
72 1.238990e-03      1
73 2.049819e-03      1
74 3.274464e-03      1
75 2.800997e-03      1
76 6.094071e-04      1
77 3.376032e-03      1
78 1.497414e-03      1
79 1.666273e-02      1

$`MR-PRESSO results`$`Distortion Test`
$`MR-PRESSO results`$`Distortion Test`$`Outliers Indices`
[1] "No significant outliers"

$`MR-PRESSO results`$`Distortion Test`$`Distortion Coefficient`
[1] NA

$`MR-PRESSO results`$`Distortion Test`$Pvalue
[1] NA



