SNP	CHROM	POS	REF	ALT	AF	BETA	SE	Z	P	N	TRAIT
rs301805	1	8481016	T	G	0.5379	0.0279	0.0576	0.484375	0.6283	2764	VBI_any
rs3001723	1	44037685	G	A	0.3058	-0.0465	0.0615	-0.7560975609756098	0.4502	2764	VBI_any
rs6669839	1	50625979	C	T	0.1921	-3e-4	0.0728	-0.00412087912087912	0.9968	2764	VBI_any
rs2186122	NA	NA	NA	NA	NA	NA	NA	NA	NA	NA	NA
rs7555507	1	73766037	C	T	0.4916	-0.0316	0.057	-0.5543859649122808	0.5793	2764	VBI_any
rs2050586	NA	NA	NA	NA	NA	NA	NA	NA	NA	NA	NA
rs12042107	1	91196176	T	C	0.5227	-0.0698	0.0604	-1.15563	0.2478	2764	VBI_any
rs12027999	1	154206358	T	C	0.1186	-0.0538	0.0892	-0.603139	0.5466	2764	VBI_any
rs2046850	1	210304319	C	T	0.192	0.0373	0.0728	0.5123626373626373	0.609	2764	VBI_any
rs6728726	2	623976	T	C	0.824	0.0143	0.0757	0.188904	0.8498	2764	VBI_any
rs1004787	2	45159091	G	A	0.5478	0.0374	0.0597	0.626465661641541	0.5314	2764	VBI_any
rs1518393	NA	NA	NA	NA	NA	NA	NA	NA	NA	NA	NA
rs7585579	NA	NA	NA	NA	NA	NA	NA	NA	NA	NA	NA
rs266047	2	104088751	G	A	0.545	0.1299	0.0775	1.6761290322580644	0.09383999999999999	2764	VBI_any
rs35702515	2	137542847	G	T	0.207	-0.0863	0.0726	-1.1887052341597797	0.2347	2764	VBI_any
rs13030994	2	146143090	G	A	0.4902	-0.0818	0.0575	-1.4226086956521737	0.1548	2764	VBI_any
rs1445649	2	155682556	T	C	0.5218	-0.0412	0.0586	-0.703072	0.4818	2764	VBI_any
rs12474587	2	162802993	G	T	0.4157	0.0719	0.057999999999999996	1.2396551724137932	0.2157	2764	VBI_any
rs6433897	2	182034448	T	C	0.7507	0.0106	0.067	0.158209	0.8744	2764	VBI_any
rs2107300	NA	NA	NA	NA	NA	NA	NA	NA	NA	NA	NA
rs4674993	2	226332033	A	G	0.1977	-0.0821	0.0756	-1.08598	0.2772	2764	VBI_any
rs11721059	3	5725560	C	T	0.4595	0.02	0.0593	0.3372681281618887	0.7355	2764	VBI_any
rs12632110	3	50224225	A	G	0.6552	0.0358	0.0612	0.584967	0.5589	2764	VBI_any
rs11712680	3	75009019	A	C	0.1745	0.1158	0.0785	1.47516	0.1406	2764	VBI_any
rs6788098	NA	NA	NA	NA	NA	NA	NA	NA	NA	NA	NA
rs7631735	3	85996562	G	T	0.5976	0.0543	0.0599	0.9065108514190318	0.3645	2764	VBI_any
rs1154693	3	117804154	A	G	0.8555	-0.1774	0.0816	-2.17402	0.029660000000000002	2764	VBI_any
rs292071	4	28456089	T	C	0.2675	0.1141	0.0645	1.76899	0.0767	2764	VBI_any
rs993700	4	67825894	T	C	0.7812	0.1309	0.07	1.87	0.061579999999999996	2764	VBI_any
rs1160685	NA	NA	NA	NA	NA	NA	NA	NA	NA	NA	NA
rs13145728	NA	NA	NA	NA	NA	NA	NA	NA	NA	NA	NA
rs10001365	4	147797214	G	A	0.3911	-0.0527	0.0597	-0.8827470686767168	0.3773	2764	VBI_any
rs6893752	5	60374912	A	G	0.7584	0.0201	0.0671	0.299553	0.7646	2764	VBI_any
rs4571506	5	87756918	C	T	0.4713	0.0126	0.0577	0.21837088388214904	0.8278	2764	VBI_any
rs12186738	5	103816655	G	T	0.154	-0.094	0.0818	-1.1491442542787287	0.2504	2764	VBI_any
rs72789632	5	106834363	C	T	0.1394	-0.0998	0.0846	-1.1796690307328606	0.2379	2764	VBI_any
rs1385108	5	154839646	C	T	0.2201	0.0248	0.0709	0.3497884344146685	0.7261	2764	VBI_any
rs4044321	5	166989513	A	G	0.6504	0.0265	0.0593	0.44688	0.6549	2764	VBI_any
rs222449	NA	NA	NA	NA	NA	NA	NA	NA	NA	NA	NA
rs10498846	6	67405337	C	T	0.5113	0.1067	0.057999999999999996	1.8396551724137933	0.06588	2764	VBI_any
rs9401770	6	98748008	G	A	0.2903	-0.0413	0.0653	-0.6324655436447167	0.5272	2764	VBI_any
rs3800227	6	108994161	A	G	0.7641	0.0781	0.0678	1.15192	0.2498	2764	VBI_any
rs240963	6	111644332	T	C	0.8435	0.0555	0.0806	0.688586	0.491	2764	VBI_any
rs4236259	7	1708080	T	G	0.5781	0.0175	0.0685	0.255474	0.7986	2764	VBI_any
rs10260968	7	1889773	G	A	0.592	0.0517	0.0586	0.8822525597269625	0.377	2764	VBI_any
rs13246563	NA	NA	NA	NA	NA	NA	NA	NA	NA	NA	NA
rs12112638	NA	NA	NA	NA	NA	NA	NA	NA	NA	NA	NA
rs11768481	NA	NA	NA	NA	NA	NA	NA	NA	NA	NA	NA
rs12333760	7	99185406	T	C	0.1725	-0.0819	0.0762	-1.0748	0.2829	2764	VBI_any
rs10233018	7	117523709	A	G	0.5055	0.1186	0.0586	2.02389	0.04312	2764	VBI_any
rs10279261	7	133589846	G	A	0.6154	-0.0013	0.0596	-0.02181208053691275	0.9824	2764	VBI_any
rs1565735	NA	NA	NA	NA	NA	NA	NA	NA	NA	NA	NA
rs13261666	8	59814666	G	T	0.5183	0.0668	0.0574	1.1637630662020906	0.244	2764	VBI_any
rs12545053	8	65073605	A	G	0.4037	0.0862	0.059000000000000004	1.46102	0.1441	2764	VBI_any
rs10956809	NA	NA	NA	NA	NA	NA	NA	NA	NA	NA	NA
rs1899896	8	93201036	C	T	0.3087	0.0383	0.0632	0.606012658227848	0.5448	2764	VBI_any
rs4543592	9	3014254	T	C	0.4849	-0.1064	0.0572	-1.86014	0.06271	2764	VBI_any
rs10114490	9	11070165	G	A	0.1996	0.0086	0.0719	0.11961057023643949	0.9045	2764	VBI_any
rs2378662	9	86707289	G	A	0.5397	0.0377	0.0611	0.6170212765957446	0.5373	2764	VBI_any
rs10905461	10	8803551	T	C	0.7385	0.0396	0.0656	0.603659	0.5464	2764	VBI_any
rs10159545	NA	NA	NA	NA	NA	NA	NA	NA	NA	NA	NA
rs7921378	NA	NA	NA	NA	NA	NA	NA	NA	NA	NA	NA
rs12356821	NA	NA	NA	NA	NA	NA	NA	NA	NA	NA	NA
rs9423279	NA	NA	NA	NA	NA	NA	NA	NA	NA	NA	NA
rs4523689	11	7950797	A	G	0.398	8e-4	0.0595	0.0134454	0.9892	2764	VBI_any
rs6265	11	27679916	C	T	0.1906	0.0351	0.073	0.4808219178082192	0.6309	2764	VBI_any
rs7929518	11	85980958	A	G	0.7549	0.0491	0.068	0.722059	0.4701	2764	VBI_any
rs7938812	11	112911004	T	G	0.3937	0.0184	0.0587	0.313458	0.7536	2764	VBI_any
rs11057005	12	16748721	A	G	0.4288	-0.0393	0.0583	-0.674099	0.5002	2764	VBI_any
rs4759228	NA	NA	NA	NA	NA	NA	NA	NA	NA	NA	NA
rs7969559	12	69655167	A	G	0.7007	-0.0548	0.0636	-0.861635	0.3885	2764	VBI_any
rs1971318	12	121389500	C	T	0.1633	-0.0435	0.0801	-0.543071161048689	0.5869	2764	VBI_any
rs3904512	13	38357471	G	A	0.4389	-0.0535	0.0576	-0.9288194444444444	0.3533	2764	VBI_any
rs9540729	NA	NA	NA	NA	NA	NA	NA	NA	NA	NA	NA
rs7322872	13	100548329	C	T	0.7897	-0.1669	0.0808	-2.0655940594059405	0.03893	2764	VBI_any
rs76214862	14	29500130	A	C	0.1796	0.0482	0.0752	0.640957	0.5216	2764	VBI_any
rs1435741	15	47935843	G	A	0.4321	-0.022000000000000002	0.0586	-0.3754266211604096	0.7072	2764	VBI_any
rs12441907	15	83922387	C	A	0.1862	-0.0016	0.0783	-0.020434227330779056	0.9834	2764	VBI_any
rs7197072	16	717085	C	T	0.2205	0.1655	0.0691	2.3950795947901593	0.01656	2764	VBI_any
rs12923427	16	17575065	C	T	0.2154	-0.0342	0.0696	-0.4913793103448276	0.6229	2764	VBI_any
rs4785836	16	65604652	T	C	0.3705	0.083	0.0605	1.3719	0.1704	2764	VBI_any
rs11658881	17	2072949	A	G	0.4357	0.017	0.0586	0.290102	0.7713	2764	VBI_any
rs11078713	17	7795972	A	G	0.4736	-0.0777	0.0689	-1.12772	0.2592	2764	VBI_any
rs7224742	17	30657058	C	T	0.586	-0.1097	0.059000000000000004	-1.859322033898305	0.06292	2764	VBI_any
rs72896886	NA	NA	NA	NA	NA	NA	NA	NA	NA	NA	NA
rs6508144	NA	NA	NA	NA	NA	NA	NA	NA	NA	NA	NA
rs11872397	18	72535282	G	A	0.2657	-0.0789	0.0709	-1.1128349788434413	0.2658	2764	VBI_any
rs76608582	NA	NA	NA	NA	NA	NA	NA	NA	NA	NA	NA
rs1555445	NA	NA	NA	NA	NA	NA	NA	NA	NA	NA	NA
rs56820925	20	54387374	C	T	0.3518	0.0023	0.0604	0.0380794701986755	0.9695	2764	VBI_any
rs117143374	21	40555561	T	C	0.1387	0.0277	0.0849	0.326266	0.7444	2764	VBI_any
rs134529	22	28781758	T	C	0.3638	0.0444	0.0599	0.741235	0.4584	2764	VBI_any
