$`Main MR results`
       Exposure       MR Analysis Causal Estimate        Sd     T-stat
1 beta.exposure               Raw       0.1565408 0.9975238  0.1569294
2 beta.exposure Outlier-corrected      -0.5857352 0.7306322 -0.8016827
    P-value
1 0.8756077
2 0.4246002

$`MR-PRESSO results`
$`MR-PRESSO results`$`Global Test`
$`MR-PRESSO results`$`Global Test`$RSSobs
[1] 237.7581

$`MR-PRESSO results`$`Global Test`$Pvalue
[1] "<1e-04"


$`MR-PRESSO results`$`Outlier Test`
          RSSobs  Pvalue
1   3.065159e-04       1
2   5.023533e-04       1
3   2.269094e-02       1
4   6.009484e-02       1
5   7.657141e-03       1
6   2.685144e-03       1
7   5.102845e-03       1
8   2.018008e-02       1
9   8.348454e-03       1
10  1.310117e-02       1
11  6.414716e-02       1
12  1.116540e-01       1
13  6.399394e-04       1
14  2.272031e-02       1
15  4.273121e-04       1
16  9.573062e-04       1
17  3.623688e-02       1
18  4.651114e-04       1
19  2.272261e-03       1
20  6.553635e-03       1
21  7.540340e-03       1
22  3.547153e-02       1
23  2.674075e-02       1
24  2.916725e-02       1
25  1.985694e-02       1
26  4.186747e-02       1
27  8.454765e-04       1
28  2.744181e-03       1
29  2.067339e-03       1
30  8.122703e-03       1
31  1.184871e-01       1
32  1.068769e-03       1
33  1.597048e-02       1
34  2.377236e-02       1
35  1.125478e-03       1
36  2.114182e-03       1
37  7.665396e-05       1
38  1.790828e-02       1
39  1.072274e-06       1
40  1.530313e-02       1
41  8.840843e-04       1
42  3.934142e-03       1
43  1.810538e-03       1
44  8.270364e-04       1
45  1.019589e-02       1
46  1.514322e-02       1
47  2.887188e-04       1
48  9.696306e-03       1
49  3.148996e-06       1
50  1.274034e-03       1
51  4.790254e-03       1
52  1.928119e-05       1
53  6.107208e-03       1
54  1.748629e-04       1
55  1.205609e-02       1
56  1.630459e-02       1
57  4.514413e-02       1
58  2.566194e-03       1
59  1.746487e-03       1
60  5.716871e-03       1
61  2.123070e+00 <0.0104
62  2.083596e-04       1
63  1.007985e-03       1
64  7.724145e-04       1
65  1.181258e-04       1
66  1.215578e-04       1
67  7.805442e-03       1
68  8.207791e-03       1
69  2.106862e-04       1
70  8.311839e-03       1
71  6.606120e-04       1
72  7.280253e-03       1
73  4.241454e-02  0.3536
74  3.978070e-03       1
75  5.718079e-01       1
76  1.335801e-02       1
77  7.961411e-03       1
78  5.138884e-03       1
79  1.387289e-03       1
80  1.490731e-04       1
81  5.414922e-03       1
82  1.147703e-05       1
83  1.766412e-02       1
84  2.009027e-02       1
85  4.194536e-03       1
86  8.802446e-02       1
87  1.853776e-03       1
88  9.169082e-04       1
89  4.618642e-03       1
90  1.265976e-02       1
91  4.198477e-03       1
92  2.378724e-03       1
93  1.409961e-04       1
94  1.289960e-01       1
95  1.966687e-02       1
96  3.219074e-03       1
97  3.011971e-06       1
98  1.594938e-03       1
99  8.579017e-05       1
100 1.455816e-02       1
101 3.254446e-02       1
102 5.114888e-02   0.572
103 7.999141e-03       1
104 1.189578e-02       1

$`MR-PRESSO results`$`Distortion Test`
$`MR-PRESSO results`$`Distortion Test`$`Outliers Indices`
[1] 61

$`MR-PRESSO results`$`Distortion Test`$`Distortion Coefficient`
beta.exposure 
     126.7255 

$`MR-PRESSO results`$`Distortion Test`$Pvalue
[1] 0.3115



