SNP	CHROM	POS	REF	ALT	AF	BETA	SE	Z	P	N	TRAIT
rs12027345	1	46239991	G	A	0.485499	-5.404e-4	0.005746	-0.09404803341454925	0.9251	3146	CSF_tau
rs10927035	1	243703982	C	T	0.63671	-0.006033	0.006293	-0.958684	0.3378	3146	CSF_tau
rs62188635	2	208082510	C	T	0.52243	0.005602	0.0061340000000000006	0.91327	0.3612	3146	CSF_tau
rs13093972	3	114987255	A	G	0.410857	0.006164	0.006116	1.0078482668410726	0.3136	3146	CSF_tau
rs55853808	3	182053946	A	G	0.170588	0.00229	0.008587000000000001	0.2666821940142075	0.7897	3146	CSF_tau
rs35414371	4	17530692	T	A	0.141219	0.006920999999999999	0.008296	0.8342574734811957	0.4042	3146	CSF_tau
rs10475169	5	2555514	A	C	0.126722	0.00725	0.008831	0.8209715773978032	0.4117	3146	CSF_tau
rs6453022	5	73076511	C	A	0.477856	0.004021	0.005581	0.72048	0.4712	3146	CSF_tau
rs306574	5	94049523	A	G	0.505087	-0.002066	0.0055780000000000005	-0.370384	0.7111	3146	CSF_tau
rs1928176	6	21968899	A	G	0.49582	0.001918	0.00609	0.31494252873563217	0.7529	3146	CSF_tau
rs217287	6	84407466	C	T	0.460436	-0.007737999999999999	0.005767	-1.341772151898734	0.1798	3146	CSF_tau
rs9493627	6	133789728	G	A	0.295926	0.001492	0.005953	0.25062993448681337	0.8022	3146	CSF_tau
rs2236401	6	158504981	C	T	0.500911	-0.007143	0.005668	-1.26023	0.2077	3146	CSF_tau
rs4947828	7	50805115	T	G	0.770334	-0.01467	0.006945999999999999	-2.11201	0.034839999999999996	3146	CSF_tau
rs9691831	7	138498348	A	G	0.559397	0.006327	0.006132	1.0318	0.3023	3146	CSF_tau
rs3890736	8	21532239	G	A	0.399126	0.008766	0.006193	1.4154690779912804	0.157	3146	CSF_tau
rs76837345	8	82668818	A	G	0.0622279	-0.002587	0.01182	-0.21886632825719118	0.8268	3146	CSF_tau
rs4948502	10	63839417	T	C	0.410247	4.5700000000000005e-4	0.005759	0.07935405452335476	0.9368	3146	CSF_tau
rs1097215	10	94787804	G	A	0.455754	0.007668	0.006164	1.2439974042829332	0.2136	3146	CSF_tau
rs55635402	11	8056913	A	G	0.218944	0.005757	0.007666	0.7509783459431255	0.4527	3146	CSF_tau
rs7951935	11	89030399	G	T	0.356336	0.00248	0.005937	0.4177193868957386	0.6761	3146	CSF_tau
rs12552	13	53625781	A	G	0.589422	-0.007395	0.0061649999999999995	-1.19951	0.2304	3146	CSF_tau
rs9517282	13	99059183	C	A	0.509815	-0.002895	0.006129	-0.472345	0.6367	3146	CSF_tau
rs1566129	14	52514912	T	C	0.642468	0.006127	0.005681	1.07851	0.2809	3146	CSF_tau
rs62033400	16	53811788	A	G	0.434617	0.00818	0.005863	1.3951901756779805	0.1631	3146	CSF_tau
rs12938775	17	2574821	G	A	0.475699	-0.010709999999999999	0.005944	-1.8018169582772543	0.0717	3146	CSF_tau
rs17671352	17	7127718	T	C	0.65	-0.009289	0.0057540000000000004	-1.61436	0.1065	3146	CSF_tau
rs4611552	18	52636091	T	C	0.235668	0.002545	0.006919	0.36782772076889725	0.713	3146	CSF_tau
rs132929	22	38487002	G	A	0.43607	0.0033200000000000005	0.005685	0.5839929639401936	0.5593	3146	CSF_tau
rs7525101	NA	NA	NA	NA	NA	NA	NA	NA	NA	NA	NA
rs13204736	NA	NA	NA	NA	NA	NA	NA	NA	NA	NA	NA
rs62646255	NA	NA	NA	NA	NA	NA	NA	NA	NA	NA	NA
rs1962104	NA	NA	NA	NA	NA	NA	NA	NA	NA	NA	NA
rs2270550	NA	NA	NA	NA	NA	NA	NA	NA	NA	NA	NA
rs11596052	NA	NA	NA	NA	NA	NA	NA	NA	NA	NA	NA
rs10901863	NA	NA	NA	NA	NA	NA	NA	NA	NA	NA	NA
rs141403654	NA	NA	NA	NA	NA	NA	NA	NA	NA	NA	NA
rs67307131	NA	NA	NA	NA	NA	NA	NA	NA	NA	NA	NA
rs62015206	NA	NA	NA	NA	NA	NA	NA	NA	NA	NA	NA
rs36062310	NA	NA	NA	NA	NA	NA	NA	NA	NA	NA	NA
