SNP	CHR	POS	Effect_allele	Non_Effect_allele	EAF	Beta	SE	P	r2	N	P_GC_MA_adj
rs10227687	7	38741626	A	G	0.586973	-0.0015	0.0023	0.7922	1.0909606377195001e-6	57372	0.79790159039036
rs1042725	12	66358347	T	C	0.512304	0.0017	0.0021	0.3932	1.44412497495552e-6	57573	0.406609574222724
rs10923030	1	88617883	T	C	0.228734	-2e-4	0.0028	0.8086	1.4113180579519999e-8	56905.96	0.813869723511294
rs114658808	NA	NA	NA	NA	NA	NA	NA	NA	NA	NA	NA
rs116258323	NA	NA	NA	NA	NA	NA	NA	NA	NA	NA	NA
rs116497462	NA	NA	NA	NA	NA	NA	NA	NA	NA	NA	NA
rs11677810	2	68066201	A	C	0.230859	0.007	0.0033	0.05169	1.7401185967662e-5	55529.8	0.0586082326481486
rs11718871	NA	NA	NA	NA	NA	NA	NA	NA	NA	NA	NA
rs11733695	NA	NA	NA	NA	NA	NA	NA	NA	NA	NA	NA
rs11940694	4	39414993	A	G	0.40515900000000005	-0.0039	0.0023	0.07313	7.33137771915198e-6	57484	0.0815531931779326
rs12473732	2	44118428	T	C	0.525593	-0.0038	0.0021	0.1352	7.20108355237688e-6	57547.97	0.146502742025246
rs1260326	2	27730940	T	C	0.40481999999999996	0.0138	0.0023	8.02e-14	9.1769519563488e-5	57622.93	3.85877323380713e-13
rs13056472	NA	NA	NA	NA	NA	NA	NA	NA	NA	NA	NA
rs13080764	NA	NA	NA	NA	NA	NA	NA	NA	NA	NA	NA
rs13107325	4	103188709	T	C	0.065445	-0.0119	0.0061	0.03411	1.7322288038359502e-5	48514	0.0394628364300075
rs144198753	NA	NA	NA	NA	NA	NA	NA	NA	NA	NA	NA
rs148382129	NA	NA	NA	NA	NA	NA	NA	NA	NA	NA	NA
rs16872457	8	106149928	A	G	0.164444	-0.0041	0.0035	0.3173	4.619460984447681e-6	48873	0.331067165835686
rs1691471	NA	NA	NA	NA	NA	NA	NA	NA	NA	NA	NA
rs1852686	2	145809250	T	C	0.680428	-7e-4	0.0023	0.2786	2.1309682207967997e-7	57575.64	0.292307317563206
rs186211825	NA	NA	NA	NA	NA	NA	NA	NA	NA	NA	NA
rs187725101	NA	NA	NA	NA	NA	NA	NA	NA	NA	NA	NA
rs199832508	NA	NA	NA	NA	NA	NA	NA	NA	NA	NA	NA
rs2101975	4	106216667	A	G	0.5587770000000001	0.0028	0.0021	0.2182	3.86582974376928e-6	57201	0.231390656081525
rs2119292	18	53082974	T	C	0.875947	-0.0038	0.0039	0.3991	3.1382120801560794e-6	48947	0.412459404481162
rs2371011	2	211514492	A	G	0.703403	-0.0033	0.003	0.1145	4.5439008426919794e-6	52808	0.125027775610615
rs3138496	NA	NA	NA	NA	NA	NA	NA	NA	NA	NA	NA
rs34174593	NA	NA	NA	NA	NA	NA	NA	NA	NA	NA	NA
rs35040843	NA	NA	NA	NA	NA	NA	NA	NA	NA	NA	NA
rs35069260	NA	NA	NA	NA	NA	NA	NA	NA	NA	NA	NA
rs4131382	2	173209097	T	C	0.594472	8e-4	0.0024	0.9407	3.0857605275648004e-7	56229.21	0.942360693388099
rs4739209	NA	NA	NA	NA	NA	NA	NA	NA	NA	NA	NA
rs4832509	NA	NA	NA	NA	NA	NA	NA	NA	NA	NA	NA
rs492602	19	49206417	A	G	0.534401	-0.0086	0.0021	1.139e-8	3.680494721175608e-5	57309.47	2.88194368719312e-8
rs4953148	NA	NA	NA	NA	NA	NA	NA	NA	NA	NA	NA
rs531322888	NA	NA	NA	NA	NA	NA	NA	NA	NA	NA	NA
rs535041692	NA	NA	NA	NA	NA	NA	NA	NA	NA	NA	NA
rs5546	2	40341388	T	C	0.814306	-0.003	0.0028	0.2345	2.7218112905520004e-6	57440	0.247888111887839
rs554894200	NA	NA	NA	NA	NA	NA	NA	NA	NA	NA	NA
rs55726529	NA	NA	NA	NA	NA	NA	NA	NA	NA	NA	NA
rs55938136	NA	NA	NA	NA	NA	NA	NA	NA	NA	NA	NA
rs576446781	NA	NA	NA	NA	NA	NA	NA	NA	NA	NA	NA
rs578102530	NA	NA	NA	NA	NA	NA	NA	NA	NA	NA	NA
rs6764067	NA	NA	NA	NA	NA	NA	NA	NA	NA	NA	NA
rs701455	15	46816049	A	G	0.530474	-0.0067	0.0022	0.02024	2.2361624485388722e-5	57647	0.0240249547930773
rs72771074	NA	NA	NA	NA	NA	NA	NA	NA	NA	NA	NA
rs74354286	NA	NA	NA	NA	NA	NA	NA	NA	NA	NA	NA
rs803809	NA	NA	NA	NA	NA	NA	NA	NA	NA	NA	NA
rs9372625	6	98344031	A	G	0.366739	0.0012	0.0023	0.8467	6.6885553693152e-7	57372.2	0.850949646403025
rs9607805	NA	NA	NA	NA	NA	NA	NA	NA	NA	NA	NA
rs9937062	NA	NA	NA	NA	NA	NA	NA	NA	NA	NA	NA
