$`Main MR results`
       Exposure       MR Analysis Causal Estimate       Sd     T-stat   P-value
1 beta.exposure               Raw        -870.858 1089.748 -0.7991372 0.4262044
2 beta.exposure Outlier-corrected              NA       NA         NA        NA

$`MR-PRESSO results`
$`MR-PRESSO results`$`Global Test`
$`MR-PRESSO results`$`Global Test`$RSSobs
[1] 148.2489

$`MR-PRESSO results`$`Global Test`$Pvalue
[1] 0.0012


$`MR-PRESSO results`$`Outlier Test`
         RSSobs Pvalue
1  7.145828e+03      1
2  8.079736e+03      1
3  1.052609e+04      1
4  5.066030e+04      1
5  1.882946e+04      1
6  6.781603e+00      1
7  3.616025e+03      1
8  2.114509e+04      1
9  4.185704e+03      1
10 1.752359e+02      1
11 4.152522e+03      1
12 2.299942e+05      1
13 3.736234e+05      1
14 2.219091e+05      1
15 1.288202e+05 0.5184
16 3.148008e+04      1
17 2.544202e+04      1
18 4.499515e+02      1
19 1.010436e+04      1
20 1.939203e+04      1
21 4.002789e+03      1
22 1.683859e+04      1
23 9.121539e+01      1
24 6.874077e+04      1
25 1.115831e+05 0.3744
26 6.382103e+04      1
27 3.287371e+04      1
28 4.089982e+04      1
29 2.715848e+03      1
30 1.249981e+06      1
31 1.006333e+03      1
32 4.454774e+04      1
33 3.979422e+05      1
34 1.291633e+04      1
35 2.669185e+05      1
36 3.237715e+04      1
37 8.522771e+01      1
38 1.216561e+06      1
39 4.183544e+04      1
40 4.305995e+04      1
41 1.454456e+04      1
42 4.258386e+02      1
43 4.125158e+04      1
44 3.812086e+04      1
45 9.045160e+03      1
46 2.143044e+04      1
47 8.373574e+04 0.9408
48 1.088707e+04      1
49 2.096267e+05      1
50 1.219045e+04      1
51 2.661346e+03      1
52 2.229470e+04      1
53 2.672670e+04      1
54 5.286696e+04      1
55 2.121508e+04      1
56 1.632846e+01      1
57 2.019233e+02      1
58 2.082262e+05      1
59 1.632698e+03      1
60 2.525042e+04      1
61 1.132036e+04      1
62 3.947901e+04      1
63 1.043614e+05      1
64 2.960835e+04      1
65 6.381638e+03      1
66 2.263389e+04      1
67 3.350591e+04      1
68 3.809980e+04      1
69 2.137449e+04      1
70 2.925126e+04      1
71 1.707072e+04      1
72 3.641041e+04      1
73 6.813774e+02      1
74 1.198011e+04      1
75 1.545376e+04      1
76 1.534074e+04      1
77 5.970923e+03      1
78 9.761315e+01      1
79 1.505539e+05      1
80 5.093410e+03      1
81 5.249162e+04      1
82 4.199026e+03      1
83 2.805379e+04      1
84 6.866064e+01      1
85 1.750603e+04      1
86 2.391801e+05      1
87 1.737390e+03      1
88 7.783163e+02      1
89 2.805801e+04      1
90 1.365585e+05      1
91 2.195221e+02      1
92 5.956046e+02      1
93 1.122397e+05 0.4896
94 1.873179e+04      1
95 6.098516e+03      1
96 9.118459e+03      1

$`MR-PRESSO results`$`Distortion Test`
$`MR-PRESSO results`$`Distortion Test`$`Outliers Indices`
[1] "No significant outliers"

$`MR-PRESSO results`$`Distortion Test`$`Distortion Coefficient`
[1] NA

$`MR-PRESSO results`$`Distortion Test`$Pvalue
[1] NA



