$`Main MR results`
       Exposure       MR Analysis Causal Estimate       Sd    T-stat   P-value
1 beta.exposure               Raw         57.5706 379.2202 0.1518131 0.8796941
2 beta.exposure Outlier-corrected        177.6378 327.2677 0.5427904 0.5887465

$`MR-PRESSO results`
$`MR-PRESSO results`$`Global Test`
$`MR-PRESSO results`$`Global Test`$RSSobs
[1] 156.4785

$`MR-PRESSO results`$`Global Test`$Pvalue
[1] "<1e-04"


$`MR-PRESSO results`$`Outlier Test`
         RSSobs  Pvalue
1  6.786477e+03       1
2  8.272752e+03       1
3  4.283205e+04       1
4  2.521502e+03       1
5  3.207152e+03       1
6  2.770332e+02       1
7  8.931759e+04  0.5074
8  6.322069e+02       1
9  7.447853e+03       1
10 5.645063e+04       1
11 6.736976e+03       1
12 4.983327e+04       1
13 1.168413e+04       1
14 4.557283e+04       1
15 7.184246e+01       1
16 1.539028e+04       1
17 9.179402e+04       1
18 4.264947e+04       1
19 8.362154e+02       1
20 1.197981e+02       1
21 4.143706e+05  0.0344
22 9.768512e+05 <0.0086
23 1.847972e+03       1
24 2.290894e+01       1
25 3.737073e+03       1
26 6.566563e+02       1
27 7.040765e+04       1
28 4.978267e+04       1
29 1.419077e+04       1
30 1.696905e+03       1
31 2.748561e+04       1
32 1.727649e+05  0.0258
33 3.372644e+04       1
34 6.857323e+03       1
35 1.387012e+03       1
36 6.887941e+03       1
37 8.464627e+04  0.7224
38 2.500617e+03       1
39 1.126857e+04       1
40 1.861790e+04       1
41 8.158809e+02       1
42 5.102936e+04       1
43 3.254211e+03       1
44 1.517340e+03       1
45 1.777397e+03       1
46 2.788398e+04       1
47 8.335002e+03       1
48 1.360652e+04       1
49 9.810858e+04  0.5418
50 6.665972e+03       1
51 4.223174e+03       1
52 1.144199e+04       1
53 3.009024e+05  0.3956
54 1.144470e+02       1
55 8.338358e+02       1
56 6.322605e+03       1
57 6.716340e+03       1
58 2.367067e+04       1
59 6.211390e+03       1
60 3.343814e+03       1
61 2.807169e+03       1
62 6.381762e+04       1
63 4.835585e+04       1
64 7.108685e+04       1
65 1.008867e+04       1
66 1.155623e+05       1
67 4.429305e+04       1
68 3.894814e+03       1
69 5.165955e-05       1
70 1.218315e+03       1
71 5.862526e+03       1
72 1.385147e+04       1
73 6.613136e+04       1
74 6.640580e+04       1
75 1.710867e+04       1
76 3.070507e+03       1
77 6.265371e+01       1
78 8.400742e+03       1
79 1.009523e+03       1
80 1.227461e+04       1
81 7.918793e+02       1
82 2.972192e+03       1
83 2.786418e+03       1
84 3.057644e+04       1
85 4.187146e+04       1
86 4.391279e+02       1

$`MR-PRESSO results`$`Distortion Test`
$`MR-PRESSO results`$`Distortion Test`$`Outliers Indices`
[1] 21 22 32

$`MR-PRESSO results`$`Distortion Test`$`Distortion Coefficient`
beta.exposure 
    -67.59101 

$`MR-PRESSO results`$`Distortion Test`$Pvalue
[1] 0.8197



