SNP	CHROM	POS	REF	ALT	AF	BETA	SE	Z	P	N	TRAIT
rs307359	1	1280014	A	G	0.9421	-0.0099	0.1362	-0.0726872	0.9421	2764	VBI_any
rs7796	NA	NA	NA	NA	NA	NA	NA	NA	NA	NA	NA
rs263532	1	2164116	T	C	0.4208	-0.0446	0.0587	-0.759796	0.4472	2764	VBI_any
rs2493291	1	3329384	C	T	0.1435	0.1364	0.0828	1.6473429951690821	0.09929	2764	VBI_any
rs11121483	1	6263792	A	G	0.3823	-0.0632	0.0702	-0.900285	0.3679	2764	VBI_any
rs9661802	1	6678864	A	C	0.3241	0.0803	0.0622	1.291	0.1966	2764	VBI_any
rs4406655	1	9205179	G	A	0.6026	0.0475	0.059000000000000004	0.8050847457627118	0.4203	2764	VBI_any
rs1890683	1	9441477	C	T	0.4268	-0.0352	0.0577	-0.6100519930675911	0.5423	2764	VBI_any
rs12402723	1	10480983	T	C	0.4762	0.1835	0.0623	2.94543	0.0032020000000000004	2764	VBI_any
rs17035646	1	10796547	G	A	0.3458	-0.0621	0.0611	-1.0163666121112929	0.3094	2764	VBI_any
rs17037452	1	11895675	A	G	0.1595	-0.0937	0.0788	-1.18909	0.2341	2764	VBI_any
rs7552400	1	16035892	A	G	0.2578	-0.057	0.0657	-0.86758	0.3852	2764	VBI_any
rs848309	1	16308447	T	C	0.5639	-0.0589	0.057999999999999996	-1.01552	0.3098	2764	VBI_any
rs150266910	1	23442265	C	T	0.1724	-0.0012	0.0755	-0.015894039735099338	0.9869	2764	VBI_any
rs77337131	1	26508037	T	C	0.0605	-0.082	0.1352	-0.606509	0.5441	2764	VBI_any
rs6598886	1	27849300	T	C	0.0856	-0.01	0.1052	-0.095057	0.9243	2764	VBI_any
rs143167197	1	28734372	A	G	0.0771	0.0185	0.11800000000000001	0.15678	0.8755	2764	VBI_any
rs4652875	NA	NA	NA	NA	NA	NA	NA	NA	NA	NA	NA
rs4360494	NA	NA	NA	NA	NA	NA	NA	NA	NA	NA	NA
rs28709301	1	39958470	C	T	0.9158	0.0373	0.1084	0.3440959409594096	0.7312	2764	VBI_any
rs11210029	1	41865293	A	G	0.372	-0.0997	0.0619	-1.61066	0.1074	2764	VBI_any
rs11210568	1	42514452	T	C	0.4367	0.0863	0.0567	1.52205	0.1281	2764	VBI_any
rs4660729	NA	NA	NA	NA	NA	NA	NA	NA	NA	NA	NA
rs512083	1	46027355	T	C	0.4655	0.001	0.0587	0.0170358	0.987	2764	VBI_any
rs17104533	1	49047146	T	C	0.1352	0.0811	0.0868	0.934332	0.3502	2764	VBI_any
rs1278516	1	50900021	G	A	0.1053	0.0932	0.0928	1.0043103448275863	0.3149	2764	VBI_any
rs10749689	NA	NA	NA	NA	NA	NA	NA	NA	NA	NA	NA
rs778124	1	56606206	G	A	0.3712	-0.0433	0.0601	-0.7204658901830282	0.47100000000000003	2764	VBI_any
rs61772592	1	56979681	A	G	0.1191	-0.0687	0.0901	-0.762486	0.4454	2764	VBI_any
rs2492321	1	59351446	G	A	0.2177	-0.0474	0.0691	-0.6859623733719248	0.4933	2764	VBI_any
rs17535443	1	59646056	G	A	0.2568	-0.015	0.066	-0.22727272727272727	0.8198	2764	VBI_any
rs333666	NA	NA	NA	NA	NA	NA	NA	NA	NA	NA	NA
rs949827	1	59841785	T	C	0.3058	0.0813	0.0629	1.29253	0.1959	2764	VBI_any
rs2499533	1	61880686	T	C	0.6579	-0.0131	0.0606	-0.216172	0.8285	2764	VBI_any
rs114403972	1	65924032	A	G	0.1421	-7e-4	0.1108	-0.00631769	0.9947	2764	VBI_any
rs20354	1	67071356	G	T	0.1377	0.0284	0.0819	0.3467643467643468	0.7290000000000001	2764	VBI_any
rs11162906	1	80500074	A	C	0.3603	0.0479	0.0593	0.807757	0.4191	2764	VBI_any
rs12034319	1	86040107	G	A	0.2181	-0.0479	0.07200000000000001	-0.6652777777777776	0.506	2764	VBI_any
rs385437	1	86822231	A	G	0.137	-0.0935	0.0889	-1.05174	0.293	2764	VBI_any
rs1856047	1	87897907	A	G	0.4488	0.1097	0.0575	1.90783	0.05634	2764	VBI_any
rs6695235	1	88620764	C	T	0.0892	0.1216	0.0978	1.243353783231084	0.2138	2764	VBI_any
rs786923	1	89242954	C	T	0.6233	-0.08199999999999999	0.0589	-1.392190152801358	0.1638	2764	VBI_any
rs17516329	NA	NA	NA	NA	NA	NA	NA	NA	NA	NA	NA
rs4604740	1	95789603	C	T	0.3173	-0.0447	0.0615	-0.7268292682926829	0.4675	2764	VBI_any
rs61785481	1	110497808	G	A	0.4063	0.0302	0.0609	0.49589490968801314	0.6204	2764	VBI_any
rs10776752	1	113044328	G	T	0.0691	0.2033	0.1144	1.777097902097902	0.07547000000000001	2764	VBI_any
rs12753188	1	114920097	T	C	0.2008	0.0667	0.0746	0.894102	0.3713	2764	VBI_any
rs59980837	1	115827266	G	T	0.0196	0.1355	0.2233	0.606806986117331	0.5441	2764	VBI_any
rs9428218	NA	NA	NA	NA	NA	NA	NA	NA	NA	NA	NA
rs17024064	NA	NA	NA	NA	NA	NA	NA	NA	NA	NA	NA
rs11585169	NA	NA	NA	NA	NA	NA	NA	NA	NA	NA	NA
rs7521837	1	154252860	T	C	0.25	-0.0125	0.0664	-0.188253	0.8508	2764	VBI_any
rs1185700	1	156450719	G	A	0.2324	-0.0055	0.0702	-0.07834757834757834	0.937	2764	VBI_any
rs12138150	1	169098738	C	T	0.3939	-0.0913	0.0596	-1.5318791946308725	0.1251	2764	VBI_any
rs12075807	1	172019583	A	G	0.4371	0.0779	0.057	1.36667	0.1717	2764	VBI_any
rs12118102	1	176634724	A	G	0.0549	-0.2896	0.1337	-2.16604	0.030260000000000002	2764	VBI_any
rs12739010	NA	NA	NA	NA	NA	NA	NA	NA	NA	NA	NA
rs3753802	NA	NA	NA	NA	NA	NA	NA	NA	NA	NA	NA
rs1043069	1	180859368	T	G	0.3614	0.0152	0.063	0.24127	0.8092	2764	VBI_any
rs2862067	NA	NA	NA	NA	NA	NA	NA	NA	NA	NA	NA
rs10912438	NA	NA	NA	NA	NA	NA	NA	NA	NA	NA	NA
rs4559481	1	193526470	A	G	0.5144	0.0237	0.0584	0.405822	0.6848	2764	VBI_any
rs1337005	1	197265641	C	T	0.4768	-0.0021	0.0572	-0.03671328671328671	0.9711	2764	VBI_any
rs536070	1	201748800	T	C	0.39	0.0072	0.0594	0.121212	0.9042	2764	VBI_any
rs2242199	NA	NA	NA	NA	NA	NA	NA	NA	NA	NA	NA
rs558248	1	208047435	G	A	0.6076	-0.1079	0.0587	-1.8381601362862008	0.06619	2764	VBI_any
rs669694	NA	NA	NA	NA	NA	NA	NA	NA	NA	NA	NA
rs17042848	NA	NA	NA	NA	NA	NA	NA	NA	NA	NA	NA
rs12562496	1	217786855	G	A	0.1665	0.009000000000000001	0.0803	0.11207970112079703	0.9107	2764	VBI_any
rs2820443	1	219753509	T	C	0.282	-0.0085	0.0649	-0.130971	0.8958	2764	VBI_any
rs2807861	1	221062269	A	G	0.2502	-0.0338	0.0683	-0.494876	0.6201	2764	VBI_any
rs6665016	1	226607416	G	A	0.2001	0.0517	0.0739	0.6995940460081191	0.4846	2764	VBI_any
rs57657087	NA	NA	NA	NA	NA	NA	NA	NA	NA	NA	NA
rs2493134	1	230849359	T	C	0.4039	0.0384	0.0589	0.651952	0.5145	2764	VBI_any
rs10910470	1	234726101	C	T	0.1998	-0.1032	0.081	-1.2740740740740741	0.2026	2764	VBI_any
rs4926499	NA	NA	NA	NA	NA	NA	NA	NA	NA	NA	NA
rs300753	2	209622	C	T	0.5448	0.1063	0.0583	1.823327615780446	0.06836	2764	VBI_any
rs2175337	2	9298590	C	A	0.6166	-0.0566	0.0607	-0.9324546952224053	0.3511	2764	VBI_any
rs1344652	2	19731180	A	G	0.6923	-0.0587	0.0622	-0.94373	0.3454	2764	VBI_any
rs6531174	NA	NA	NA	NA	NA	NA	NA	NA	NA	NA	NA
rs62111832	2	19850924	G	A	0.0661	-0.0071	0.1219	-0.05824446267432322	0.9538	2764	VBI_any
rs7255	2	20878820	T	C	0.5355	-0.0025	0.0574	-0.043554	0.9652	2764	VBI_any
rs10779936	2	23950200	G	A	0.7237	0.0737	0.066	1.1166666666666667	0.2637	2764	VBI_any
rs2384063	2	25187115	C	T	0.8299	0.0305	0.0802	0.3802992518703242	0.7033	2764	VBI_any
rs1554902	2	26835397	C	A	0.5079	0.040999999999999995	0.07200000000000001	0.5694444444444443	0.5694	2764	VBI_any
rs1275988	2	26914364	C	T	0.6145	0.0139	0.059000000000000004	0.23559322033898303	0.8143	2764	VBI_any
rs10196039	2	27971195	C	T	0.5307	0.1217	0.0585	2.08034188034188	0.03752	2764	VBI_any
rs7562	2	28635740	T	C	0.466	-0.0512	0.0601	-0.851913	0.3947	2764	VBI_any
rs1545552	2	33360338	A	G	0.6958	-0.0189	0.0619	-0.305331	0.7597	2764	VBI_any
rs756203	2	36686673	A	G	0.2346	0.0205	0.0699	0.293276	0.769	2764	VBI_any
rs6734118	2	37559355	C	A	0.2232	-0.0595	0.0689	-0.8635703918722786	0.3877	2764	VBI_any
rs4952406	2	40562430	T	C	0.3536	-0.1128	0.0631	-1.78764	0.07397000000000001	2764	VBI_any
rs115262049	NA	NA	NA	NA	NA	NA	NA	NA	NA	NA	NA
rs6544652	2	43626212	C	T	0.2386	0.0054	0.0676	0.07988165680473373	0.9368	2764	VBI_any
rs11690961	2	46363336	A	C	0.1122	0.0302	0.08900000000000001	0.339326	0.7341	2764	VBI_any
rs72799236	NA	NA	NA	NA	NA	NA	NA	NA	NA	NA	NA
rs11125543	2	54847675	C	A	0.5733	0.0809	0.0579	1.3972366148531952	0.1623	2764	VBI_any
rs11899888	2	56102744	A	G	0.1469	-0.0022	0.0838	-0.026253	0.9786	2764	VBI_any
rs6730325	2	59315828	G	A	0.6146	-0.0267	0.06	-0.44500000000000006	0.6562	2764	VBI_any
rs925484	NA	NA	NA	NA	NA	NA	NA	NA	NA	NA	NA
rs6735330	2	61731478	G	A	0.1426	-0.0208	0.0835	-0.2491017964071856	0.8029	2764	VBI_any
rs111742389	2	64023194	A	G	0.0299	-0.1767	0.2035	-0.868305	0.3853	2764	VBI_any
rs2540951	2	65276736	A	G	0.3883	-0.0411	0.0602	-0.682724	0.4945	2764	VBI_any
rs268882	2	65502802	G	A	0.8469	0.0253	0.08	0.31625	0.7514	2764	VBI_any
rs2300481	2	66782467	C	T	0.3943	-0.0793	0.0608	-1.3042763157894737	0.1921	2764	VBI_any
rs6731373	2	68503044	G	A	0.347	-0.0372	0.0642	-0.5794392523364487	0.5625	2764	VBI_any
rs7578166	2	71630041	A	C	0.6152	-0.0405	0.0587	-0.689949	0.4905	2764	VBI_any
rs11689667	2	85491365	T	C	0.4616	0.0464	0.0587	0.79046	0.4287	2764	VBI_any
rs749579	2	86448408	A	G	0.8801	0.0516	0.0879	0.587031	0.5573	2764	VBI_any
rs7058	2	96917588	T	G	0.5332	0.0016	0.0578	0.0276817	0.9782	2764	VBI_any
rs111495538	2	97503747	C	T	0.0142	0.4647	0.3196	1.4540050062578223	0.1459	2764	VBI_any
rs6747874	2	101578489	G	A	0.2179	-0.0878	0.0693	-1.266955266955267	0.2054	2764	VBI_any
rs34493126	2	105992862	A	G	0.3872	-0.0081	0.0591	-0.137056	0.8904	2764	VBI_any
rs150194832	NA	NA	NA	NA	NA	NA	NA	NA	NA	NA	NA
rs4848110	2	121471536	C	T	0.2427	-0.1188	0.0699	-1.6995708154506437	0.08907999999999999	2764	VBI_any
rs11692478	NA	NA	NA	NA	NA	NA	NA	NA	NA	NA	NA
rs17346462	2	137920564	G	A	0.3443	0.0355	0.0601	0.5906821963394342	0.5554	2764	VBI_any
rs79656279	2	144174700	A	G	0.1426	0.1427	0.0862	1.65545	0.09758	2764	VBI_any
rs13403907	2	145222038	A	G	0.1228	-0.122	0.0917	-1.33043	0.1835	2764	VBI_any
rs6722890	NA	NA	NA	NA	NA	NA	NA	NA	NA	NA	NA
rs4664080	2	152978341	G	A	0.4121	0.0394	0.0588	0.6700680272108843	0.5025	2764	VBI_any
rs3811569	2	153495666	G	T	0.1545	-0.0072	0.0817	-0.08812729498164015	0.9296	2764	VBI_any
rs55732192	2	162278233	G	T	0.0946	-0.0216	0.1008	-0.2142857142857143	0.83	2764	VBI_any
rs72874178	2	164924573	G	A	0.2422	-0.1231	0.0696	-1.7686781609195403	0.07716	2764	VBI_any
rs75758489	2	165043823	T	C	0.1133	0.0164	0.1221	0.134316	0.8933	2764	VBI_any
rs10195252	2	165513091	T	C	0.3998	0.1103	0.0587	1.87905	0.06017	2764	VBI_any
rs560887	2	169763148	T	C	0.7078	0.0268	0.0623	0.430177	0.6663	2764	VBI_any
rs151054210	2	172381487	G	A	0.181	-0.024	0.0759	-0.31620553359683795	0.7515	2764	VBI_any
rs11695888	NA	NA	NA	NA	NA	NA	NA	NA	NA	NA	NA
rs72914576	NA	NA	NA	NA	NA	NA	NA	NA	NA	NA	NA
rs1452049	2	175676711	T	C	0.3892	-0.0429	0.0685	-0.626277	0.5309	2764	VBI_any
rs11888604	2	177004026	C	T	0.258	0.2355	0.0687	3.427947598253275	6.041e-4	2764	VBI_any
rs62173678	2	178012740	C	T	0.1388	0.0019	0.0947	0.02006335797254488	0.9837	2764	VBI_any
rs1837164	NA	NA	NA	NA	NA	NA	NA	NA	NA	NA	NA
rs80271311	2	179734144	C	T	0.0508	0.0086	0.1552	0.055412371134020616	0.9559	2764	VBI_any
rs10497529	2	179839888	G	A	0.0384	-0.3799	0.1723	-2.204875217643645	0.0275	2764	VBI_any
rs76381001	2	179951969	T	C	0.017	-0.0718	0.2731	-0.262907	0.7925	2764	VBI_any
rs56351245	2	180741372	A	G	0.275	-0.003	0.0727	-0.0412655	0.9666	2764	VBI_any
rs6732308	2	182996188	A	G	0.2012	-0.0321	0.0741	-0.433198	0.6648	2764	VBI_any
rs7602025	2	185052062	G	A	0.537	-0.0388	0.057	-0.6807017543859649	0.496	2764	VBI_any
rs10186776	2	186975639	T	C	0.1801	0.0613	0.0744	0.823925	0.4095	2764	VBI_any
rs11901929	2	189643316	A	G	0.6645	-0.0826	0.0608	-1.35855	0.1745	2764	VBI_any
rs7603849	2	191438741	A	C	0.5159	-0.0099	0.0569	-0.173989	0.86240000000000006	2764	VBI_any
rs2280452	NA	NA	NA	NA	NA	NA	NA	NA	NA	NA	NA
rs295118	2	201144004	C	T	0.5989	0.0685	0.0596	1.1493288590604027	0.2503	2764	VBI_any
rs1469760	2	204125426	T	C	0.3898	-0.057	0.0611	-0.932897	0.3505	2764	VBI_any
rs1320929	2	208000822	G	A	0.4209	-0.0412	0.0579	-0.7115716753022453	0.4771	2764	VBI_any
rs3845811	NA	NA	NA	NA	NA	NA	NA	NA	NA	NA	NA
rs16844058	2	210868224	A	G	0.0215	-0.2773	0.2792	-0.993195	0.3205	2764	VBI_any
rs1047891	2	211540507	C	A	0.3106	0.0304	0.0685	0.4437956204379562	0.6567	2764	VBI_any
rs7562228	2	213169190	A	G	0.7035	0.0055	0.0624	0.088141	0.9301	2764	VBI_any
rs1250259	NA	NA	NA	NA	NA	NA	NA	NA	NA	NA	NA
rs6435942	2	217425937	T	G	0.6573	-0.0729	0.0585	-1.24615	0.2126	2764	VBI_any
rs4674114	2	217659266	A	G	0.806	-0.0746	0.07200000000000001	-1.03611	0.2999	2764	VBI_any
rs2161967	2	218680529	T	G	0.5725	-0.0575	0.0596	-0.964765	0.3345	2764	VBI_any
rs2891076	2	219184398	C	T	0.617	-0.0489	0.0609	-0.8029556650246304	0.4216	2764	VBI_any
rs907683	2	220299541	G	T	0.6023	-0.0793	0.0846	-0.9373522458628841	0.3481	2764	VBI_any
rs13423088	NA	NA	NA	NA	NA	NA	NA	NA	NA	NA	NA
rs4441458	2	228293218	T	C	0.7143	-0.0204	0.0638	-0.319749	0.7494	2764	VBI_any
rs3754944	2	231279616	C	A	0.5907	-0.0014	0.0582	-0.024054982817869414	0.9812	2764	VBI_any
rs12478520	2	232065307	G	A	0.2365	-0.0199	0.0705	-0.2822695035460993	0.7782	2764	VBI_any
rs3792095	2	234238949	G	A	0.0623	-0.0496	0.1258	-0.3942766295707472	0.6935	2764	VBI_any
rs12052878	2	238227594	G	A	0.3199	0.0932	0.0627	1.4864433811802231	0.13699999999999998	2764	VBI_any
rs3769072	NA	NA	NA	NA	NA	NA	NA	NA	NA	NA	NA
rs1995496	2	242445336	A	G	0.5528	0.0402	0.0593	0.677909	0.4976	2764	VBI_any
rs74621754	3	8496371	G	A	0.058	-0.8457	0.6951	-1.2166594734570564	0.2237	2764	VBI_any
rs9848170	NA	NA	NA	NA	NA	NA	NA	NA	NA	NA	NA
rs729639	3	13826854	T	C	0.6487	-0.0111	0.0603	-0.18408	0.8545	2764	VBI_any
rs4685081	NA	NA	NA	NA	NA	NA	NA	NA	NA	NA	NA
rs13070927	3	14919646	G	T	0.5168	0.0087	0.0578	0.15051903114186851	0.8799	2764	VBI_any
rs189267552	NA	NA	NA	NA	NA	NA	NA	NA	NA	NA	NA
rs2055120	3	27548040	A	G	0.0254	-0.0781	0.2028	-0.385108	0.7003	2764	VBI_any
rs75487052	NA	NA	NA	NA	NA	NA	NA	NA	NA	NA	NA
rs12638085	NA	NA	NA	NA	NA	NA	NA	NA	NA	NA	NA
rs11710131	3	37282685	G	A	0.3943	-0.0343	0.0599	-0.5726210350584306	0.5666	2764	VBI_any
rs2433338	3	37601737	T	C	0.497	0.1382	0.0608	2.27303	0.02313	2764	VBI_any
rs7427574	NA	NA	NA	NA	NA	NA	NA	NA	NA	NA	NA
rs6801957	3	38767315	T	C	0.5982	-0.0991	0.0591	-1.67682	0.09371	2764	VBI_any
rs6788984	3	41107173	A	G	0.157	0.105	0.0789	1.3308	0.1831	2764	VBI_any
rs9839213	3	41918992	T	C	0.832	0.0317	0.0781	0.40589	0.6848	2764	VBI_any
rs141979279	3	44858131	T	C	0.051	0.1036	0.1312	0.789634	0.4297	2764	VBI_any
rs139409346	3	46857327	G	A	0.0535	-0.0631	0.1394	-0.4526542324246772	0.6507	2764	VBI_any
rs6771917	3	48108442	T	C	0.7255	-0.0297	0.0672	-0.441964	0.6587	2764	VBI_any
rs10433615	3	52638482	C	T	0.3934	-0.0804	0.06	-1.34	0.1802	2764	VBI_any
rs1547950	3	53568283	T	C	0.4677	-0.1305	0.0603	-2.16418	0.03047	2764	VBI_any
rs79321841	NA	NA	NA	NA	NA	NA	NA	NA	NA	NA	NA
rs10865981	3	54003534	A	C	0.0899	0.1311	0.1044	1.25575	0.2094	2764	VBI_any
rs4681869	3	58573534	C	T	0.4864	-0.0022	0.0575	-0.03826086956521739	0.9690000000000001	2764	VBI_any
rs2241823	3	63965093	C	A	0.3193	0.0096	0.0616	0.1558441558441558	0.8764	2764	VBI_any
rs7630745	3	66427029	T	C	0.3454	0.0412	0.0598	0.688963	0.4908	2764	VBI_any
rs62253186	NA	NA	NA	NA	NA	NA	NA	NA	NA	NA	NA
rs12634194	NA	NA	NA	NA	NA	NA	NA	NA	NA	NA	NA
rs62257174	3	70948149	G	A	0.3017	0.057999999999999996	0.0622	0.932475884244373	0.3511	2764	VBI_any
rs729448	3	73260545	G	A	0.5436	-0.0275	0.0617	-0.44570502431118314	0.6553	2764	VBI_any
rs9835724	3	84964976	A	G	0.3432	-0.036	0.0597	-0.603015	0.5466	2764	VBI_any
rs9860290	3	99839106	G	A	0.1961	-0.0086	0.0715	-0.1202797202797203	0.9046	2764	VBI_any
rs6763166	3	105765452	A	G	0.0389	-0.0727	0.1571	-0.462763	0.6437	2764	VBI_any
rs1882289	3	114461208	G	A	0.8866	0.0262	0.0919	0.2850924918389554	0.7753	2764	VBI_any
rs1806656	NA	NA	NA	NA	NA	NA	NA	NA	NA	NA	NA
rs6806529	3	123049938	A	C	0.5701	-0.0133	0.0582	-0.228522	0.8186	2764	VBI_any
rs12631961	3	124561848	C	T	0.4159	0.0231	0.0585	0.39487179487179486	0.6932	2764	VBI_any
rs60672471	3	128125718	T	C	0.1062	-0.0314	0.0957	-0.328109	0.7426	2764	VBI_any
rs62270945	3	128201889	C	T	0.0208	0.2944	0.2705	1.088354898336414	0.2764	2764	VBI_any
rs11915143	3	133985901	G	A	0.4195	0.0603	0.0603	1	0.3178	2764	VBI_any
rs632251	3	135951491	G	A	0.5304	-0.0567	0.0579	-0.9792746113989638	0.3273	2764	VBI_any
rs73230648	3	141628963	A	C	0.1782	-0.0966	0.0774	-1.24806	0.2118	2764	VBI_any
rs62278541	3	142631909	A	G	0.3572	-0.0024	0.0607	-0.0395387	0.9689	2764	VBI_any
rs9851265	3	149667426	C	A	0.3251	0.1131	0.0611	1.8510638297872342	0.06437000000000001	2764	VBI_any
rs62271373	NA	NA	NA	NA	NA	NA	NA	NA	NA	NA	NA
rs677910	3	151872154	A	G	0.1524	-0.0992	0.0838	-1.18377	0.2364	2764	VBI_any
rs78808205	NA	NA	NA	NA	NA	NA	NA	NA	NA	NA	NA
rs9833313	NA	NA	NA	NA	NA	NA	NA	NA	NA	NA	NA
rs56213443	3	160309043	C	A	0.5348	-0.0097	0.057999999999999996	-0.16724137931034486	0.8668	2764	VBI_any
rs9835962	3	168693089	C	A	0.0759	0.1303	0.1061	1.22808671065033	0.2194	2764	VBI_any
rs1918973	3	169165173	A	G	0.535	0.057	0.0601	0.948419	0.3422	2764	VBI_any
rs12630450	3	169480204	A	G	0.2549	0.1387	0.075	1.84933	0.06436	2764	VBI_any
rs7620815	NA	NA	NA	NA	NA	NA	NA	NA	NA	NA	NA
rs4894535	3	171995605	C	T	0.1584	0.1457	0.0774	1.8824289405684755	0.059789999999999996	2764	VBI_any
rs73171158	3	176927949	T	C	0.5509	0.0873	0.0706	1.23654	0.2163	2764	VBI_any
rs263017	3	183503017	A	G	0.5158	0.0704	0.057999999999999996	1.21379	0.2244	2764	VBI_any
rs9855673	3	186207805	T	G	0.4788	-0.0112	0.0593	-0.18887	0.8499	2764	VBI_any
rs3821817	NA	NA	NA	NA	NA	NA	NA	NA	NA	NA	NA
rs1773242	NA	NA	NA	NA	NA	NA	NA	NA	NA	NA	NA
rs1250129	4	1254930	A	G	0.9004	-0.1443	0.0944	-1.5286	0.1265	2764	VBI_any
rs231708	NA	NA	NA	NA	NA	NA	NA	NA	NA	NA	NA
rs2498323	4	3451109	G	A	0.1013	-0.11	0.0974	-1.1293634496919918	0.259	2764	VBI_any
rs4689163	4	7762356	G	A	0.7613	0.0263	0.0681	0.3861967694566814	0.6995	2764	VBI_any
rs3796822	NA	NA	NA	NA	NA	NA	NA	NA	NA	NA	NA
rs4303974	4	15375984	C	A	0.2692	0.0245	0.0643	0.38102643856920687	0.7033	2764	VBI_any
rs11730129	4	16032948	T	C	0.79990000000000006	0.0702	0.0785	0.894268	0.3713	2764	VBI_any
rs2610990	4	18008232	A	G	0.7382	0.1887	0.0665	2.83759	0.004574	2764	VBI_any
rs10008976	4	23954387	C	T	0.2989	0.0748	0.066	1.1333333333333333	0.2575	2764	VBI_any
rs7680738	4	26306354	C	T	0.0872	-0.0059	0.1152	-0.051215277777777776	0.9591	2764	VBI_any
rs28702684	NA	NA	NA	NA	NA	NA	NA	NA	NA	NA	NA
rs73235665	4	40658559	C	T	0.2298	0.0502	0.1007	0.4985104270109236	0.6178	2764	VBI_any
rs192698266	NA	NA	NA	NA	NA	NA	NA	NA	NA	NA	NA
rs2102397	4	48656326	A	C	0.52	-0.0062	0.0632	-0.0981013	0.9216	2764	VBI_any
rs61794248	NA	NA	NA	NA	NA	NA	NA	NA	NA	NA	NA
rs60991988	4	54801228	T	G	0.0999	0.024	0.0997	0.240722	0.8099	2764	VBI_any
rs6851147	NA	NA	NA	NA	NA	NA	NA	NA	NA	NA	NA
rs62308665	4	56477797	C	T	0.2683	0.0356	0.0646	0.5510835913312693	0.5812	2764	VBI_any
rs193401	4	73737676	C	T	0.8948	-0.016	0.0929	-0.1722282023681378	0.8629	2764	VBI_any
rs28418670	NA	NA	NA	NA	NA	NA	NA	NA	NA	NA	NA
rs10857147	NA	NA	NA	NA	NA	NA	NA	NA	NA	NA	NA
rs6823199	4	83925895	T	C	0.2689	0.0375	0.0651	0.576037	0.5649	2764	VBI_any
rs17010957	4	86719165	T	C	0.13	0.0707	0.0864	0.818287	0.4136	2764	VBI_any
rs13149209	4	89750668	T	C	0.2269	0.1231	0.0678	1.81563	0.06966	2764	VBI_any
rs4699299	4	95501166	T	C	0.111	0.0884	0.1319	0.670205	0.5027	2764	VBI_any
rs35716337	4	95862384	C	T	0.2556	-0.0682	0.0655	-1.0412213740458014	0.298	2764	VBI_any
rs1229984	4	100239319	T	C	0.9514	-0.025	0.1613	-0.154991	0.8767	2764	VBI_any
rs11732443	NA	NA	NA	NA	NA	NA	NA	NA	NA	NA	NA
rs223408	NA	NA	NA	NA	NA	NA	NA	NA	NA	NA	NA
rs10008936	4	105321464	A	G	0.7055	0.1323	0.0671	1.97168	0.0485	2764	VBI_any
rs2726478	NA	NA	NA	NA	NA	NA	NA	NA	NA	NA	NA
rs56388530	4	106910958	C	T	0.7202	0.08	0.0758	1.0554089709762533	0.2913	2764	VBI_any
rs12503104	4	109062510	C	T	0.4551	-0.1867	0.0594	-3.143097643097643	0.001684	2764	VBI_any
rs13118687	4	111406496	G	A	0.4533	-0.0373	0.0586	-0.636518771331058	0.5248	2764	VBI_any
rs77301788	4	120935531	T	C	0.3096	0.0504	0.0632	0.797468	0.4252	2764	VBI_any
rs10027654	4	124678583	C	T	0.2544	-0.1178	0.0663	-1.7767722473604828	0.07567	2764	VBI_any
rs10010247	4	138466213	T	C	0.4149	0.0012	0.0596	0.0201342	0.9842	2764	VBI_any
rs12647238	4	144062657	T	G	0.478	-0.0658	0.0592	-1.11149	0.2663	2764	VBI_any
rs11933087	NA	NA	NA	NA	NA	NA	NA	NA	NA	NA	NA
rs77866798	4	146660884	A	G	0.1333	0.1108	0.09699999999999999	1.14227	0.2534	2764	VBI_any
rs4835266	4	146821725	T	C	0.4815	0.0051	0.0619	0.082391	0.9341	2764	VBI_any
rs7676356	4	147174997	G	A	0.1035	0.226	0.0956	2.3640167364016738	0.0181	2764	VBI_any
rs10305838	4	148400256	T	C	0.1387	-0.0332	0.0843	-0.393832	0.6942	2764	VBI_any
rs10002709	4	151156761	C	A	0.3362	0.0044	0.0615	0.07154471544715447	0.9428	2764	VBI_any
rs6858070	4	153007480	G	A	0.7233	-0.1024	0.0662	-1.5468277945619338	0.1216	2764	VBI_any
rs17028932	4	153415654	T	C	0.3135	0.0158	0.0639	0.247261	0.8051	2764	VBI_any
rs4691670	4	156403247	C	T	0.5401	0.0864	0.0577	1.4974003466204506	0.1346	2764	VBI_any
rs3796584	4	156641047	G	A	0.3707	0.0208	0.0591	0.3519458544839255	0.7251	2764	VBI_any
rs17035181	4	157678511	T	G	0.1487	0.0824	0.0798	1.03258	0.3017	2764	VBI_any
rs78154062	4	160139077	G	A	0.0404	-0.1661	0.1607	-1.0336029869321717	0.3013	2764	VBI_any
rs999958	4	169698873	C	A	0.4895	-0.0556	0.0581	-0.9569707401032702	0.3388	2764	VBI_any
rs67846163	4	174656889	A	G	0.2047	-0.0742	0.0777	-0.954955	0.3394	2764	VBI_any
rs2242652	5	1280028	G	A	0.2101	-0.0445	0.0974	-0.4568788501026694	0.6476	2764	VBI_any
rs17814286	5	7454862	A	G	0.267	0.0178	0.0671	0.265276	0.7907	2764	VBI_any
rs7707563	5	15695932	T	C	0.7606	-0.035	0.0696	-0.502874	0.6147	2764	VBI_any
rs7733331	5	32828846	T	C	0.6081	0.024	0.0592	0.405405	0.6846	2764	VBI_any
rs10941043	NA	NA	NA	NA	NA	NA	NA	NA	NA	NA	NA
rs112197024	NA	NA	NA	NA	NA	NA	NA	NA	NA	NA	NA
rs7710854	5	43824677	A	G	0.0828	0.0039	0.1129	0.0345438	0.9722	2764	VBI_any
rs6866995	5	44976847	T	C	0.2063	0.0864	0.07	1.23429	0.217	2764	VBI_any
rs10939913	NA	NA	NA	NA	NA	NA	NA	NA	NA	NA	NA
rs6867399	5	52135543	C	A	0.2682	-0.078	0.0712	-1.095505617977528	0.2734	2764	VBI_any
rs13181406	NA	NA	NA	NA	NA	NA	NA	NA	NA	NA	NA
rs1694068	NA	NA	NA	NA	NA	NA	NA	NA	NA	NA	NA
rs464605	5	55807370	C	T	0.7444	0.0071	0.0675	0.10518518518518519	0.9167	2764	VBI_any
rs13154549	5	61944322	A	G	0.0731	-0.0062	0.1094	-0.0566728	0.9546	2764	VBI_any
rs9291825	5	64084524	A	G	0.5164	0.015	0.0581	0.258176	0.7962	2764	VBI_any
rs467093	NA	NA	NA	NA	NA	NA	NA	NA	NA	NA	NA
rs6897790	5	67802931	C	T	0.5326	0.0638	0.0593	1.075885328836425	0.2821	2764	VBI_any
rs26683	NA	NA	NA	NA	NA	NA	NA	NA	NA	NA	NA
rs6866175	5	71089718	C	T	0.2295	0.10300000000000001	0.0851	1.210340775558167	0.226	2764	VBI_any
rs72761109	5	71506529	C	T	0.2949	0.0722	0.0631	1.144215530903328	0.2523	2764	VBI_any
rs4443403	5	72654304	T	C	0.092	-0.0055	0.1024	-0.0537109	0.9572	2764	VBI_any
rs258495	NA	NA	NA	NA	NA	NA	NA	NA	NA	NA	NA
rs10076149	NA	NA	NA	NA	NA	NA	NA	NA	NA	NA	NA
rs10078484	5	80679150	C	A	0.3357	0.0618	0.0627	0.985645933014354	0.3245	2764	VBI_any
rs6452769	5	87389027	G	A	0.2027	-0.0868	0.0724	-1.1988950276243093	0.2304	2764	VBI_any
rs12523056	5	90262475	T	C	0.3878	-0.0309	0.0595	-0.519328	0.6029	2764	VBI_any
rs76443575	NA	NA	NA	NA	NA	NA	NA	NA	NA	NA	NA
rs2431108	5	103947968	T	C	0.3386	0.0491	0.0605	0.81157	0.4171	2764	VBI_any
rs79409628	5	108113740	G	T	0.0789	0.0145	0.1107	0.13098464317976513	0.8961	2764	VBI_any
rs75814077	5	111023923	G	A	0.1631	0.049	0.0795	0.6163522012578616	0.5379	2764	VBI_any
rs4487481	5	114381312	T	C	0.5154	-0.0699	0.057	-1.22632	0.2206	2764	VBI_any
rs1848554	5	118725322	T	C	0.6893	-0.0558	0.0617	-0.904376	0.3657	2764	VBI_any
rs1432457	5	119781569	A	G	0.2887	0.0229	0.0626	0.365815	0.7149	2764	VBI_any
rs9885577	5	121194226	C	T	0.3064	0.013000000000000001	0.0728	0.17857142857142858	0.8579	2764	VBI_any
rs71594307	5	122156060	G	A	0.046	-0.0175	0.154	-0.11363636363636365	0.9093	2764	VBI_any
rs1644318	5	122471989	T	C	0.3854	0.0604	0.0589	1.02547	0.3057	2764	VBI_any
rs75887402	5	122674563	T	C	0.0277	-0.078	0.1865	-0.418231	0.6758	2764	VBI_any
rs13189347	5	122828560	A	C	0.4336	0.0023	0.0586	0.0392491	0.9682	2764	VBI_any
rs10051190	5	123999278	T	C	0.1877	0.0065	0.076	0.0855263	0.9316	2764	VBI_any
rs58595196	NA	NA	NA	NA	NA	NA	NA	NA	NA	NA	NA
rs1435514	5	127842419	C	T	0.3962	-0.0832	0.0574	-1.4494773519163762	0.1473	2764	VBI_any
rs530220	NA	NA	NA	NA	NA	NA	NA	NA	NA	NA	NA
rs889013	5	135528877	C	A	0.302	-0.1297	0.0643	-2.017107309486781	0.04383	2764	VBI_any
rs2434576	5	138917674	A	G	0.2878	-0.0278	0.0644	-0.431677	0.6662	2764	VBI_any
rs702395	5	140086677	C	T	0.4058	0.1107	0.0624	1.7740384615384617	0.07583	2764	VBI_any
rs351260	5	141309824	G	A	0.3305	-0.0109	0.0607	-0.17957166392092258	0.8577	2764	VBI_any
rs59186559	5	141750735	C	T	0.2558	-0.0594	0.0679	-0.8748159057437408	0.3812	2764	VBI_any
rs245828	5	142414146	G	A	0.324	0.0618	0.0624	0.9903846153846154	0.3217	2764	VBI_any
rs853170	5	142537474	T	C	0.2654	-0.136	0.065	-2.09231	0.03642	2764	VBI_any
rs2400509	5	147696018	G	A	0.2667	0.0865	0.0653	1.324655436447167	0.1852	2764	VBI_any
rs4705324	5	148517441	C	A	0.7354	-0.0075	0.0684	-0.10964912280701754	0.9132	2764	VBI_any
rs14458	NA	NA	NA	NA	NA	NA	NA	NA	NA	NA	NA
rs157678	NA	NA	NA	NA	NA	NA	NA	NA	NA	NA	NA
rs17609994	5	157472544	A	G	0.2172	0.0273	0.0729	0.374486	0.7075	2764	VBI_any
rs10076730	5	157816992	T	C	0.3644	0.0196	0.0599	0.327212	0.7432	2764	VBI_any
rs10052777	5	158269081	T	C	0.3878	-0.0724	0.0586	-1.23549	0.2168	2764	VBI_any
rs4869021	5	166666643	G	A	0.7529	-0.0202	0.0691	-0.29232995658465993	0.7694	2764	VBI_any
rs193986	5	172500742	G	A	0.568	-0.0258	0.0581	-0.4440619621342513	0.6575	2764	VBI_any
rs359415	5	173345487	T	C	0.1602	-0.0352	0.0788	-0.446701	0.6548	2764	VBI_any
rs17079630	NA	NA	NA	NA	NA	NA	NA	NA	NA	NA	NA
rs12153395	5	179411477	G	A	0.1141	0.0443	0.0971	0.45623069001029865	0.6482	2764	VBI_any
rs2569842	6	1649032	C	T	0.2882	0.0666	0.0631	1.0554675118858954	0.2914	2764	VBI_any
rs2479013	6	2356979	C	T	0.3169	-0.0306	0.0634	-0.48264984227129337	0.6299	2764	VBI_any
rs2326028	6	2741817	A	G	0.9169	-0.0078	0.1025	-0.0760976	0.9397	2764	VBI_any
rs13208366	6	4932633	A	C	0.7417	-0.1027	0.0661	-1.55371	0.1203	2764	VBI_any
rs11751021	NA	NA	NA	NA	NA	NA	NA	NA	NA	NA	NA
rs6920534	6	7519183	T	C	0.0916	-0.1254	0.1087	-1.15363	0.2487	2764	VBI_any
rs9392172	NA	NA	NA	NA	NA	NA	NA	NA	NA	NA	NA
rs419588	6	7920808	T	C	0.6524	-0.0225	0.0605	-0.371901	0.7098	2764	VBI_any
rs1630736	6	12295987	C	T	0.4785	0.0096	0.0668	0.1437125748502994	0.8859	2764	VBI_any
rs7747871	6	12587532	G	A	0.0375	-0.0072	0.1576	-0.04568527918781726	0.9638	2764	VBI_any
rs9349379	6	12903957	A	G	0.4059	-0.0945	0.0581	-1.62651	0.1041	2764	VBI_any
rs11969405	6	16289538	G	A	0.2197	-0.0683	0.0716	-0.9539106145251397	0.34	2764	VBI_any
rs12216497	6	19028623	C	T	0.542	0.0498	0.0576	0.8645833333333333	0.3873	2764	VBI_any
rs6931514	6	20703952	A	G	0.2692	0.0312	0.0646	0.482972	0.6295	2764	VBI_any
rs2294214	6	22056923	A	C	0.3258	0.0501	0.0623	0.804173	0.4213	2764	VBI_any
rs2744133	6	22392260	A	G	0.273	0.1327	0.065	2.04154	0.04117	2764	VBI_any
rs3792974	NA	NA	NA	NA	NA	NA	NA	NA	NA	NA	NA
rs1028885	6	25434518	G	A	0.7853	0.0419	0.0722	0.5803324099722992	0.5619	2764	VBI_any
rs1056314	6	26114653	G	A	0.4571	-0.0182	0.0604	-0.30132450331125826	0.7637	2764	VBI_any
rs200997	6	27811815	G	A	0.2927	0.0229	0.0712	0.32162921348314605	0.7476	2764	VBI_any
rs736466	6	29176296	C	T	0.5729	-0.0432	0.0613	-0.7047308319738989	0.4806	2764	VBI_any
rs3129077	6	29610435	C	T	0.3893	0.0054	0.0655	0.08244274809160305	0.9347	2764	VBI_any
rs3132555	NA	NA	NA	NA	NA	NA	NA	NA	NA	NA	NA
rs9267575	6	31811850	T	C	0.398	-0.0342	0.0635	-0.538583	0.5904	2764	VBI_any
rs3134950	6	32127477	C	A	0.6172	-0.0283	0.0609	-0.4646962233169129	0.6416	2764	VBI_any
rs28744290	6	32891841	C	T	0.3648	-0.0312	0.0627	-0.4976076555023923	0.6183	2764	VBI_any
rs2395622	6	35388758	C	T	0.8079	0.0652	0.0764	0.8534031413612565	0.3932	2764	VBI_any
rs3176336	NA	NA	NA	NA	NA	NA	NA	NA	NA	NA	NA
rs236373	6	36792057	C	T	0.2585	-0.069	0.0659	-1.0470409711684372	0.2946	2764	VBI_any
rs9471008	6	39185482	G	A	0.1306	0.0759	0.0887	0.8556933483652761	0.3922	2764	VBI_any
rs2815063	6	39262535	C	A	0.1367	-0.0569	0.1005	-0.5661691542288557	0.5714	2764	VBI_any
rs630618	6	42698409	G	A	0.7152	0.1062	0.0704	1.5085227272727273	0.131	2764	VBI_any
rs1563788	6	43308363	C	T	0.2878	0.0141	0.0646	0.218266253869969	0.8266	2764	VBI_any
rs10948566	6	50571699	C	T	0.2909	0.0038	0.0635	0.05984251968503937	0.9517	2764	VBI_any
rs1547026	6	51825622	T	C	0.2909	0.054	0.0651	0.829493	0.4068	2764	VBI_any
rs10456666	6	52951784	C	T	0.2079	0.0205	0.0858	0.23892773892773894	0.8114	2764	VBI_any
rs631441	6	53994626	T	G	0.297	-0.033	0.0637	-0.518053	0.6041	2764	VBI_any
rs3122169	6	55113411	C	A	0.8115	-0.0223	0.0734	-0.30381471389645776	0.7616	2764	VBI_any
rs12201429	6	55993585	C	T	0.1399	-0.1045	0.0826	-1.2651331719128327	0.2055	2764	VBI_any
rs12211050	6	72206269	A	G	0.1065	0.0748	0.1175	0.636596	0.5242	2764	VBI_any
rs12195276	6	73657714	C	T	0.7436	0.0124	0.0671	0.1847988077496274	0.853	2764	VBI_any
rs9361836	6	82235408	C	T	0.3115	-0.0906	0.0631	-1.4358161648177494	0.1512	2764	VBI_any
rs60255247	6	85283253	A	C	0.1226	-0.0704	0.098	-0.718367	0.4725	2764	VBI_any
rs1179905	6	90322922	A	G	0.2055	-0.0801	0.0722	-1.10942	0.2673	2764	VBI_any
rs2983896	6	97029871	G	A	0.2382	0.0998	0.0677	1.4741506646971936	0.1403	2764	VBI_any
rs72943207	6	99522316	G	A	0.1834	0.0389	0.0758	0.5131926121372031	0.6078	2764	VBI_any
rs62427982	6	107437166	C	T	0.319	0.1938	0.0716	2.706703910614525	0.006817	2764	VBI_any
rs9486916	6	109013930	C	T	0.1844	-0.0245	0.0746	-0.3284182305630027	0.7425	2764	VBI_any
rs1327470	6	109168234	C	T	0.1948	-0.0453	0.0772	-0.5867875647668394	0.5569	2764	VBI_any
rs1011627	6	113102485	G	A	0.2779	0.0271	0.0658	0.41185410334346506	0.6807	2764	VBI_any
rs12192632	NA	NA	NA	NA	NA	NA	NA	NA	NA	NA	NA
rs4946265	6	117863175	A	G	0.4772	-0.0852	0.0583	-1.46141	0.1439	2764	VBI_any
rs150953973	6	120780033	G	A	0.025	0.4205	1.5051	0.279383429672447	0.7799	2764	VBI_any
rs12211121	NA	NA	NA	NA	NA	NA	NA	NA	NA	NA	NA
rs1919872	6	122182186	A	G	0.105	-0.0955	0.0954	-1.00105	0.3167	2764	VBI_any
rs10782230	6	126228512	G	A	0.4928	0.0067	0.0574	0.11672473867595819	0.9071	2764	VBI_any
rs13199674	6	127185489	G	A	0.43120000000000003	0.1502	0.0597	2.5159128978224454	0.01188	2764	VBI_any
rs9885632	6	131311909	C	T	0.7238	-0.0125	0.0639	-0.19561815336463226	0.845	2764	VBI_any
rs498079	NA	NA	NA	NA	NA	NA	NA	NA	NA	NA	NA
rs4896104	6	135119089	C	T	0.5601	-0.0631	0.0594	-1.0622895622895623	0.2879	2764	VBI_any
rs7763294	6	140383733	T	G	0.6695	-0.0097	0.0644	-0.150621	0.8803	2764	VBI_any
rs6570530	6	143150223	T	C	0.5434	-0.0464	0.0576	-0.805556	0.4202	2764	VBI_any
rs6941056	NA	NA	NA	NA	NA	NA	NA	NA	NA	NA	NA
rs582437	6	147723577	C	T	0.4262	-0.0013	0.0581	-0.022375215146299483	0.9825	2764	VBI_any
rs9498072	6	148940673	T	C	0.2165	-0.2421	0.247	-0.980162	0.3272	2764	VBI_any
rs17080102	NA	NA	NA	NA	NA	NA	NA	NA	NA	NA	NA
rs117524059	6	152099420	G	A	0.065	0.0515	0.1564	0.32928388746803067	0.742	2764	VBI_any
rs9340985	6	152341587	T	C	0.1184	0.0681	0.0877	0.776511	0.4374	2764	VBI_any
rs13206305	6	152549309	C	T	0.1867	-0.0116	0.0742	-0.1563342318059299	0.8762	2764	VBI_any
rs2102244	6	159724297	G	A	0.8553	-0.1036	0.359	-0.2885793871866295	0.7728	2764	VBI_any
rs555754	6	160769423	G	A	0.505	0.0065	0.0582	0.11168384879725085	0.9113	2764	VBI_any
rs3799609	NA	NA	NA	NA	NA	NA	NA	NA	NA	NA	NA
rs9766666	6	169613541	G	T	0.2744	0.01	0.067	0.14925373134328357	0.8815	2764	VBI_any
rs9294987	6	169720237	T	C	0.4861	-0.0402	0.0597	-0.673367	0.5006	2764	VBI_any
rs6970581	7	1192088	G	A	0.0486	0.0656	0.1343	0.48845867460908415	0.6251	2764	VBI_any
rs17826049	7	1222859	G	T	0.047	-0.1708	0.1566	-1.0906768837803322	0.2754	2764	VBI_any
rs2969036	7	2534901	T	G	0.6878	0.0429	0.0678	0.63274300000000006	0.5269	2764	VBI_any
rs28135	7	15943960	C	T	0.4043	-0.0353	0.0596	-0.5922818791946308	0.5539999999999999	2764	VBI_any
rs2107595	7	19049388	G	A	0.1552	0.0255	0.0783	0.3256704980842912	0.7444	2764	VBI_any
rs1800795	NA	NA	NA	NA	NA	NA	NA	NA	NA	NA	NA
rs2529055	7	24590331	A	G	0.1741	-0.0381	0.0788	-0.483503	0.6288	2764	VBI_any
rs2290263	7	25887278	G	A	0.74	-0.0895	0.0662	-1.351963746223565	0.1765	2764	VBI_any
rs1859168	7	27242359	A	C	0.9262	0.0323	0.1125	0.287111	0.7743	2764	VBI_any
rs6961048	NA	NA	NA	NA	NA	NA	NA	NA	NA	NA	NA
rs977184	7	28650761	T	C	0.3699	0.0141	0.0594	0.237374	0.8129	2764	VBI_any
rs2052263	7	36225818	G	A	0.1025	0.011000000000000001	0.0991	0.1109989909182644	0.9118	2764	VBI_any
rs17171710	7	40440233	C	T	0.1011	0.0325	0.0961	0.3381893860561915	0.7353	2764	VBI_any
rs11760407	7	41720763	C	T	0.7996	0.086	0.0748	1.1497326203208555	0.25	2764	VBI_any
rs1004558	7	44240407	C	T	0.1731	0.0088	0.0777	0.11325611325611326	0.91	2764	VBI_any
rs11977526	7	46008110	G	A	0.413	-0.0158	0.0597	-0.2646566164154104	0.7918	2764	VBI_any
rs1486141	NA	NA	NA	NA	NA	NA	NA	NA	NA	NA	NA
rs12668436	7	47548893	T	C	0.2526	-0.0223	0.0659	-0.338392	0.7355	2764	VBI_any
rs10239364	NA	NA	NA	NA	NA	NA	NA	NA	NA	NA	NA
rs62455671	7	55679994	G	A	0.073	-0.2248	0.1321	-1.7017411052233158	0.08876	2764	VBI_any
rs766333	NA	NA	NA	NA	NA	NA	NA	NA	NA	NA	NA
rs4236230	7	68854490	G	A	0.5744	0.0382	0.0618	0.6181229773462783	0.5361	2764	VBI_any
rs10950289	7	71429308	A	G	0.1921	0.0252	0.0781	0.322663	0.7465	2764	VBI_any
rs1091811	7	73491212	A	G	0.8398	0.0068	0.0789	0.086185	0.9315	2764	VBI_any
rs229899	7	73710901	T	C	0.7421	-0.0855	0.0708	-1.20763	0.2274	2764	VBI_any
rs6963105	7	75097488	A	G	0.5576	-0.0313	0.0663	-0.472097	0.637	2764	VBI_any
rs848445	7	77572461	T	C	0.7118	-0.0954	0.066	-1.44545	0.14800000000000002	2764	VBI_any
rs11770630	NA	NA	NA	NA	NA	NA	NA	NA	NA	NA	NA
rs4475412	NA	NA	NA	NA	NA	NA	NA	NA	NA	NA	NA
rs42377	7	92243672	G	A	0.1047	-0.102	0.1063	-0.9595484477892755	0.3371	2764	VBI_any
rs17161604	7	98782350	G	T	0.0734	0.1146	0.1109	1.0333633904418396	0.3015	2764	VBI_any
rs12705090	7	100467700	C	T	0.1982	-0.0702	0.0729	-0.9629629629629629	0.336	2764	VBI_any
rs17639782	7	104614664	A	G	0.129	0.0841	0.0867	0.970012	0.3319	2764	VBI_any
rs12536419	7	106419296	A	C	0.1552	0.2122	0.0779	2.72401	0.0064459999999999995	2764	VBI_any
rs10262523	7	106982485	G	A	0.0511	-0.1172	0.1539	-0.7615334632878492	0.4463	2764	VBI_any
rs7799732	7	114621460	G	A	0.4413	0.0518	0.068	0.7617647058823529	0.4465	2764	VBI_any
rs1997571	7	116198621	G	A	0.5874	-0.0629	0.0587	-1.0715502555366268	0.2836	2764	VBI_any
rs11770163	NA	NA	NA	NA	NA	NA	NA	NA	NA	NA	NA
rs805787	7	123220948	G	A	0.2972	0.0043	0.0629	0.06836248012718601	0.9461	2764	VBI_any
rs3757387	7	128576086	T	C	0.426	0.0672	0.0605	1.11074	0.2666	2764	VBI_any
rs13234269	NA	NA	NA	NA	NA	NA	NA	NA	NA	NA	NA
rs35680304	7	130973495	C	T	0.5842	0.1152	0.0606	1.900990099009901	0.057370000000000004	2764	VBI_any
rs1790998	7	134138380	C	A	0.4557	0.0828	0.0587	1.4105621805792163	0.1584	2764	VBI_any
rs13224030	7	134493149	A	G	0.6026	-0.0055	0.0593	-0.0927487	0.9266	2764	VBI_any
rs10267979	NA	NA	NA	NA	NA	NA	NA	NA	NA	NA	NA
rs141212865	7	139404666	A	C	0.1849	0.0567	0.0761	0.745072	0.4564	2764	VBI_any
rs10255478	NA	NA	NA	NA	NA	NA	NA	NA	NA	NA	NA
rs73727605	7	149474622	G	A	0.0652	0.09300000000000001	0.1233	0.7542579075425792	0.4507	2764	VBI_any
rs73158180	7	151402852	A	C	0.2998	0.1042	0.0674	1.54599	0.122	2764	VBI_any
rs4716908	7	155561010	T	C	0.2927	-0.0057	0.057999999999999996	-0.0982759	0.9215	2764	VBI_any
rs2107863	7	156963731	T	C	0.4065	0.0525	0.0557	0.942549	0.3451	2764	VBI_any
rs10093740	8	617341	G	A	0.2646	-0.0644	0.0663	-0.971342383107089	0.331	2764	VBI_any
rs6983621	8	1600361	C	T	0.4828	-0.1031	0.0585	-1.7623931623931623	0.0781	2764	VBI_any
rs7015858	8	1724307	C	T	0.6885	-0.0048	0.063	-0.07619047619047618	0.9396	2764	VBI_any
rs77864139	NA	NA	NA	NA	NA	NA	NA	NA	NA	NA	NA
rs907183	NA	NA	NA	NA	NA	NA	NA	NA	NA	NA	NA
rs6601523	8	10635141	G	A	0.6045	-0.0323	0.0593	-0.5446880269814504	0.5863	2764	VBI_any
rs4840581	8	11635569	T	C	0.5731	-0.0116	0.0582	-0.199313	0.8418	2764	VBI_any
rs13279822	NA	NA	NA	NA	NA	NA	NA	NA	NA	NA	NA
rs7821708	8	17806053	C	A	0.6099	0.0208	0.062	0.3354838709677419	0.7373	2764	VBI_any
rs17482753	8	19832646	G	T	0.0971	-0.1555	0.0992	-1.5675403225806452	0.1169	2764	VBI_any
rs10096291	8	23218608	G	T	0.5402	-0.0071	0.0568	-0.125	0.9008	2764	VBI_any
rs931874	8	25245398	C	T	0.3754	0.0099	0.0595	0.16638655462184876	0.8681	2764	VBI_any
rs7821832	8	25889446	T	G	0.2452	0.0381	0.0664	0.573795	0.5653	2764	VBI_any
rs725787	8	27265476	A	G	0.1715	-0.0796	0.0769	-1.03511	0.3009	2764	VBI_any
rs62502006	8	30319467	A	G	0.2623	0.0606	0.0665	0.911278	0.3615	2764	VBI_any
rs11991469	NA	NA	NA	NA	NA	NA	NA	NA	NA	NA	NA
rs7845722	8	33309993	G	A	0.5883	-0.0145	0.0593	-0.24451939291736932	0.8072	2764	VBI_any
rs2953923	8	34167955	C	A	0.1511	-0.0517	0.0797	-0.6486825595984944	0.5169	2764	VBI_any
rs112360090	8	37597566	A	C	0.0887	-0.0604	0.1436	-0.420613	0.6742	2764	VBI_any
rs10101096	8	38292147	A	C	0.2175	-6e-4	0.0717	-0.0083682	0.9934	2764	VBI_any
rs2978456	8	42324765	T	C	0.4463	0.053	0.0587	0.902896	0.3663	2764	VBI_any
rs4873492	8	51947549	C	T	0.1806	0.0789	0.0737	1.0705563093622794	0.2843	2764	VBI_any
rs2354862	8	64501744	A	C	0.356	-0.0323	0.0609	-0.530378	0.596	2764	VBI_any
rs62521079	8	65526598	C	T	0.1126	0.0514	0.0953	0.5393494228751312	0.5896	2764	VBI_any
rs10089500	8	74617061	G	A	0.0656	0.0949	0.1199	0.7914929107589658	0.4289	2764	VBI_any
rs117403674	NA	NA	NA	NA	NA	NA	NA	NA	NA	NA	NA
rs1350100	8	76054904	A	G	0.5534	0.0081	0.0569	0.142355	0.8871	2764	VBI_any
rs1449544	8	76591880	A	C	0.4677	-0.003	0.0577	-0.0519931	0.9587	2764	VBI_any
rs6985531	8	77695388	T	C	0.1495	-0.0631	0.0824	-0.765777	0.4443	2764	VBI_any
rs12677157	NA	NA	NA	NA	NA	NA	NA	NA	NA	NA	NA
rs11990607	8	81363534	A	G	0.1777	0.1196	0.0761	1.57162	0.1162	2764	VBI_any
rs7009170	8	92149429	T	C	0.6848	0.0088	0.0615	0.143089	0.8867	2764	VBI_any
rs6471322	8	93162375	G	A	0.6435	0.0281	0.0597	0.47068676716917923	0.6383	2764	VBI_any
rs3133981	8	94948399	A	G	0.3232	-0.1829	0.0627	-2.91707	0.003551	2764	VBI_any
rs34917849	NA	NA	NA	NA	NA	NA	NA	NA	NA	NA	NA
rs12678845	8	96694848	A	G	0.2105	0.0975	0.0695	1.40288	0.1609	2764	VBI_any
rs13263821	NA	NA	NA	NA	NA	NA	NA	NA	NA	NA	NA
rs28499085	8	110107161	A	G	0.2564	0.0496	0.0663	0.748115	0.4544	2764	VBI_any
rs2205260	8	116959837	A	C	0.8432	0.0674	0.0798	0.844612	0.3988	2764	VBI_any
rs7341594	8	120409477	G	A	0.2248	-0.1308	0.0716	-1.8268156424581006	0.06772	2764	VBI_any
rs10089416	8	120778627	G	A	0.0727	0.0869	0.1127	0.7710736468500444	0.4404	2764	VBI_any
rs10090869	8	122395956	T	C	0.8177	-0.0099	0.0746	-0.132708	0.8941	2764	VBI_any
rs7837081	8	122630263	C	T	0.0683	0.1528	0.1154	1.3240901213171576	0.1853	2764	VBI_any
rs62527880	8	125471314	A	G	0.2495	-0.0247	0.0685	-0.360584	0.7181	2764	VBI_any
rs28601761	NA	NA	NA	NA	NA	NA	NA	NA	NA	NA	NA
rs4598218	8	129483956	C	T	0.6234	0.0938	0.0613	1.530179445350734	0.1258	2764	VBI_any
rs4909595	NA	NA	NA	NA	NA	NA	NA	NA	NA	NA	NA
rs1862225	8	140684628	A	C	0.7646	-0.0534	0.0705	-0.757447	0.4486	2764	VBI_any
rs4440615	8	141057641	G	A	0.629	0.07200000000000001	0.0592	1.2162162162162162	0.2233	2764	VBI_any
rs4961258	8	142232878	G	A	0.5857	0.037000000000000005	0.0579	0.6390328151986184	0.5225	2764	VBI_any
rs76735299	8	142396481	G	A	0.0885	0.0725	0.1101	0.6584922797456857	0.5102	2764	VBI_any
rs7011889	8	144005260	A	C	0.4392	-0.0135	0.057999999999999996	-0.232759	0.8163	2764	VBI_any
rs3008111	NA	NA	NA	NA	NA	NA	NA	NA	NA	NA	NA
rs28558845	NA	NA	NA	NA	NA	NA	NA	NA	NA	NA	NA
rs1332813	9	9350706	T	C	0.6417	0.0343	0.061	0.562295	0.5741	2764	VBI_any
rs35054099	9	13747673	T	C	0.6154	0.0829	0.0619	1.33926	0.1801	2764	VBI_any
rs7874646	9	13899209	C	T	0.2127	0.0753	0.0694	1.085014409221902	0.278	2764	VBI_any
rs7042232	9	14533251	G	A	0.3571	-0.0759	0.0628	-1.2085987261146498	0.22699999999999998	2764	VBI_any
rs11789875	9	16872323	G	A	0.1516	0.0112	0.0809	0.138442521631644	0.8895	2764	VBI_any
rs4977492	9	19057551	T	C	0.3462	0.0103	0.06	0.171667	0.8632	2764	VBI_any
rs10511689	9	20737847	C	A	0.2077	8e-4	0.0712	0.011235955056179777	0.9915	2764	VBI_any
rs4977575	NA	NA	NA	NA	NA	NA	NA	NA	NA	NA	NA
rs9886665	9	22942770	T	C	0.698	-0.0994	0.0631	-1.57528	0.1151	2764	VBI_any
rs7874391	9	27219575	C	A	0.2093	0.0426	0.07400000000000001	0.5756756756756756	0.5651	2764	VBI_any
rs4553000	9	34223553	C	T	0.5067	-0.0596	0.0566	-1.0530035335689047	0.2922	2764	VBI_any
rs113276784	9	35225357	A	G	0.2306	0.2439	0.0669	3.64574	2.66e-4	2764	VBI_any
rs7047650	NA	NA	NA	NA	NA	NA	NA	NA	NA	NA	NA
rs7019061	9	71637571	C	T	0.701	-0.004	0.0643	-0.06220839813374806	0.9498	2764	VBI_any
rs10868825	NA	NA	NA	NA	NA	NA	NA	NA	NA	NA	NA
rs10746963	9	77238558	A	G	0.8262	0.0105	0.0768	0.136719	0.8916	2764	VBI_any
rs10870056	9	80767173	C	A	0.1671	0.141	0.0749	1.8825100133511348	0.05995	2764	VBI_any
rs10867415	NA	NA	NA	NA	NA	NA	NA	NA	NA	NA	NA
rs34587684	9	85076420	C	T	0.1912	0.1155	0.0719	1.6063977746870652	0.1084	2764	VBI_any
rs10868561	9	89956566	G	A	0.3779	-0.0016	0.0612	-0.026143790849673203	0.9794	2764	VBI_any
rs10820855	9	94201341	T	C	0.3104	-0.1332	0.066	-2.01818	0.04364	2764	VBI_any
rs7045409	NA	NA	NA	NA	NA	NA	NA	NA	NA	NA	NA
rs10988442	9	101739709	A	G	0.3779	0.024	0.0599	0.400668	0.6884	2764	VBI_any
rs1556858	9	103545470	A	G	0.7413	-0.0548	0.0676	-0.810651	0.4177	2764	VBI_any
rs13296649	9	108636821	A	G	0.7224	0.0341	0.0679	0.502209	0.615	2764	VBI_any
rs76038906	9	113250200	G	T	0.0398	-0.1448	0.1589	-0.9112649465072372	0.3623	2764	VBI_any
rs10817493	NA	NA	NA	NA	NA	NA	NA	NA	NA	NA	NA
rs13290326	9	116696625	C	T	0.5005	0.1158	0.0572	2.0244755244755246	0.04311	2764	VBI_any
rs3827676	9	116941019	C	T	0.4097	-0.0379	0.0581	-0.6523235800344235	0.514	2764	VBI_any
rs10982910	9	118534500	T	G	0.0944	0.0532	0.0999	0.532533	0.594	2764	VBI_any
rs72751391	9	122890934	C	T	0.0976	-0.0362	0.1196	-0.30267558528428096	0.7619	2764	VBI_any
rs2241003	NA	NA	NA	NA	NA	NA	NA	NA	NA	NA	NA
rs7854147	9	125863350	A	G	0.1115	-0.0377	0.0959	-0.393118	0.6940000000000001	2764	VBI_any
rs56398630	9	127181474	G	A	0.0323	0.2918	0.2111	1.3822832780672667	0.1668	2764	VBI_any
rs142378207	9	127825168	G	A	0.1389	0.1245	0.0871	1.4293915040183698	0.1526	2764	VBI_any
rs13297570	NA	NA	NA	NA	NA	NA	NA	NA	NA	NA	NA
rs1891730	9	130309028	T	C	0.3016	0.0244	0.0614	0.397394	0.6913	2764	VBI_any
rs7869756	9	131210410	A	G	0.1696	0.1571	0.0812	1.93473	0.053020000000000005	2764	VBI_any
rs3861882	9	132465304	T	C	0.2884	0.0107	0.0641	0.166927	0.8677	2764	VBI_any
rs6597642	9	133725767	G	A	0.1294	-0.1615	0.0868	-1.8605990783410138	0.06271	2764	VBI_any
rs550057	9	136146597	C	T	0.2584	-0.0118	0.0648	-0.18209876543209877	0.8551	2764	VBI_any
rs12376382	9	138318807	T	C	0.6713	-0.0448	0.0703	-0.637269	0.5243	2764	VBI_any
rs3780190	9	139099073	A	G	0.5338	-0.1158	0.0584	-1.98288	0.047389999999999995	2764	VBI_any
rs9411224	9	139631847	C	T	0.6034	0.0517	0.0609	0.8489326765188834	0.3959	2764	VBI_any
rs113945342	10	160972	C	T	0.2324	-0.0835	0.0748	-1.1163101604278074	0.2641	2764	VBI_any
rs6602047	NA	NA	NA	NA	NA	NA	NA	NA	NA	NA	NA
rs7900864	10	5659548	G	A	0.9033	-0.0694	0.1011	-0.6864490603363007	0.4925	2764	VBI_any
rs36006409	10	10876943	T	G	0.2161	-0.0787	0.0758	-1.03826	0.2994	2764	VBI_any
rs11257655	10	12307894	C	T	0.2066	-0.0155	0.0702	-0.2207977207977208	0.8249	2764	VBI_any
rs691148	10	18249732	G	A	0.6522	0.0441	0.0602	0.7325581395348838	0.4646	2764	VBI_any
rs1779240	10	18476313	G	A	0.7665	0.0115	0.067	0.17164179104477612	0.8634	2764	VBI_any
rs12258967	NA	NA	NA	NA	NA	NA	NA	NA	NA	NA	NA
rs11010905	NA	NA	NA	NA	NA	NA	NA	NA	NA	NA	NA
rs11011915	10	20545971	G	A	0.2206	0.1267	0.0672	1.885416666666667	0.0596	2764	VBI_any
rs10732433	10	21037294	C	T	0.4369	0.0362	0.0573	0.6317626527050612	0.5268	2764	VBI_any
rs7100317	10	21764469	C	A	0.5405	-0.0369	0.0612	-0.6029411764705883	0.5469	2764	VBI_any
rs11013036	10	22814936	G	T	0.2818	-0.0258	0.065	-0.39692307692307693	0.6917	2764	VBI_any
rs112253843	10	24665624	G	T	0.2592	0.0421	0.0677	0.621861152141802	0.5344	2764	VBI_any
rs11006778	10	28228037	A	G	0.468	-0.0228	0.0573	-0.397906	0.6906	2764	VBI_any
rs9337951	10	30317073	G	A	0.3388	0.0846	0.071	1.1915492957746479	0.2333	2764	VBI_any
rs3006576	10	31244928	T	C	0.2932	-0.0448	0.064	-0.7	0.4842	2764	VBI_any
rs211359	10	32316360	A	C	0.2187	-0.0135	0.0718	-0.188022	0.8511	2764	VBI_any
rs11812151	10	45315006	C	T	0.1462	0.0177	0.081	0.21851851851851853	0.8275	2764	VBI_any
rs2879630	10	53678344	G	A	0.1967	0.182	0.073	2.493150684931507	0.01268	2764	VBI_any
rs932996	10	59866430	T	C	0.3166	-0.1546	0.0648	-2.3858	0.01706	2764	VBI_any
rs4948524	10	60351224	C	A	0.5324	0.0301	0.0585	0.5145299145299145	0.6069	2764	VBI_any
rs7099368	10	61566323	T	C	0.4127	-0.0633	0.0598	-1.05853	0.2904	2764	VBI_any
rs57946343	10	63499951	T	C	0.143	0.0029	0.0826	0.035109	0.9719	2764	VBI_any
rs6415872	10	63660689	G	A	0.482	0.1365	0.0586	2.3293515358361776	0.01985	2764	VBI_any
rs2236295	10	64564892	G	T	0.3991	-0.0096	0.0608	-0.15789473684210525	0.875	2764	VBI_any
rs7918505	10	68665124	A	G	0.903	0.0372	0.0959	0.387904	0.6981	2764	VBI_any
rs4746726	10	69820644	T	C	0.3364	-0.002	0.0606	-0.0330033	0.9731	2764	VBI_any
rs9415995	10	73517225	C	T	0.3925	-0.0038	0.061	-0.06229508196721312	0.9502	2764	VBI_any
rs4746150	10	75565935	A	G	0.1182	-0.0688	0.0914	-0.752735	0.4513	2764	VBI_any
rs55947600	10	75797672	G	A	0.4698	-0.1123	0.0589	-1.9066213921901527	0.056620000000000004	2764	VBI_any
rs10887914	10	82215288	T	C	0.5368	-0.1039	0.0591	-1.75804	0.07856	2764	VBI_any
rs148994653	10	89615562	A	G	0.1959	0.0898	0.073	1.23014	0.2184	2764	VBI_any
rs12240758	10	89807339	C	T	0.2736	0.0533	0.0657	0.8112633181126333	0.4169	2764	VBI_any
rs3740034	10	91394659	T	C	0.2135	-0.1284	0.0709	-1.811	0.07012	2764	VBI_any
rs4933541	10	91832066	C	T	0.6214	-0.07	0.0615	-1.1382113821138213	0.2551	2764	VBI_any
rs111866816	10	94441507	C	T	0.0709	-0.0468	0.1218	-0.3842364532019704	0.7006	2764	VBI_any
rs7070115	10	95900004	A	G	0.4361	0.0329	0.0589	0.558574	0.5770000000000001	2764	VBI_any
rs11187998	10	96278395	G	A	0.4294	0.0138	0.0583	0.23670668953687823	0.8135	2764	VBI_any
rs7086880	10	97324335	A	G	0.4823	0.0772	0.0588	1.31293	0.1896	2764	VBI_any
rs57807455	NA	NA	NA	NA	NA	NA	NA	NA	NA	NA	NA
rs7090035	NA	NA	NA	NA	NA	NA	NA	NA	NA	NA	NA
rs11190709	10	102552663	G	A	0.8928	-0.0252	0.0936	-0.2692307692307692	0.7882	2764	VBI_any
rs11191156	10	103702763	A	G	0.3405	-0.0129	0.0612	-0.210784	0.8334	2764	VBI_any
rs138112129	NA	NA	NA	NA	NA	NA	NA	NA	NA	NA	NA
rs112913898	10	104958900	G	A	0.0899	-0.1672	0.1032	-1.6201550387596897	0.1052	2764	VBI_any
rs10883942	10	105651386	T	C	0.4866	0.0506	0.0593	0.853288	0.3939	2764	VBI_any
rs117464403	10	107158054	G	A	0.0107	0.9718	0.3713	2.6172906005925127	0.008856999999999999	2764	VBI_any
rs10787273	10	112497632	G	A	0.6759	0.0096	0.0629	0.15262321144674085	0.8792	2764	VBI_any
rs10885409	10	114808072	T	C	0.4654	0.0941	0.0585	1.60855	0.1077	2764	VBI_any
rs10787515	10	115790005	T	C	0.4802	0.0258	0.0569	0.453427	0.6505	2764	VBI_any
rs34697683	10	117289173	C	T	0.4606	-0.0979	0.0589	-1.6621392190152802	0.09635	2764	VBI_any
rs758368	10	118484505	G	A	0.4027	0.0334	0.0624	0.5352564102564102	0.5926	2764	VBI_any
rs12775642	10	121712667	G	A	0.3178	0.0183	0.0687	0.2663755458515284	0.7897	2764	VBI_any
rs72830615	10	122988575	A	G	0.3857	-0.038	0.0608	-0.625	0.5323	2764	VBI_any
rs17696741	10	124235059	G	A	0.1368	0.1348	0.0852	1.5821596244131455	0.1138	2764	VBI_any
rs7073663	10	126358094	G	A	0.1596	0.0335	0.0796	0.42085427135678394	0.6742	2764	VBI_any
rs10829543	NA	NA	NA	NA	NA	NA	NA	NA	NA	NA	NA
rs7894027	10	133772995	T	C	0.6434	0.0176	0.061	0.288525	0.773	2764	VBI_any
rs1133400	10	134459388	A	G	0.2086	-0.1092	0.071	-1.53803	0.1239	2764	VBI_any
rs72844798	11	809666	G	A	0.2333	-0.1143	0.0753	-1.5179282868525894	0.1293	2764	VBI_any
rs686722	11	1891722	C	T	0.3588	0.0809	0.06	1.3483333333333334	0.1779	2764	VBI_any
rs74048200	11	2120298	A	G	0.0595	-0.0532	0.1516	-0.350923	0.7255	2764	VBI_any
rs2255538	11	6629042	G	A	0.2447	0.16	0.0698	2.292263610315186	0.02185	2764	VBI_any
rs2243566	11	8852239	C	T	0.4805	-0.0965	0.0572	-1.687062937062937	0.09187999999999999	2764	VBI_any
rs143435810	11	9782346	A	G	0.0263	0.0387	0.2129	0.181775	0.8558	2764	VBI_any
rs138546576	11	10194152	G	A	0.0898	0.0295	0.1118	0.2638640429338104	0.7918	2764	VBI_any
rs10500747	11	11771889	T	C	0.2356	0.0071	0.0698	0.101719	0.9185	2764	VBI_any
rs11022235	11	12207149	A	G	0.2759	0.0012	0.0655	0.0183206	0.9848	2764	VBI_any
rs7131442	NA	NA	NA	NA	NA	NA	NA	NA	NA	NA	NA
rs10832778	NA	NA	NA	NA	NA	NA	NA	NA	NA	NA	NA
rs10766533	NA	NA	NA	NA	NA	NA	NA	NA	NA	NA	NA
rs2582908	NA	NA	NA	NA	NA	NA	NA	NA	NA	NA	NA
rs11031051	11	30355707	A	C	0.3124	0.0336	0.0627	0.535885	0.5915	2764	VBI_any
rs4922591	11	32374199	T	C	0.6081	-0.0428	0.0617	-0.693679	0.4878	2764	VBI_any
rs10838212	11	44019715	G	A	0.1149	0.0813	0.0977	0.8321392016376663	0.4052	2764	VBI_any
rs714417	11	45247176	T	C	0.6928	-0.0248	0.0627	-0.395534	0.6921	2764	VBI_any
rs12225704	11	46263640	A	G	0.2587	0.0216	0.0682	0.316716	0.7515	2764	VBI_any
rs7107356	11	47676170	A	G	0.5254	0.0582	0.0579	1.00518	0.3153	2764	VBI_any
rs9667596	11	48691193	T	C	0.1275	-0.0866	0.0858	-1.00932	0.313	2764	VBI_any
rs6486003	NA	NA	NA	NA	NA	NA	NA	NA	NA	NA	NA
rs7127896	11	51519416	C	T	0.8368	0.0775	0.0778	0.9961439588688946	0.3194	2764	VBI_any
rs11229252	11	55129640	C	T	0.0921	-0.1928	0.1198	-1.6093489148580968	0.1074	2764	VBI_any
rs4939043	11	56171183	A	C	0.8821	0.147	0.09	1.63333	0.1024	2764	VBI_any
rs11607056	11	57496820	C	T	0.0989	-0.1389	0.1033	-1.3446272991287511	0.1788	2764	VBI_any
rs174566	11	61592362	A	G	0.3453	-0.0742	0.061	-1.21639	0.2243	2764	VBI_any
rs4980515	11	63744609	T	C	0.5127	-0.0642	0.0576	-1.11458	0.2646	2764	VBI_any
rs588177	11	64024056	C	A	0.6762	-0.0409	0.061	-0.6704918032786885	0.5021	2764	VBI_any
rs144822931	11	65398943	T	C	0.0203	0.0962	0.2114	0.455061	0.6492	2764	VBI_any
rs7119612	11	65570517	C	T	0.0968	-0.1636	0.1006	-1.6262425447316105	0.10400000000000001	2764	VBI_any
rs312023	11	68097049	G	A	0.538	0.009000000000000001	0.0607	0.1482701812191104	0.8815	2764	VBI_any
rs7395791	11	69262916	G	A	0.4422	0.0319	0.0589	0.5415959252971138	0.5882	2764	VBI_any
rs72931748	11	69825414	A	G	0.0836	0.248	0.109	2.27523	0.02295	2764	VBI_any
rs556355	NA	NA	NA	NA	NA	NA	NA	NA	NA	NA	NA
rs4945090	NA	NA	NA	NA	NA	NA	NA	NA	NA	NA	NA
rs1687692	11	76512416	G	A	0.2016	-0.0192	0.0741	-0.2591093117408907	0.7954	2764	VBI_any
rs317180	NA	NA	NA	NA	NA	NA	NA	NA	NA	NA	NA
rs2289125	11	89224453	A	C	0.7757	0.1062	0.0762	1.3937	0.1633	2764	VBI_any
rs10830963	NA	NA	NA	NA	NA	NA	NA	NA	NA	NA	NA
rs11021221	NA	NA	NA	NA	NA	NA	NA	NA	NA	NA	NA
rs514034	NA	NA	NA	NA	NA	NA	NA	NA	NA	NA	NA
rs67885470	11	99998431	C	T	0.2174	-0.0361	0.07200000000000001	-0.5013888888888889	0.6164	2764	VBI_any
rs604723	11	100610546	T	C	0.7193	0.1044	0.0637	1.63893	0.1015	2764	VBI_any
rs670872	11	100992620	A	G	0.831	-0.1216	0.076	-1.6	0.1098	2764	VBI_any
rs12807220	11	102077200	G	A	0.3512	-0.061	0.0627	-0.9728867623604465	0.3302	2764	VBI_any
rs2019090	NA	NA	NA	NA	NA	NA	NA	NA	NA	NA	NA
rs4754196	11	107096777	A	G	0.4678	0.0835	0.0571	1.46235	0.1433	2764	VBI_any
rs77759442	11	110657616	C	T	0.1437	-0.0557	0.0857	-0.6499416569428238	0.5159	2764	VBI_any
rs11214503	11	112986754	C	T	0.5343	-0.0207	0.0578	-0.35813148788927335	0.72	2764	VBI_any
rs2847491	NA	NA	NA	NA	NA	NA	NA	NA	NA	NA	NA
rs4938229	11	116074855	C	T	0.6787	-0.0332	0.0624	-0.532051282051282	0.5946	2764	VBI_any
rs641620	11	117074229	T	C	0.1368	-0.1059	0.0867	-1.22145	0.2219	2764	VBI_any
rs573455	11	117267884	A	G	0.5364	0.0578	0.0584	0.989726	0.3224	2764	VBI_any
rs78799967	11	118266523	C	T	0.0459	-0.0771	0.1825	-0.42246575342465753	0.6727	2764	VBI_any
rs2155572	11	123067655	G	T	0.5871	-0.006999999999999999	0.064	-0.10937499999999999	0.9123	2764	VBI_any
rs11222084	NA	NA	NA	NA	NA	NA	NA	NA	NA	NA	NA
rs10736585	11	130465785	C	T	0.689	-0.0443	0.0618	-0.7168284789644013	0.4729	2764	VBI_any
rs11603014	11	130730825	G	A	0.2851	0.0126	0.0577	0.21837088388214904	0.8264	2764	VBI_any
rs1259158	11	134024427	G	A	0.2935	0.0226	0.0571	0.39579684763572676	0.6918	2764	VBI_any
rs486098	12	388657	C	T	0.2613	-0.0503	0.0644	-0.781055900621118	0.4345	2764	VBI_any
rs11571376	NA	NA	NA	NA	NA	NA	NA	NA	NA	NA	NA
rs4765663	NA	NA	NA	NA	NA	NA	NA	NA	NA	NA	NA
rs3819532	12	2436837	T	C	0.5987	0.0286	0.0596	0.479866	0.6319	2764	VBI_any
rs117233107	12	4328521	G	A	0.0214	0.3071	0.3415	0.8992679355783307	0.3686	2764	VBI_any
rs11609905	12	12656760	C	T	0.2695	-0.0992	0.0654	-1.5168195718654434	0.129	2764	VBI_any
rs4763297	NA	NA	NA	NA	NA	NA	NA	NA	NA	NA	NA
rs28621435	12	13860990	G	A	0.12	-0.011000000000000001	0.0909	-0.12101210121012103	0.9033	2764	VBI_any
rs12300043	12	14409528	G	A	0.5359	-0.0823	0.0581	-1.4165232358003443	0.1566	2764	VBI_any
rs7313556	12	15297359	A	G	0.6515	0.0864	0.061	1.41639	0.1566	2764	VBI_any
rs10841389	12	20017599	G	A	0.2177	0.0272	0.0701	0.3880171184022825	0.6977	2764	VBI_any
rs10770612	12	20230639	A	G	0.1979	-0.1368	0.0735	-1.86122	0.06254	2764	VBI_any
rs1025950	12	20508813	C	T	0.4668	0.0459	0.0605	0.7586776859504133	0.4477	2764	VBI_any
rs34085523	12	20760410	G	A	0.4682	0.0067	0.0599	0.11185308848080133	0.9108	2764	VBI_any
rs704191	12	22015022	T	C	0.5455	-0.0318	0.0592	-0.537162	0.5914	2764	VBI_any
rs1995181	NA	NA	NA	NA	NA	NA	NA	NA	NA	NA	NA
rs17287293	12	24770878	A	G	0.1582	-0.0225	0.078	-0.288462	0.7734	2764	VBI_any
rs10743579	12	26461145	C	A	0.2375	0.0091	0.0673	0.13521545319465084	0.8928	2764	VBI_any
rs10842991	12	27962103	C	T	0.1815	0.0677	0.0743	0.9111709286675638	0.3622	2764	VBI_any
rs11052722	12	33626530	G	A	0.5399	0.0415	0.0581	0.7142857142857143	0.4748	2764	VBI_any
rs116334401	12	46615935	T	C	0.031	-0.0269	0.1722	-0.156214	0.8759	2764	VBI_any
rs145878042	NA	NA	NA	NA	NA	NA	NA	NA	NA	NA	NA
rs2261608	NA	NA	NA	NA	NA	NA	NA	NA	NA	NA	NA
rs150857355	NA	NA	NA	NA	NA	NA	NA	NA	NA	NA	NA
rs117945311	NA	NA	NA	NA	NA	NA	NA	NA	NA	NA	NA
rs7967954	12	50673484	G	A	0.5699	-0.0318	0.057	-0.5578947368421052	0.5763	2764	VBI_any
rs7315980	12	53449321	G	A	0.0757	0.0439	0.1097	0.40018231540565175	0.6890000000000001	2764	VBI_any
rs117928258	12	53457585	C	T	0.0162	-0.5949	1.1334	-0.5248808893594494	0.5997	2764	VBI_any
rs67772913	12	54435716	A	G	0.2877	-0.0263	0.0638	-0.412226	0.6804	2764	VBI_any
rs7968719	NA	NA	NA	NA	NA	NA	NA	NA	NA	NA	NA
rs799575	12	58069107	A	G	0.6711	-0.1092	0.0616	-1.77273	0.07633999999999999	2764	VBI_any
rs790005	12	64606635	T	C	0.7914	0.0206	0.0707	0.291372	0.7709	2764	VBI_any
rs1351394	12	66351826	T	C	0.5176	-0.0367	0.0569	-0.644991	0.5195	2764	VBI_any
rs1882033	12	67819376	A	G	0.4908	0.1042	0.0597	1.74539	0.08105	2764	VBI_any
rs11177371	NA	NA	NA	NA	NA	NA	NA	NA	NA	NA	NA
rs11178008	12	70364874	C	T	0.2235	0.053900000000000003	0.0711	0.7580872011251759	0.4482	2764	VBI_any
rs1245811	12	79637453	T	C	0.6273	-0.0708	0.0603	-1.17413	0.2405	2764	VBI_any
rs4842266	12	79951566	G	A	0.6628	-0.0118	0.0612	-0.19281045751633988	0.847	2764	VBI_any
rs61954670	12	84557567	G	A	0.1604	-0.1054	0.0798	-1.3208020050125313	0.1865	2764	VBI_any
rs111478946	12	90058842	G	A	0.1671	0.035	0.0763	0.45871559633027525	0.6463	2764	VBI_any
rs10859568	NA	NA	NA	NA	NA	NA	NA	NA	NA	NA	NA
rs114697502	12	94677559	C	T	0.0782	-0.0642	0.1086	-0.5911602209944751	0.5544	2764	VBI_any
rs7977311	12	95487226	C	T	0.1163	0.0336	0.0901	0.3729189789123196	0.7088	2764	VBI_any
rs7307248	12	96830278	C	T	0.2497	0.0871	0.0659	1.321699544764795	0.1861	2764	VBI_any
rs4762205	12	98785169	G	A	0.2704	0.0049	0.0666	0.07357357357357357	0.9413	2764	VBI_any
rs1520222	12	102797293	G	A	0.7249	-0.1084	0.0644	-1.6832298136645962	0.09228	2764	VBI_any
rs11112548	NA	NA	NA	NA	NA	NA	NA	NA	NA	NA	NA
rs2287182	12	109997164	C	T	0.0872	0.0512	0.1019	0.5024533856722276	0.6156	2764	VBI_any
rs7956131	12	110340053	A	G	0.0695	-0.0174	0.1145	-0.151965	0.8795	2764	VBI_any
rs11065861	12	111752211	A	G	0.2067	0.022	0.0723	0.304288	0.7612	2764	VBI_any
rs3759377	12	112848570	A	G	0.2631	0.023	0.0674	0.341246	0.7331	2764	VBI_any
rs2021784	12	115437252	T	G	0.6781	-0.0043	0.0629	-0.0683625	0.9461	2764	VBI_any
rs35429	12	115555867	A	G	0.3898	-0.1649	0.0599	-2.75292	0.005902	2764	VBI_any
rs6490019	12	115920472	A	G	0.6101	-0.0598	0.0592	-1.01014	0.3125	2764	VBI_any
rs61935847	12	116630136	T	G	0.2467	0.0434	0.069	0.628986	0.5297	2764	VBI_any
rs6486781	12	122318985	A	C	0.5574	0.0553	0.0587	0.942078	0.3456	2764	VBI_any
rs78856743	12	123619648	G	A	0.0342	0.162	0.162	1	0.3171	2764	VBI_any
rs7958151	12	131617635	C	A	0.4443	0.0355	0.0579	0.6131260794473229	0.5389	2764	VBI_any
rs117206641	12	133086888	C	T	0.1995	-0.0529	0.0652	-0.8113496932515338	0.4172	2764	VBI_any
rs606950	13	22298923	G	A	0.6261	0.0026	0.0603	0.04311774461028192	0.9657	2764	VBI_any
rs17543181	13	27089634	G	A	0.2602	0.0117	0.0681	0.1718061674008811	0.8631	2764	VBI_any
rs9507885	13	27951090	C	T	0.129	-0.1433	0.3748	-0.3823372465314835	0.7023	2764	VBI_any
rs7338758	13	30137828	T	C	0.76	-0.0699	0.0684	-1.02193	0.3067	2764	VBI_any
rs1148339	13	32192914	C	A	0.5178	0.0359	0.0577	0.6221837088388215	0.5335	2764	VBI_any
rs2147124	13	38246629	G	A	0.3751	0.0117	0.0597	0.19597989949748743	0.8442	2764	VBI_any
rs9525471	13	41886568	A	G	0.7477	-0.0183	0.067	-0.273134	0.7853	2764	VBI_any
rs9532959	13	42543516	G	A	0.0913	-0.1616	0.1032	-1.565891472868217	0.1176	2764	VBI_any
rs7491248	13	47180671	G	A	0.2306	0.0297	0.0682	0.435483870967742	0.6629999999999999	2764	VBI_any
rs61960376	13	50432800	T	C	0.0499	0.1181	0.1768	0.667986	0.5042	2764	VBI_any
rs200218	13	50969114	A	G	0.8667	-0.0394	0.0852	-0.462441	0.6434	2764	VBI_any
rs988528	13	54699123	T	G	0.9099	-0.1475	0.0993	-1.4854	0.1376	2764	VBI_any
rs57956629	NA	NA	NA	NA	NA	NA	NA	NA	NA	NA	NA
rs340219	13	60470372	T	C	0.6025	0.0162	0.0599	0.270451	0.7866	2764	VBI_any
rs12860045	13	70972716	G	A	0.2294	0.0417	0.0699	0.5965665236051502	0.5509	2764	VBI_any
rs9285282	NA	NA	NA	NA	NA	NA	NA	NA	NA	NA	NA
rs9600152	NA	NA	NA	NA	NA	NA	NA	NA	NA	NA	NA
rs4304924	13	79238925	G	A	0.5996	0.0948	0.0593	1.5986509274873524	0.1097	2764	VBI_any
rs4287430	NA	NA	NA	NA	NA	NA	NA	NA	NA	NA	NA
rs7139408	13	96984390	T	C	0.4244	0.0171	0.0593	0.288364	0.7724	2764	VBI_any
rs61972411	13	100602630	G	A	0.5546	-0.0212	0.0609	-0.348111658456486	0.7276	2764	VBI_any
rs714828	13	110367814	G	A	0.3363	-0.0713	0.0609	-1.1707717569786535	0.2417	2764	VBI_any
rs12875271	13	110792743	A	G	0.0988	-0.1715	0.0983	-1.74466	0.08102000000000001	2764	VBI_any
rs3742182	13	111375132	C	T	0.8061	-0.1103	0.0755	-1.4609271523178808	0.1439	2764	VBI_any
rs9549328	13	113636156	C	T	0.2311	0.1153	0.0736	1.5665760869565217	0.1174	2764	VBI_any
rs7331680	13	115000650	G	T	0.2512	0.0533	0.0587	0.908006814310051	0.3639	2764	VBI_any
rs3827920	14	22869599	G	T	0.3439	-0.0176	0.0609	-0.2889983579638752	0.7719	2764	VBI_any
rs365990	14	23861811	A	G	0.3809	-0.0502	0.0589	-0.852292	0.3933	2764	VBI_any
rs875908	NA	NA	NA	NA	NA	NA	NA	NA	NA	NA	NA
rs696	14	35871093	C	T	0.3869	-0.0217	0.0584	-0.3715753424657534	0.7096	2764	VBI_any
rs34983854	14	39858442	A	G	0.3636	0.0857	0.0623	1.3756	0.1693	2764	VBI_any
rs142004400	14	50829560	A	C	0.0231	-0.0493	0.2411	-0.204479	0.8381	2764	VBI_any
rs74707969	14	53266966	A	G	0.1443	-0.1177	0.0905	-1.30055	0.1934	2764	VBI_any
rs8009633	NA	NA	NA	NA	NA	NA	NA	NA	NA	NA	NA
rs7144602	14	55285588	T	G	0.339	0.0285	0.063	0.452381	0.6515	2764	VBI_any
rs78493391	14	59832786	T	C	0.0434	-0.0965	0.182	-0.53022	0.5961	2764	VBI_any
rs9323466	NA	NA	NA	NA	NA	NA	NA	NA	NA	NA	NA
rs61986943	14	68973099	C	T	0.2154	-0.1032	0.0771	-1.33852140077821	0.1808	2764	VBI_any
rs2236262	14	69261472	A	G	0.5144	-0.0998	0.0571	-1.74781	0.08073999999999999	2764	VBI_any
rs8003103	14	71451265	G	A	0.3417	4e-4	0.0612	0.006535947712418301	0.9945	2764	VBI_any
rs11623535	14	72462381	G	A	0.7426	0.0367	0.0658	0.5577507598784195	0.5773	2764	VBI_any
rs2215590	14	73297741	C	T	0.2651	-0.0757	0.066	-1.146969696969697	0.2512	2764	VBI_any
rs11159091	14	75074316	G	A	0.4753	-0.0333	0.0699	-0.47639484978540775	0.6339	2764	VBI_any
rs11627326	NA	NA	NA	NA	NA	NA	NA	NA	NA	NA	NA
rs4904503	14	89565130	C	T	0.2957	-0.1251	0.0639	-1.9577464788732393	0.050230000000000004	2764	VBI_any
rs7151849	NA	NA	NA	NA	NA	NA	NA	NA	NA	NA	NA
rs8023114	14	92391955	G	A	0.3526	0.0564	0.063	0.8952380952380952	0.3705	2764	VBI_any
rs11160085	14	93112102	T	C	0.293	-0.0382	0.0674	-0.566766	0.5714	2764	VBI_any
rs8013933	14	94465789	T	C	0.3042	-0.102	0.0647	-1.57651	0.115	2764	VBI_any
rs7154431	NA	NA	NA	NA	NA	NA	NA	NA	NA	NA	NA
rs9324011	14	100136575	A	C	0.6072	-0.0462	0.0601	-0.768719	0.4419	2764	VBI_any
rs11160546	14	100233353	C	T	0.669	0.2076	0.062	3.3483870967741938	8.17e-4	2764	VBI_any
rs11626434	NA	NA	NA	NA	NA	NA	NA	NA	NA	NA	NA
rs8017780	14	103987305	C	A	0.2203	0.005	0.0703	0.07112375533428165	0.9432	2764	VBI_any
rs11629850	15	40317075	G	A	0.5517	0.1497	0.0576	2.5989583333333335	0.009382999999999999	2764	VBI_any
rs7178506	15	41096097	T	C	0.3915	-0.0494	0.0636	-0.77673	0.4378	2764	VBI_any
rs11638729	15	42258390	G	A	0.563	9e-4	0.0575	0.015652173913043476	0.98740000000000006	2764	VBI_any
rs2015637	15	48716853	T	C	0.1034	0.0869	0.0962	0.903326	0.3663	2764	VBI_any
rs3098186	15	50810621	C	T	0.5195	0.0521	0.0578	0.9013840830449827	0.3671	2764	VBI_any
rs7180761	15	52800814	C	T	0.6407	-0.0597	0.0624	-0.9567307692307693	0.33799999999999997	2764	VBI_any
rs2244373	15	57622887	C	T	0.7491	-0.028999999999999998	0.0663	-0.4374057315233786	0.6623	2764	VBI_any
rs3191402	15	59429160	G	A	0.4035	-0.0227	0.0584	-0.3886986301369863	0.6982	2764	VBI_any
rs72748772	NA	NA	NA	NA	NA	NA	NA	NA	NA	NA	NA
rs4775376	15	61517218	T	C	0.6155	0.0548	0.0588	0.931973	0.3514	2764	VBI_any
rs11634163	15	62330633	C	T	0.3976	0.0647	0.0591	1.0947546531302876	0.2741	2764	VBI_any
rs17271730	15	62757722	A	G	0.3786	0.0713	0.0611	1.16694	0.2435	2764	VBI_any
rs55962736	15	63333892	G	T	0.5114	0.0695	0.0576	1.2065972222222223	0.2273	2764	VBI_any
rs8035931	NA	NA	NA	NA	NA	NA	NA	NA	NA	NA	NA
rs832890	15	65166309	C	T	0.4635	-0.031	0.0587	-0.5281090289608177	0.5973	2764	VBI_any
rs7173609	15	67324387	C	T	0.6711	-0.0755	0.0625	-1.208	0.2271	2764	VBI_any
rs2289261	NA	NA	NA	NA	NA	NA	NA	NA	NA	NA	NA
rs7173953	NA	NA	NA	NA	NA	NA	NA	NA	NA	NA	NA
rs8042724	15	71298118	A	G	0.0487	0.3175	0.1282	2.4766	0.013280000000000002	2764	VBI_any
rs4337253	NA	NA	NA	NA	NA	NA	NA	NA	NA	NA	NA
rs8042039	15	74225518	C	T	0.1485	0.0164	0.0824	0.19902912621359226	0.8425	2764	VBI_any
rs9210	15	75128501	T	C	0.7313	-0.0499	0.0652	-0.765337	0.4445	2764	VBI_any
rs61157089	15	79155412	T	C	0.1442	0.0226	0.0842	0.268409	0.7884	2764	VBI_any
rs8033269	15	79856167	T	C	0.1513	0.2206	0.0827	2.66747	0.0076489999999999995	2764	VBI_any
rs11634851	NA	NA	NA	NA	NA	NA	NA	NA	NA	NA	NA
rs4578606	NA	NA	NA	NA	NA	NA	NA	NA	NA	NA	NA
rs17158080	15	83798496	C	T	0.3025	-0.0028	0.0636	-0.0440251572327044	0.9655	2764	VBI_any
rs3743157	15	85680532	C	A	0.1662	-0.0812	0.0777	-1.0450450450450448	0.2963	2764	VBI_any
rs8024518	15	85961551	G	A	0.1503	0.0696	0.081	0.8592592592592592	0.3897	2764	VBI_any
rs28547445	15	89576961	T	C	0.0938	0.2098	0.14400000000000002	1.45694	0.1451	2764	VBI_any
rs28611491	15	90641809	C	T	0.0879	0.2717	0.1023	2.6559139784946235	0.007914000000000001	2764	VBI_any
rs7497304	15	91429176	G	T	0.3004	-0.0491	0.067	-0.7328358208955223	0.4636	2764	VBI_any
rs11074093	15	93222897	C	T	0.5811	0.0763	0.0605	1.2611570247933885	0.2075	2764	VBI_any
rs11632112	NA	NA	NA	NA	NA	NA	NA	NA	NA	NA	NA
rs16949909	15	95800294	G	A	0.2264	0.0646	0.0712	0.9073033707865169	0.3643	2764	VBI_any
rs11853701	NA	NA	NA	NA	NA	NA	NA	NA	NA	NA	NA
rs892465	15	100105185	C	T	0.8406	0.1574	0.0825	1.907878787878788	0.0564	2764	VBI_any
rs116643984	15	101791212	C	A	0.2611	0.0509	0.0595	0.8554621848739496	0.3917	2764	VBI_any
rs11248862	16	1344291	A	G	0.8901	1e-4	0.0942	0.00106157	0.9992	2764	VBI_any
rs344367	16	1976170	T	C	0.2785	-0.0309	0.0741	-0.417004	0.677	2764	VBI_any
rs72633264	16	2066659	A	C	0.0878	0.0321	0.1023	0.313783	0.754	2764	VBI_any
rs17694688	16	4349011	G	A	0.1892	0.0183	0.0788	0.2322335025380711	0.8163	2764	VBI_any
rs6500601	NA	NA	NA	NA	NA	NA	NA	NA	NA	NA	NA
rs10500326	16	4918326	G	T	0.2442	-0.0132	0.0672	-0.19642857142857145	0.8447	2764	VBI_any
rs12931415	16	6875707	T	C	0.3075	0.0694	0.0643	1.07932	0.2806	2764	VBI_any
rs11642631	16	11198835	T	C	0.4346	0.0407	0.0597	0.681742	0.4952	2764	VBI_any
rs30229	16	14404222	G	T	0.6258	0.0672	0.0606	1.1089108910891088	0.2671	2764	VBI_any
rs3915425	16	15912544	T	C	0.315	0.0108	0.063	0.171429	0.8644	2764	VBI_any
rs858185	16	21080492	T	C	0.2928	0.0254	0.0639	0.397496	0.6912	2764	VBI_any
rs200528	16	24759131	A	G	0.8018	-0.136	0.0732	-1.85792	0.0632	2764	VBI_any
rs55861648	16	30833896	G	A	0.1928	0.0227	0.0764	0.2971204188481676	0.7663	2764	VBI_any
rs34294937	NA	NA	NA	NA	NA	NA	NA	NA	NA	NA	NA
rs2058814	16	50082431	T	C	0.7818	-0.1032	0.0703	-1.46799	0.1419	2764	VBI_any
rs34941092	16	50550137	G	A	0.1614	0.0421	0.0803	0.5242839352428393	0.6001	2764	VBI_any
rs142076278	16	51828329	A	G	0.0151	-0.2782	1.2307	-0.22605	0.8211	2764	VBI_any
rs9937815	16	56330832	A	G	0.3222	0.0159	0.0621	0.256039	0.7979	2764	VBI_any
rs11864751	16	56978148	C	T	0.277	0.0215	0.0642	0.3348909657320872	0.7375	2764	VBI_any
rs37060	16	58566304	G	A	0.2541	-0.004	0.0672	-0.05952380952380953	0.9521	2764	VBI_any
rs7197902	16	60704753	T	C	0.2996	-0.0302	0.0641	-0.471139	0.6377	2764	VBI_any
rs28633979	16	65282820	A	C	0.5764	0.0447	0.0597	0.748744	0.4542	2764	VBI_any
rs34644564	NA	NA	NA	NA	NA	NA	NA	NA	NA	NA	NA
rs117559006	16	68651098	T	G	0.108	0.3072	0.1312	2.34146	0.01923	2764	VBI_any
rs12149704	16	69789516	G	A	0.0892	0.318	0.1238	2.568659127625202	0.01023	2764	VBI_any
rs62048010	16	70803755	T	C	0.0725	0.3262	0.1152	2.8316	0.004647	2764	VBI_any
rs62053796	16	71966463	G	A	0.0401	0.5517	0.1739	3.172512938470385	0.001515	2764	VBI_any
rs6416749	16	73100308	C	T	0.6931	-0.018000000000000002	0.0778	-0.23136246786632395	0.8169	2764	VBI_any
rs1012089	NA	NA	NA	NA	NA	NA	NA	NA	NA	NA	NA
rs4888408	16	75432824	G	A	0.5847	0.0024	0.057999999999999996	0.041379310344827586	0.9676	2764	VBI_any
rs56844452	16	80864776	C	T	0.0709	-0.226	0.1273	-1.7753338570306363	0.0759	2764	VBI_any
rs16955396	16	81497783	A	G	0.3179	0.0287	0.0607	0.472817	0.6362	2764	VBI_any
rs7500448	16	83045790	A	G	0.2434	-0.0612	0.068	-0.9	0.3677	2764	VBI_any
rs28651151	16	83413352	T	G	0.2679	0.0305	0.0649	0.469954	0.6379	2764	VBI_any
rs7187540	16	85318302	C	A	0.3258	0.0207	0.0724	0.2859116022099447	0.7752	2764	VBI_any
rs3950627	16	86436343	C	A	0.5226	-0.0508	0.0579	-0.8773747841105354	0.3806	2764	VBI_any
rs7499959	NA	NA	NA	NA	NA	NA	NA	NA	NA	NA	NA
rs35613341	NA	NA	NA	NA	NA	NA	NA	NA	NA	NA	NA
rs2434865	NA	NA	NA	NA	NA	NA	NA	NA	NA	NA	NA
rs1062923	17	649067	A	G	0.1746	-0.0425	0.0739	-0.575101	0.5657	2764	VBI_any
rs12948875	17	1347649	A	C	0.707	0.0211	0.0632	0.333861	0.7379	2764	VBI_any
rs4480845	17	1958609	T	C	0.6187	-0.0332	0.0641	-0.517941	0.6044	2764	VBI_any
rs238237	17	4902958	G	A	0.7463	-0.0995	0.0781	-1.2740076824583868	0.2022	2764	VBI_any
rs4796514	17	6475090	T	C	0.3907	-0.0164	0.0591	-0.277496	0.7808	2764	VBI_any
rs2074216	17	7133609	G	A	0.3461	0.0386	0.0619	0.6235864297253636	0.5326	2764	VBI_any
rs78378222	NA	NA	NA	NA	NA	NA	NA	NA	NA	NA	NA
rs62062618	17	7658587	G	A	0.1235	0.2141	0.1001	2.138861138861139	0.0324	2764	VBI_any
rs11868035	17	17715101	G	A	0.2952	-0.0262	0.0627	-0.4178628389154705	0.6754	2764	VBI_any
rs9916675	17	19900168	A	G	0.4143	-0.0109	0.0582	-0.187285	0.851	2764	VBI_any
rs138285687	17	27195674	C	T	0.0383	-0.0522	0.1705	-0.306158357771261	0.7593	2764	VBI_any
rs365112	NA	NA	NA	NA	NA	NA	NA	NA	NA	NA	NA
rs9900089	17	30772577	C	T	0.5856	-0.1298	0.0593	-2.188870151770658	0.028560000000000002	2764	VBI_any
rs3135967	17	33313729	A	G	0.4668	-0.0293	0.0596	-0.491611	0.6233	2764	VBI_any
rs12150495	17	40388430	G	A	0.0631	-0.1409	0.1367	-1.0307242136064376	0.3027	2764	VBI_any
rs324075	17	41026523	A	G	0.1686	-0.2147	0.09300000000000001	-2.3086	0.02095	2764	VBI_any
rs150055076	17	42009211	G	A	0.1742	-0.0379	0.0775	-0.48903225806451617	0.6247	2764	VBI_any
rs12603813	17	43196584	T	C	0.2603	0.0345	0.0645	0.534884	0.5934	2764	VBI_any
rs7218394	17	43553150	T	C	0.5389	-0.0195	0.0633	-0.308057	0.7577	2764	VBI_any
rs17608766	17	45013271	T	C	0.1275	0.1502	0.0862	1.74246	0.08137	2764	VBI_any
rs72829615	17	45474030	C	T	0.0741	-0.1346	0.1115	-1.2071748878923767	0.2276	2764	VBI_any
rs62065796	17	46508156	G	A	0.0227	0.0558	0.2475	0.22545454545454546	0.8216	2764	VBI_any
rs9221	17	46675813	C	T	0.9106	-0.003	0.1031	-0.02909796314258002	0.9766	2764	VBI_any
rs80080721	17	47777540	G	T	0.1278	0.1472	0.0849	1.7338044758539457	0.08288999999999999	2764	VBI_any
rs2320109	17	50796472	T	C	0.7091	0.0824	0.0639	1.28951	0.1976	2764	VBI_any
rs12325702	NA	NA	NA	NA	NA	NA	NA	NA	NA	NA	NA
rs302864	17	56757584	G	A	0.1009	-0.0518	0.106	-0.48867924528301887	0.6254	2764	VBI_any
rs2645490	17	57878509	G	A	0.1833	0.0445	0.0771	0.5771725032425421	0.5639	2764	VBI_any
rs2378816	NA	NA	NA	NA	NA	NA	NA	NA	NA	NA	NA
rs2109019	17	59475888	A	C	0.7852	0.0074	0.0751	0.0985353	0.9215	2764	VBI_any
rs56288724	17	60767135	A	G	0.4121	0.121	0.0597	2.0268	0.04268	2764	VBI_any
rs1991401	17	62502435	A	G	0.3161	-0.0939	0.0625	-1.5024	0.133	2764	VBI_any
rs7223733	17	62659889	C	A	0.8126	0.1572	0.0806	1.9503722084367245	0.0513	2764	VBI_any
rs112699970	17	64257958	A	G	0.0304	0.0223	0.1739	0.128235	0.8978	2764	VBI_any
rs62086903	17	66016006	T	C	0.1965	0.086	0.08800000000000001	0.977273	0.3281	2764	VBI_any
rs4788913	17	73950216	G	A	0.6435	-0.0583	0.0606	-0.962046204620462	0.3366	2764	VBI_any
rs35504735	17	74686809	A	G	0.4469	0.0137	0.0569	0.240773	0.8098	2764	VBI_any
rs34587622	17	75398498	C	T	0.113	0.0137	0.1284	0.10669781931464176	0.9149	2764	VBI_any
rs9302885	17	76799898	A	G	0.546	-0.053900000000000003	0.0602	-0.895349	0.3708	2764	VBI_any
rs9901265	17	79415766	G	A	0.4012	0.0667	0.0751	0.8881491344873501	0.3744	2764	VBI_any
rs34413141	NA	NA	NA	NA	NA	NA	NA	NA	NA	NA	NA
rs7811	18	3256112	A	G	0.1282	0.0198	0.0853	0.232122	0.8165	2764	VBI_any
rs963920	18	12711052	T	G	0.3207	0.0233	0.0615	0.378862	0.7045	2764	VBI_any
rs929581	18	20069699	T	C	0.3467	-0.0848	0.0631	-1.3439	0.1789	2764	VBI_any
rs62082230	NA	NA	NA	NA	NA	NA	NA	NA	NA	NA	NA
rs163049	18	24523500	G	A	0.5891	0.0143	0.0586	0.2440273037542662	0.8072	2764	VBI_any
rs948390	18	26261406	C	T	0.2332	-0.0912	0.0697	-1.308464849354376	0.1909	2764	VBI_any
rs61735998	18	34289285	G	T	0.0136	-0.3413	0.36870000000000003	-0.925684838622186	0.3546	2764	VBI_any
rs9949727	18	42088422	G	A	0.3204	0.0188	0.0631	0.2979397781299524	0.7657	2764	VBI_any
rs11874246	18	42596789	C	T	0.2989	-0.0534	0.0625	-0.8544	0.3925	2764	VBI_any
rs7236548	18	43097750	C	A	0.1635	-0.0834	0.0811	-1.0283600493218248	0.3034	2764	VBI_any
rs72909605	18	45819621	C	T	0.1837	-0.0715	0.0891	-0.802469135802469	0.42200000000000004	2764	VBI_any
rs35966426	18	46314172	C	T	0.1412	0.0841	0.0873	0.963344788087056	0.3352	2764	VBI_any
rs11872627	18	48287818	C	T	0.1287	0.0322	0.0901	0.35738068812430634	0.7211	2764	VBI_any
rs599550	18	53252388	G	A	0.853	0.0385	0.0833	0.46218487394957986	0.6441	2764	VBI_any
rs10048404	18	54578482	C	T	0.4075	-0.0211	0.0669	-0.3153961136023916	0.7528	2764	VBI_any
rs663640	18	57846077	C	T	0.217	-0.078	0.0712	-1.095505617977528	0.2738	2764	VBI_any
rs12172847	18	60223017	G	A	0.3372	0.0624	0.0601	1.038269550748752	0.2989	2764	VBI_any
rs8095257	NA	NA	NA	NA	NA	NA	NA	NA	NA	NA	NA
rs1047922	18	74070562	T	C	0.1441	-0.0425	0.0974	-0.436345	0.6625	2764	VBI_any
rs7250835	19	670234	T	C	0.8398	0.0442	0.0836	0.528708	0.5967	2764	VBI_any
rs3760994	19	1435771	G	A	0.4723	-0.1494	0.0689	-2.1683599419448476	0.03015	2764	VBI_any
rs28626548	19	1865673	A	G	0.1635	0.037	0.084	0.440476	0.659	2764	VBI_any
rs8102624	19	2161443	G	A	0.0829	0.0564	0.1107	0.5094850948509485	0.6104	2764	VBI_any
rs350887	19	4119012	A	G	0.7856	0.094	0.0712	1.32022	0.1872	2764	VBI_any
rs35502362	19	4966041	C	T	0.3517	0.133	0.0615	2.16260162601626	0.030619999999999998	2764	VBI_any
rs2613792	19	5146703	C	T	0.37	-0.0397	0.0634	-0.6261829652996845	0.5313	2764	VBI_any
rs10420008	19	7234575	A	G	0.2321	-0.026	0.0689	-0.377358	0.7063	2764	VBI_any
rs12978472	NA	NA	NA	NA	NA	NA	NA	NA	NA	NA	NA
rs10409243	19	10332988	C	T	0.6022	-0.025	0.0603	-0.41459369817578773	0.6779	2764	VBI_any
rs76213248	19	11269893	C	T	0.3872	-0.0986	0.0602	-1.6378737541528239	0.1016	2764	VBI_any
rs167479	19	11526765	G	T	0.4067	-0.10800000000000001	0.0994	-1.0865191146881288	0.2774	2764	VBI_any
rs2024133	19	13234887	G	A	0.5569	-0.0586	0.0596	-0.9832214765100671	0.3254	2764	VBI_any
rs7408868	NA	NA	NA	NA	NA	NA	NA	NA	NA	NA	NA
rs8111708	19	18558876	A	G	0.3523	0.0418	0.0603	0.693201	0.4888	2764	VBI_any
rs56159542	19	19682971	T	C	0.7924	0.0392	0.0713	0.54979	0.5826	2764	VBI_any
rs28572357	19	31867447	A	C	0.3649	0.1202	0.0612	1.96405	0.04958	2764	VBI_any
rs7256564	19	33889593	A	G	0.6818	-0.0531	0.0613	-0.866232	0.3866	2764	VBI_any
rs55825113	19	37682425	A	C	0.5017	0.0543	0.0577	0.941075	0.34700000000000003	2764	VBI_any
rs2303040	19	39138608	T	C	0.4604	-0.0716	0.0594	-1.20539	0.2285	2764	VBI_any
rs117557920	19	41078591	G	A	0.1714	0.0595	0.0991	0.6004036326942482	0.5479	2764	VBI_any
rs1800470	19	41858921	G	A	0.6087	-0.0286	0.0603	-0.47429519071310117	0.6347	2764	VBI_any
rs7412	19	45412079	C	T	0.0616	-0.0073	0.1643	-0.044430919050517347	0.9645	2764	VBI_any
rs11083767	19	45715680	T	C	0.359	-0.0885	0.0934	-0.947537	0.3432	2764	VBI_any
rs17571725	19	46290822	C	T	0.3415	0.0027	0.0611	0.044189852700491	0.9642	2764	VBI_any
rs281379	19	49214274	G	A	0.5127	0.0682	0.0588	1.1598639455782314	0.2465	2764	VBI_any
rs73046792	19	49605705	G	A	0.1738	0.055	0.0825	0.6666666666666666	0.5051	2764	VBI_any
rs138877676	NA	NA	NA	NA	NA	NA	NA	NA	NA	NA	NA
rs2143635	20	2793063	T	C	0.1009	0.0505	0.10300000000000001	0.490291	0.6236	2764	VBI_any
rs34763957	20	4090682	G	A	0.3173	0.0778	0.0644	1.2080745341614907	0.2272	2764	VBI_any
rs11087740	20	6657554	T	C	0.4986	0.0556	0.0577	0.963605	0.3357	2764	VBI_any
rs6118279	20	8626282	A	G	0.3479	-0.0529	0.0662	-0.799094	0.4246	2764	VBI_any
rs6056341	NA	NA	NA	NA	NA	NA	NA	NA	NA	NA	NA
rs2143618	20	10614420	A	G	0.1657	-0.1254	0.08	-1.5675	0.11699999999999999	2764	VBI_any
rs2206815	20	10669188	C	A	0.484	-0.0193	0.0602	-0.3205980066445183	0.7481	2764	VBI_any
rs6078000	20	10977631	A	G	0.2844	0.0454	0.0632	0.718354	0.4729	2764	VBI_any
rs58405489	20	17921474	G	T	0.1265	-0.128	0.0871	-1.4695752009184846	0.142	2764	VBI_any
rs6132154	NA	NA	NA	NA	NA	NA	NA	NA	NA	NA	NA
rs6035355	NA	NA	NA	NA	NA	NA	NA	NA	NA	NA	NA
rs6141767	NA	NA	NA	NA	NA	NA	NA	NA	NA	NA	NA
rs139017457	NA	NA	NA	NA	NA	NA	NA	NA	NA	NA	NA
rs6060355	20	33890061	G	A	0.3895	-0.0323	0.0601	-0.5374376039933445	0.5907	2764	VBI_any
rs4811601	20	36849007	C	T	0.449	-0.0644	0.0594	-1.0841750841750841	0.2784	2764	VBI_any
rs4812536	20	40258709	A	G	0.3404	0.1372	0.0618	2.22006	0.02635	2764	VBI_any
rs6031431	20	42795152	A	G	0.4623	0.0205	0.0595	0.344538	0.7308	2764	VBI_any
rs80346118	20	47411149	G	A	0.1518	-0.1754	0.0822	-2.1338199513381997	0.032869999999999996	2764	VBI_any
rs6021247	20	50108980	G	A	0.5375	-0.0713	0.057999999999999996	-1.2293103448275864	0.2186	2764	VBI_any
rs11906149	NA	NA	NA	NA	NA	NA	NA	NA	NA	NA	NA
rs13045735	20	60959890	A	G	0.1525	0.057	0.0653	0.872894	0.3824	2764	VBI_any
rs8118848	20	62461572	G	A	0.3355	-0.0775	0.0585	-1.3247863247863247	0.1854	2764	VBI_any
rs2229742	NA	NA	NA	NA	NA	NA	NA	NA	NA	NA	NA
rs12483016	21	16546125	G	T	0.2119	-0.039	0.0705	-0.5531914893617021	0.5804	2764	VBI_any
rs229085	21	28251455	A	G	0.1413	0.0565	0.1023	0.552297	0.5807	2764	VBI_any
rs11909120	NA	NA	NA	NA	NA	NA	NA	NA	NA	NA	NA
rs8132992	21	30750561	T	C	0.4023	-0.026	0.059000000000000004	-0.440678	0.6599	2764	VBI_any
rs2833839	21	33818070	G	A	0.2997	0.0149	0.0646	0.23065015479876158	0.8181	2764	VBI_any
rs9976596	21	35596842	T	C	0.1481	-0.0563	0.0902	-0.624169	0.5324	2764	VBI_any
rs2836411	21	39819830	C	T	0.3447	-0.0356	0.0621	-0.573268921095008	0.5672	2764	VBI_any
rs112005532	NA	NA	NA	NA	NA	NA	NA	NA	NA	NA	NA
rs2277788	NA	NA	NA	NA	NA	NA	NA	NA	NA	NA	NA
rs12627651	21	44760603	G	A	0.2819	-0.0655	0.068	-0.9632352941176471	0.3353	2764	VBI_any
rs35796750	21	47422412	C	T	0.6138	-0.032	0.06	-0.5333333333333333	0.5936	2764	VBI_any
rs11701512	21	47962811	A	G	0.8371	0.002	0.0796	0.0251256	0.9803	2764	VBI_any
rs4819852	22	19988167	G	A	0.287	0.0304	0.063	0.48253968253968255	0.6294	2764	VBI_any
rs62235149	22	22196532	G	A	0.3872	0.083	0.0612	1.3562091503267975	0.1749	2764	VBI_any
rs134092	NA	NA	NA	NA	NA	NA	NA	NA	NA	NA	NA
rs16986825	22	29300306	C	T	0.158	-0.0891	0.08	-1.11375	0.2656	2764	VBI_any
rs5753103	22	30768777	G	A	0.4467	-0.028999999999999998	0.0579	-0.5008635578583764	0.6163	2764	VBI_any
rs144673475	22	31781792	T	C	0.044	0.0089	0.1437	0.0619346	0.9506	2764	VBI_any
rs5750482	22	38117943	T	C	0.6103	0.1187	0.0606	1.95875	0.05006	2764	VBI_any
rs139919	22	40726183	T	C	0.1611	-0.007	0.0831	-0.0842359	0.9328	2764	VBI_any
rs73161324	22	42038786	C	T	0.0725	0.1789	0.1389	1.2879769618430525	0.1976	2764	VBI_any
rs6007594	22	45728370	G	A	0.273	-0.0521	0.0652	-0.799079754601227	0.424	2764	VBI_any
rs148140538	22	50228044	C	T	0.2023	0.013999999999999999	0.0619	0.22617124394184168	0.8207	2764	VBI_any
rs28578714	22	50727921	T	C	0.4874	0.068	0.0678	1.00295	0.3156	2764	VBI_any
