SNP	CHR	POS	Effect_allele	Non_Effect_allele	EAF	Beta	SE	P	r2	N	P_GC_MA_adj
rs58107686	NA	NA	NA	NA	NA	NA	NA	NA	NA	NA	NA
rs1416706	1	46602844	A	G	0.671897	0.0015	0.0025	0.176	9.920313962595001e-7	56832.85	0.188438823843807
rs11209742	NA	NA	NA	NA	NA	NA	NA	NA	NA	NA	NA
rs12124523	1	72621463	T	C	0.0928241	-0.0052	0.0049	0.721	4.553957091712995e-6	48612.2	0.728513386940857
rs10753661	NA	NA	NA	NA	NA	NA	NA	NA	NA	NA	NA
rs28680958	NA	NA	NA	NA	NA	NA	NA	NA	NA	NA	NA
rs6675528	1	174896299	A	G	0.712196	0.0014	0.0026	0.293	8.034936017292798e-7	57114	0.30675150402333
rs139920619	NA	NA	NA	NA	NA	NA	NA	NA	NA	NA	NA
rs823099	NA	NA	NA	NA	NA	NA	NA	NA	NA	NA	NA
rs3990965	NA	NA	NA	NA	NA	NA	NA	NA	NA	NA	NA
rs79072804	NA	NA	NA	NA	NA	NA	NA	NA	NA	NA	NA
rs61837208	NA	NA	NA	NA	NA	NA	NA	NA	NA	NA	NA
rs1260326	2	27730940	T	C	0.40481999999999996	0.0138	0.0023	8.02e-14	9.1769519563488e-5	57622.93	3.85877323380713e-13
rs441413	2	40393539	T	G	0.9243456	0.0028	0.0049	0.9326	1.0965151284068353e-6	54757.16	0.934486557177706
rs62135521	NA	NA	NA	NA	NA	NA	NA	NA	NA	NA	NA
rs528301	2	45154908	A	G	0.605266	0.0019	0.0026	0.4163	1.72499567994168e-6	48146.41	0.429496942600281
rs1949613	2	58050936	T	G	0.709486	-0.0027	0.0024	0.5193	3.0051656784223203e-6	57679.47	0.531088157432266
rs6739804	2	63269604	T	C	0.33968299999999996	0.0017	0.0024	0.7364	1.2964450959735799e-6	57434.44	0.743531258107146
rs7587577	NA	NA	NA	NA	NA	NA	NA	NA	NA	NA	NA
rs78876991	NA	NA	NA	NA	NA	NA	NA	NA	NA	NA	NA
rs4233567	NA	NA	NA	NA	NA	NA	NA	NA	NA	NA	NA
rs72859280	NA	NA	NA	NA	NA	NA	NA	NA	NA	NA	NA
rs4664531	2	152986041	T	C	0.722128	-9e-4	0.0024	0.8123	3.2506782561792e-7	57509.68	0.81747164894568
rs10168014	2	162105737	A	G	0.200816	-0.0312	0.0167	0.07046	3.1245269610627067e-4	5903	0.0787146560511492
rs1377491	2	178173386	A	T	0.19340900000000005	0.0049	0.0032	0.03127	7.4912140576863805e-6	48883	0.0363312098940707
rs75750180	NA	NA	NA	NA	NA	NA	NA	NA	NA	NA	NA
rs56337305	NA	NA	NA	NA	NA	NA	NA	NA	NA	NA	NA
rs2713544	NA	NA	NA	NA	NA	NA	NA	NA	NA	NA	NA
rs6809836	3	70940892	A	G	0.29384	6e-4	0.0025	0.6458	1.4939859916799996e-7	57580.33	0.655083957448168
rs13066050	3	81325861	T	C	0.20154	-0.004	0.0029	0.4102	5.149492108799999e-6	54980.46	0.423457264058883
rs28732378	NA	NA	NA	NA	NA	NA	NA	NA	NA	NA	NA
rs79373562	NA	NA	NA	NA	NA	NA	NA	NA	NA	NA	NA
rs9809760	3	117599116	T	C	0.5297510000000001	0.0026	0.0022	0.2042	3.3680331505464798e-6	57539.01	0.217182020970801
rs60654199	NA	NA	NA	NA	NA	NA	NA	NA	NA	NA	NA
rs13077520	NA	NA	NA	NA	NA	NA	NA	NA	NA	NA	NA
rs6787172	3	158187811	T	G	0.45423500000000006	0.0034	0.0021	0.1743	5.731576657598e-6	57445.26	0.186700324758899
rs7618629	NA	NA	NA	NA	NA	NA	NA	NA	NA	NA	NA
rs12646808	4	3249828	T	C	0.662057	-0.0505	0.0289	0.08062	0.0011411732653944758	1230	0.089491543654937
rs7661710	4	18317770	A	G	0.513228	0.001	0.0022	0.7263	4.996500400319999e-7	57371.53	0.73368254403444
rs28712821	NA	NA	NA	NA	NA	NA	NA	NA	NA	NA	NA
rs16854020	4	42117559	A	G	0.126548	-7e-4	0.0039	0.7075	1.0832293162208e-7	57630	0.71534336117831
rs72876662	NA	NA	NA	NA	NA	NA	NA	NA	NA	NA	NA
rs140572477	NA	NA	NA	NA	NA	NA	NA	NA	NA	NA	NA
rs4290898	NA	NA	NA	NA	NA	NA	NA	NA	NA	NA	NA
rs140184756	NA	NA	NA	NA	NA	NA	NA	NA	NA	NA	NA
rs1229984	NA	NA	NA	NA	NA	NA	NA	NA	NA	NA	NA
rs78234152	NA	NA	NA	NA	NA	NA	NA	NA	NA	NA	NA
rs2116993	NA	NA	NA	NA	NA	NA	NA	NA	NA	NA	NA
rs13107325	4	103188709	T	C	0.065445	-0.0119	0.0061	0.03411	1.7322288038359502e-5	48514	0.0394628364300075
rs2713871	4	106325106	T	G	0.522421	-1e-4	0.0021	0.734	4.98994597518e-9	57682.8	0.741191196252063
rs2074378	4	113278057	T	C	0.340791	-0.0019	0.0024	0.3366	1.6219910089831798e-6	52750	0.350331149186101
rs331939	4	143654889	A	G	0.339205	0.0069	0.0023	0.004965	2.13430838505795e-5	57561	0.00632417050022712
rs7698119	NA	NA	NA	NA	NA	NA	NA	NA	NA	NA	NA
rs28694391	NA	NA	NA	NA	NA	NA	NA	NA	NA	NA	NA
rs13124335	NA	NA	NA	NA	NA	NA	NA	NA	NA	NA	NA
rs1910091	NA	NA	NA	NA	NA	NA	NA	NA	NA	NA	NA
rs1540751	5	19985234	T	C	0.42725599999999997	-0.0021	0.0021	0.09813	2.1583272982924795e-6	57524.85	0.107925891596558
rs4481304	NA	NA	NA	NA	NA	NA	NA	NA	NA	NA	NA
rs4916723	5	87854395	A	C	0.596212	-0.0012	0.0022	0.4193	6.933405630412799e-7	57350.77	0.432466212633549
rs12513758	NA	NA	NA	NA	NA	NA	NA	NA	NA	NA	NA
rs4501371	NA	NA	NA	NA	NA	NA	NA	NA	NA	NA	NA
rs55872084	NA	NA	NA	NA	NA	NA	NA	NA	NA	NA	NA
rs55786063	NA	NA	NA	NA	NA	NA	NA	NA	NA	NA	NA
rs2545799	NA	NA	NA	NA	NA	NA	NA	NA	NA	NA	NA
rs9349379	6	12903957	A	G	0.601063	-0.0033	0.0026	0.4141	5.222544961275179e-6	56277.72	0.427319034293724
rs1906252	6	98550289	A	C	0.465953	0.003	0.0022	0.4749	4.479134432238e-6	57558.06	0.487379078113518
rs911475	6	109263187	T	C	0.152803	4e-4	0.0037	0.8575	4.142535782112e-8	48825.32	0.861456760110982
rs74375407	NA	NA	NA	NA	NA	NA	NA	NA	NA	NA	NA
rs6962879	7	14295168	C	G	0.40117	0	0.0029	0.667	0	48916.36	0.675802371229013
rs11238438	7	51358762	C	G	0.408238	0	0.0021	0.9351	0	57639.93	0.936916884060557
rs10085696	7	69783020	A	G	0.799369	0.0049	0.0029	0.2097	7.70136125230878e-6	57608.7	0.222768492292262
rs34958196	NA	NA	NA	NA	NA	NA	NA	NA	NA	NA	NA
rs10236149	NA	NA	NA	NA	NA	NA	NA	NA	NA	NA	NA
rs2299409	NA	NA	NA	NA	NA	NA	NA	NA	NA	NA	NA
rs6951574	NA	NA	NA	NA	NA	NA	NA	NA	NA	NA	NA
rs2724988	NA	NA	NA	NA	NA	NA	NA	NA	NA	NA	NA
rs13254315	NA	NA	NA	NA	NA	NA	NA	NA	NA	NA	NA
rs9297173	NA	NA	NA	NA	NA	NA	NA	NA	NA	NA	NA
rs4380889	8	33663381	A	G	0.421605	0.0019	0.0021	0.3176	1.7606274970995001e-6	57678	0.331366922780131
rs112537273	NA	NA	NA	NA	NA	NA	NA	NA	NA	NA	NA
rs78718497	NA	NA	NA	NA	NA	NA	NA	NA	NA	NA	NA
rs6982152	8	64779013	T	C	0.23232200000000003	-0.0011	0.0027	0.3828	4.3160334172472004e-7	57366.91	0.396290802776201
rs10097299	8	93329382	T	G	0.806237	-0.006	0.0028	0.03394	1.1247760787832002e-5	57490.27	0.0392757377671596
rs800578	8	116869477	T	C	0.21077900000000005	-0.0017	0.0028	0.5511	9.615100120590201e-7	57619.07	0.562326747487361
rs28601761	NA	NA	NA	NA	NA	NA	NA	NA	NA	NA	NA
rs10512093	9	82446394	A	G	0.516292	3e-4	0.0022	0.8552	4.4952222732479995e-8	57215	0.859219258218977
rs138068171	NA	NA	NA	NA	NA	NA	NA	NA	NA	NA	NA
rs55932213	NA	NA	NA	NA	NA	NA	NA	NA	NA	NA	NA
rs4743005	9	109327591	A	G	0.184432	-0.0059	0.0029	0.06066	1.047202021811712e-5	57586.78	0.0682524658983134
rs7043551	NA	NA	NA	NA	NA	NA	NA	NA	NA	NA	NA
rs13288470	9	129688559	A	T	0.881229	0.0032	0.0042	0.7083	2.1435279269683194e-6	57439.68	0.716123942811296
rs10996513	NA	NA	NA	NA	NA	NA	NA	NA	NA	NA	NA
rs61873510	NA	NA	NA	NA	NA	NA	NA	NA	NA	NA	NA
rs72825968	NA	NA	NA	NA	NA	NA	NA	NA	NA	NA	NA
rs77232328	NA	NA	NA	NA	NA	NA	NA	NA	NA	NA	NA
rs2049045	11	27694241	C	G	0.18919	5e-4	0.0032	0.7348	7.669857195e-8	48923.78	0.741971232374396
rs4756121	11	33204159	C	G	0.665322	0.0016	0.0023	0.8326	1.14006341793792e-6	57557	0.837229675217125
rs60816887	NA	NA	NA	NA	NA	NA	NA	NA	NA	NA	NA
rs12285419	NA	NA	NA	NA	NA	NA	NA	NA	NA	NA	NA
rs4752999	11	47428565	T	C	0.321035	0.003	0.0024	0.5238	3.923487517950001e-6	57659	0.535511899159594
rs11231299	11	62771388	A	G	0.192963	0.0028	0.0033	0.5301	2.44181944029408e-6	56595	0.541703330151674
rs4309187	11	113412443	A	C	0.303311	2e-4	0.0025	0.8112	1.6905074982320003e-8	57252	0.81640083004097
rs17542254	11	113655696	A	G	0.749492	-0.003	0.0026	0.05071	3.3795673548479996e-6	57606.06	0.0575501041479836
rs7106546	11	116079170	T	G	0.755374	8e-4	0.0026	0.6866	2.3652367375872e-7	57636.14	0.694944317718759
rs682011	11	121544285	T	C	0.433431	0.0016	0.0022	0.415	1.2573110693836801e-6	55532	0.428210042389712
rs35247189	NA	NA	NA	NA	NA	NA	NA	NA	NA	NA	NA
rs35011311	NA	NA	NA	NA	NA	NA	NA	NA	NA	NA	NA
rs73107969	NA	NA	NA	NA	NA	NA	NA	NA	NA	NA	NA
rs2336448	12	50212628	T	C	0.418294	6e-4	0.0025	0.5773	1.7519337328607998e-7	48834.28	0.588027117188272
rs7971859	12	51866406	A	G	0.45258699999999996	0.0014	0.0021	0.1301	9.7118786912952e-7	57655.88	0.141225859717442
rs3809162	12	54674235	A	G	0.5861259999999999	-0.0012	0.0022	0.597	6.986370589171199e-7	57587.26	0.607331274712507
rs1609028	12	75409357	C	G	0.59729	0.005	0.0022	0.002948	1.2026732795e-5	57658.48	0.00385610078010445
rs61934664	NA	NA	NA	NA	NA	NA	NA	NA	NA	NA	NA
rs147865473	NA	NA	NA	NA	NA	NA	NA	NA	NA	NA	NA
rs1387766	12	92081800	A	G	0.621789	-0.0015	0.0023	0.422	1.0582534776555e-6	57476.17	0.435137964561721
rs4369456	12	97680728	A	C	0.740191	-0.002	0.0026	0.4877	1.5384662681519999e-6	57525.61	0.499991833467081
rs55863153	NA	NA	NA	NA	NA	NA	NA	NA	NA	NA	NA
rs943724	13	27274270	A	G	0.750847	-7e-4	0.0028	0.7845	1.8333426693917995e-7	53075.38	0.790402674354663
rs1927847	13	54060827	T	C	0.6219589999999999	0.0031	0.0027	0.6071	4.51912176457118e-6	56514	0.617222044057956
rs34704785	NA	NA	NA	NA	NA	NA	NA	NA	NA	NA	NA
rs4772260	13	100645723	T	C	0.571866	-0.0033	0.0022	0.1696	5.33251235579832e-6	56603	0.18189021452073
rs1825395	NA	NA	NA	NA	NA	NA	NA	NA	NA	NA	NA
rs1123285	14	57274519	C	G	0.660548	-7e-4	0.0024	0.8963	2.1973985290207998e-7	57291.37	0.899193498737808
rs6573197	NA	NA	NA	NA	NA	NA	NA	NA	NA	NA	NA
rs28929474	NA	NA	NA	NA	NA	NA	NA	NA	NA	NA	NA
rs281287	15	47681552	A	G	0.622128	-7e-4	0.0023	0.8123	2.3038305658368e-7	57644.4	0.81747164894568
rs2414133	15	52412563	A	G	0.691346	-0.0074	0.0024	0.03671	2.337011229126368e-5	57516.08	0.0423189890156854
rs10518876	15	57065787	A	G	0.166631	0.0022	0.003	0.5662	1.34421426324152e-6	57629.17	0.577142665285084
rs35807116	NA	NA	NA	NA	NA	NA	NA	NA	NA	NA	NA
rs28616142	NA	NA	NA	NA	NA	NA	NA	NA	NA	NA	NA
rs17177078	16	24810681	T	C	0.0663536	-0.0043	0.0051	0.3405	2.290940575385139e-6	48772	0.354218999401122
rs153106	NA	NA	NA	NA	NA	NA	NA	NA	NA	NA	NA
rs3814877	NA	NA	NA	NA	NA	NA	NA	NA	NA	NA	NA
rs1558902	16	53803574	A	T	0.400108	0.0043	0.0022	0.02021	8.87599833666528e-6	57589.01	0.0239911061123651
rs62044525	NA	NA	NA	NA	NA	NA	NA	NA	NA	NA	NA
rs73562876	NA	NA	NA	NA	NA	NA	NA	NA	NA	NA	NA
rs16959025	16	69695589	T	G	0.808639	-6e-4	0.0031	0.6371	1.1141421672887999e-7	54877	0.646577154442152
rs79616692	NA	NA	NA	NA	NA	NA	NA	NA	NA	NA	NA
rs11860773	NA	NA	NA	NA	NA	NA	NA	NA	NA	NA	NA
rs13332432	NA	NA	NA	NA	NA	NA	NA	NA	NA	NA	NA
rs11656013	NA	NA	NA	NA	NA	NA	NA	NA	NA	NA	NA
rs34121753	NA	NA	NA	NA	NA	NA	NA	NA	NA	NA	NA
rs1971157	17	27925343	C	G	0.384185	0.0027	0.0024	0.283	3.4494367945995005e-6	56931.97	0.296723718616812
rs7502556	NA	NA	NA	NA	NA	NA	NA	NA	NA	NA	NA
rs732770	17	35440637	A	G	0.356806	-0.0017	0.0023	0.866	1.32648386494392e-6	57540.81	0.869725232445519
rs76640332	NA	NA	NA	NA	NA	NA	NA	NA	NA	NA	NA
rs35895680	NA	NA	NA	NA	NA	NA	NA	NA	NA	NA	NA
rs79415988	NA	NA	NA	NA	NA	NA	NA	NA	NA	NA	NA
rs10438820	17	78524597	T	C	0.685079	-8e-4	0.0024	0.9283	2.7615457761152e-7	57571.59	0.930306310544784
rs28597806	NA	NA	NA	NA	NA	NA	NA	NA	NA	NA	NA
rs78308288	NA	NA	NA	NA	NA	NA	NA	NA	NA	NA	NA
rs1011392	NA	NA	NA	NA	NA	NA	NA	NA	NA	NA	NA
rs1942964	18	55027212	T	G	0.5232060000000001	-8e-4	0.0021	0.5828	3.1931069640192e-7	57628.09	0.593418280832636
rs838145	19	49248730	A	G	0.584278	-0.007	0.0022	2.014e-5	2.3803927434168002e-5	54482.83	3.4170600065986e-5
rs28429420	NA	NA	NA	NA	NA	NA	NA	NA	NA	NA	NA
rs6106989	20	25027630	A	G	0.627733	0.004	0.0023	0.05489	7.4778969827519995e-6	56196.44	0.0620569803995102
rs9607814	NA	NA	NA	NA	NA	NA	NA	NA	NA	NA	NA
rs17884691	NA	NA	NA	NA	NA	NA	NA	NA	NA	NA	NA
rs149015425	NA	NA	NA	NA	NA	NA	NA	NA	NA	NA	NA
