SNP	CHR	POS	Effect_allele	Non_Effect_allele	EAF	Beta	SE	P	r2	N	P_GC_MA_adj
rs10753661	NA	NA	NA	NA	NA	NA	NA	NA	NA	NA	NA
rs28680958	NA	NA	NA	NA	NA	NA	NA	NA	NA	NA	NA
rs1260326	2	27730940	T	C	0.40481999999999996	0.0138	0.0023	8.02e-14	9.1769519563488e-5	57622.93	3.85877323380713e-13
rs62135521	NA	NA	NA	NA	NA	NA	NA	NA	NA	NA	NA
rs528301	2	45154908	A	G	0.605266	0.0019	0.0026	0.4163	1.72499567994168e-6	48146.41	0.429496942600281
rs6739804	2	63269604	T	C	0.33968299999999996	0.0017	0.0024	0.7364	1.2964450959735799e-6	57434.44	0.743531258107146
rs4233567	NA	NA	NA	NA	NA	NA	NA	NA	NA	NA	NA
rs28732378	NA	NA	NA	NA	NA	NA	NA	NA	NA	NA	NA
rs28712821	NA	NA	NA	NA	NA	NA	NA	NA	NA	NA	NA
rs16854020	4	42117559	A	G	0.126548	-7e-4	0.0039	0.7075	1.0832293162208e-7	57630	0.71534336117831
rs140572477	NA	NA	NA	NA	NA	NA	NA	NA	NA	NA	NA
rs140184756	NA	NA	NA	NA	NA	NA	NA	NA	NA	NA	NA
rs1229984	NA	NA	NA	NA	NA	NA	NA	NA	NA	NA	NA
rs78234152	NA	NA	NA	NA	NA	NA	NA	NA	NA	NA	NA
rs13107325	4	103188709	T	C	0.065445	-0.0119	0.0061	0.03411	1.7322288038359502e-5	48514	0.0394628364300075
rs331939	4	143654889	A	G	0.339205	0.0069	0.0023	0.004965	2.13430838505795e-5	57561	0.00632417050022712
rs4916723	5	87854395	A	C	0.596212	-0.0012	0.0022	0.4193	6.933405630412799e-7	57350.77	0.432466212633549
rs55872084	NA	NA	NA	NA	NA	NA	NA	NA	NA	NA	NA
rs10085696	7	69783020	A	G	0.799369	0.0049	0.0029	0.2097	7.70136125230878e-6	57608.7	0.222768492292262
rs2299409	NA	NA	NA	NA	NA	NA	NA	NA	NA	NA	NA
rs6951574	NA	NA	NA	NA	NA	NA	NA	NA	NA	NA	NA
rs28601761	NA	NA	NA	NA	NA	NA	NA	NA	NA	NA	NA
rs55932213	NA	NA	NA	NA	NA	NA	NA	NA	NA	NA	NA
rs2049045	11	27694241	C	G	0.18919	5e-4	0.0032	0.7348	7.669857195e-8	48923.78	0.741971232374396
rs4752999	11	47428565	T	C	0.321035	0.003	0.0024	0.5238	3.923487517950001e-6	57659	0.535511899159594
rs4309187	11	113412443	A	C	0.303311	2e-4	0.0025	0.8112	1.6905074982320003e-8	57252	0.81640083004097
rs17542254	11	113655696	A	G	0.749492	-0.003	0.0026	0.05071	3.3795673548479996e-6	57606.06	0.0575501041479836
rs7106546	11	116079170	T	G	0.755374	8e-4	0.0026	0.6866	2.3652367375872e-7	57636.14	0.694944317718759
rs682011	11	121544285	T	C	0.433431	0.0016	0.0022	0.415	1.2573110693836801e-6	55532	0.428210042389712
rs1387766	12	92081800	A	G	0.621789	-0.0015	0.0023	0.422	1.0582534776555e-6	57476.17	0.435137964561721
rs34704785	NA	NA	NA	NA	NA	NA	NA	NA	NA	NA	NA
rs1123285	14	57274519	C	G	0.660548	-7e-4	0.0024	0.8963	2.1973985290207998e-7	57291.37	0.899193498737808
rs6573197	NA	NA	NA	NA	NA	NA	NA	NA	NA	NA	NA
rs28929474	NA	NA	NA	NA	NA	NA	NA	NA	NA	NA	NA
rs17177078	16	24810681	T	C	0.0663536	-0.0043	0.0051	0.3405	2.290940575385139e-6	48772	0.354218999401122
rs153106	NA	NA	NA	NA	NA	NA	NA	NA	NA	NA	NA
rs3814877	NA	NA	NA	NA	NA	NA	NA	NA	NA	NA	NA
rs79616692	NA	NA	NA	NA	NA	NA	NA	NA	NA	NA	NA
rs11860773	NA	NA	NA	NA	NA	NA	NA	NA	NA	NA	NA
rs13332432	NA	NA	NA	NA	NA	NA	NA	NA	NA	NA	NA
rs34121753	NA	NA	NA	NA	NA	NA	NA	NA	NA	NA	NA
rs76640332	NA	NA	NA	NA	NA	NA	NA	NA	NA	NA	NA
rs838145	19	49248730	A	G	0.584278	-0.007	0.0022	2.014e-5	2.3803927434168002e-5	54482.83	3.4170600065986e-5
rs6106989	20	25027630	A	G	0.627733	0.004	0.0023	0.05489	7.4778969827519995e-6	56196.44	0.0620569803995102
