SNP	CHROM	POS	REF	ALT	AF	BETA	SE	Z	P	N	TRAIT
rs679515	1	207750568	T	C	0.822073	-0.0035	0.0102	-0.343137	0.7287	572804	Type_2_Diabetes
rs35695568	2	186794162	G	T	0.0937488	-0.0099	0.0135	-0.7333333333333334	0.4601	572634	Type_2_Diabetes
rs6805148	3	45101639	A	C	0.0911389	0.0279	0.0135	2.066666666666667	0.039439999999999996	560972	Type_2_Diabetes
rs28660482	4	66245059	T	A	0.0237538	0.0028	0.0257	0.10894941634241245	0.914	573314	Type_2_Diabetes
rs11168036	5	139707439	T	G	0.518665	0.0027	0.0079	0.341772	0.7368	564021	Type_2_Diabetes
rs9649710	7	50322832	A	G	0.60958	0.0143	0.0081	1.76543	0.0757	573198	Type_2_Diabetes
rs11767557	7	143109139	T	C	0.212514	-0.0131	0.0095	-1.3789473684210527	0.1698	577476	Type_2_Diabetes
rs867230	8	27468503	C	A	0.587902	-0.0068	0.008	-0.85	0.3987	557096	Type_2_Diabetes
rs3740688	11	47380340	G	T	0.545059	-0.0167	0.008	-2.0875	0.03599	569527	Type_2_Diabetes
rs1582763	11	60021948	G	A	0.3784	-0.0178	0.008	-2.225	0.025960000000000004	578432	Type_2_Diabetes
rs3851179	11	85868640	T	C	0.629575	0.0099	0.0081	1.22222	0.2188	576925	Type_2_Diabetes
rs11218343	11	121435587	T	C	0.0383622	-0.0711	0.0204	-3.4852941176470584	5.019e-4	572734	Type_2_Diabetes
rs9787911	11	131769402	T	C	0.426917	0.0058	0.0079	0.7341772151898733	0.4656	566993	Type_2_Diabetes
rs17125924	14	53391680	A	G	0.0913328	0.0096	0.0125	0.7679999999999999	0.4424	593826	Type_2_Diabetes
rs12590654	14	92938855	G	A	0.33852	-0.0113	0.0083	-1.36144578313253	0.1769	561903	Type_2_Diabetes
rs383902	15	59034174	C	T	0.33333	0.0015	0.0083	0.18072289156626506	0.8543	569081	Type_2_Diabetes
rs28588186	16	19910313	C	G	0.198899	-0.0238	0.0099	-2.404040404040404	0.01615	567529	Type_2_Diabetes
rs2632516	17	56409089	G	C	0.443705	0.0232	0.0081	2.8641975308641974	0.00428	564389	Type_2_Diabetes
rs8111708	19	18558876	A	G	0.347348	0.006999999999999999	0.0081	0.8641975308641975	0.3876	570699	Type_2_Diabetes
rs6014724	20	54998544	A	G	0.0892383	0.0243	0.0135	1.7999999999999998	0.07282000000000001	570493	Type_2_Diabetes
rs2830489	21	28148191	C	T	0.278274	0.004	0.0087	0.4597701149425288	0.6428	573704	Type_2_Diabetes
rs7584040	NA	NA	NA	NA	NA	NA	NA	NA	NA	NA	NA
rs6733839	NA	NA	NA	NA	NA	NA	NA	NA	NA	NA	NA
rs10933431	NA	NA	NA	NA	NA	NA	NA	NA	NA	NA	NA
rs6822989	NA	NA	NA	NA	NA	NA	NA	NA	NA	NA	NA
rs35868327	NA	NA	NA	NA	NA	NA	NA	NA	NA	NA	NA
rs34665982	NA	NA	NA	NA	NA	NA	NA	NA	NA	NA	NA
rs114812713	NA	NA	NA	NA	NA	NA	NA	NA	NA	NA	NA
rs1385742	NA	NA	NA	NA	NA	NA	NA	NA	NA	NA	NA
rs143429938	NA	NA	NA	NA	NA	NA	NA	NA	NA	NA	NA
rs117240937	NA	NA	NA	NA	NA	NA	NA	NA	NA	NA	NA
rs73223431	NA	NA	NA	NA	NA	NA	NA	NA	NA	NA	NA
rs13252043	NA	NA	NA	NA	NA	NA	NA	NA	NA	NA	NA
rs6559689	NA	NA	NA	NA	NA	NA	NA	NA	NA	NA	NA
rs12416487	NA	NA	NA	NA	NA	NA	NA	NA	NA	NA	NA
rs117394726	NA	NA	NA	NA	NA	NA	NA	NA	NA	NA	NA
rs62039712	NA	NA	NA	NA	NA	NA	NA	NA	NA	NA	NA
rs34971488	NA	NA	NA	NA	NA	NA	NA	NA	NA	NA	NA
rs12151021	NA	NA	NA	NA	NA	NA	NA	NA	NA	NA	NA
rs111358663	NA	NA	NA	NA	NA	NA	NA	NA	NA	NA	NA
rs4803765	NA	NA	NA	NA	NA	NA	NA	NA	NA	NA	NA
rs12972156	NA	NA	NA	NA	NA	NA	NA	NA	NA	NA	NA
rs117310449	NA	NA	NA	NA	NA	NA	NA	NA	NA	NA	NA
rs73033507	NA	NA	NA	NA	NA	NA	NA	NA	NA	NA	NA
rs114533385	NA	NA	NA	NA	NA	NA	NA	NA	NA	NA	NA
rs118004808	NA	NA	NA	NA	NA	NA	NA	NA	NA	NA	NA
rs139995984	NA	NA	NA	NA	NA	NA	NA	NA	NA	NA	NA
rs80182863	NA	NA	NA	NA	NA	NA	NA	NA	NA	NA	NA
rs138727474	NA	NA	NA	NA	NA	NA	NA	NA	NA	NA	NA
