$`Main MR results`
       Exposure       MR Analysis Causal Estimate        Sd     T-stat
1 beta.exposure               Raw     -0.08724411 0.1874907 -0.4653251
2 beta.exposure Outlier-corrected      0.04588418 0.1138857  0.4028967
    P-value
1 0.6426906
2 0.6878843

$`MR-PRESSO results`
$`MR-PRESSO results`$`Global Test`
$`MR-PRESSO results`$`Global Test`$RSSobs
[1] 269.49

$`MR-PRESSO results`$`Global Test`$Pvalue
[1] "<1e-04"


$`MR-PRESSO results`$`Outlier Test`
          RSSobs  Pvalue
1   6.408770e-04       1
2   3.692521e-06       1
3   4.291317e-04       1
4   8.783315e-03       1
5   1.518612e-02       1
6   2.405396e-04       1
7   7.049070e-05       1
8   1.915925e-06       1
9   1.665582e-07       1
10  2.728955e-05       1
11  8.161023e-03       1
12  8.025804e-03       1
13  6.203981e-03       1
14  7.320596e-03       1
15  2.195711e-03       1
16  3.027113e-03       1
17  2.845650e-02       1
18  1.222038e-03       1
19  4.465028e-04       1
20  2.787761e-02       1
21  1.344676e-02       1
22  3.757737e-04       1
23  2.804825e-03       1
24  1.091909e-02       1
25  6.062761e-04       1
26  2.223141e-05       1
27  1.346008e-03       1
28  3.744186e-03       1
29  5.087307e-04       1
30  1.739838e-06       1
31  2.393271e-02       1
32  5.960295e-03       1
33  2.393018e-05       1
34  7.967794e-03       1
35  5.443922e-03       1
36  5.604291e-04       1
37  3.594043e-03       1
38  1.182836e-04       1
39  1.500236e-03       1
40  3.829474e-07       1
41  4.304808e-05       1
42  4.758977e-01       1
43  5.152661e-01 <0.0103
44  3.575902e-03       1
45  7.465425e-03       1
46  5.220045e-06       1
47  3.989825e-04       1
48  8.759854e-05       1
49  2.751530e-02  0.0206
50  1.090822e-04       1
51  1.701647e-03       1
52  1.631063e-04       1
53  2.502965e-04       1
54  1.952521e-03       1
55  1.490830e-03       1
56  5.776175e-07       1
57  7.246035e-04       1
58  2.022178e-03       1
59  1.443026e-05       1
60  1.755129e-04       1
61  2.257415e-05       1
62  1.089310e-02       1
63  6.248540e-07       1
64  5.523962e-04       1
65  2.374440e-04       1
66  1.644293e-03       1
67  9.876030e-03       1
68  1.134026e-03       1
69  2.044656e-03       1
70  5.135323e-04       1
71  2.032849e-03       1
72  4.966072e-03       1
73  1.369165e-04       1
74  2.225825e-03       1
75  1.776315e-03       1
76  3.722644e-03       1
77  1.033390e-03       1
78  1.001139e-04       1
79  5.647653e-04       1
80  4.903354e-05       1
81  2.951090e-04       1
82  1.933265e-04       1
83  1.352194e-03       1
84  6.243358e-03       1
85  1.778402e-03       1
86  5.408854e-03       1
87  2.176823e-04       1
88  1.431505e-03       1
89  5.038154e-03       1
90  1.223633e-04       1
91  5.978003e-04       1
92  4.291929e-03       1
93  4.542349e-05       1
94  6.836614e-04       1
95  2.100267e-04       1
96  1.299511e-02       1
97  5.321617e-03       1
98  6.584352e-04       1
99  4.200420e-03       1
100 9.432641e-04       1
101 8.311387e-03       1
102 2.855703e-08       1
103 2.626079e-03       1

$`MR-PRESSO results`$`Distortion Test`
$`MR-PRESSO results`$`Distortion Test`$`Outliers Indices`
[1] 43 49

$`MR-PRESSO results`$`Distortion Test`$`Distortion Coefficient`
beta.exposure 
    -290.1399 

$`MR-PRESSO results`$`Distortion Test`$Pvalue
[1] 0.1649



