$`Main MR results`
       Exposure       MR Analysis Causal Estimate         Sd     T-stat
1 beta.exposure               Raw     -0.03537063 0.08095716 -0.4369055
2 beta.exposure Outlier-corrected     -0.05697735 0.07761658 -0.7340873
    P-value
1 0.6631411
2 0.4646663

$`MR-PRESSO results`
$`MR-PRESSO results`$`Global Test`
$`MR-PRESSO results`$`Global Test`$RSSobs
[1] 147.6129

$`MR-PRESSO results`$`Global Test`$Pvalue
[1] 0.0015


$`MR-PRESSO results`$`Outlier Test`
         RSSobs  Pvalue
1  5.192319e-05       1
2  3.055194e-06       1
3  8.342240e-07       1
4  4.739421e-06       1
5  2.397657e-04       1
6  3.139913e-05       1
7  1.315180e-04       1
8  1.628723e-04       1
9  6.527494e-05       1
10 3.476009e-05       1
11 1.860416e-04       1
12 1.561312e-08       1
13 8.911996e-04       1
14 1.700745e-05       1
15 2.760239e-04       1
16 4.051917e-07       1
17 1.778012e-04       1
18 2.823470e-05       1
19 5.515675e-05       1
20 8.447407e-04   0.099
21 2.211464e-04       1
22 3.163374e-04       1
23 1.294849e-05       1
24 5.448502e-04       1
25 7.418356e-04       1
26 1.922847e-04       1
27 1.707145e-04       1
28 3.310464e-04       1
29 4.387363e-05       1
30 3.395581e-04       1
31 9.925326e-04       1
32 5.274056e-05       1
33 3.563985e-05       1
34 4.583478e-03       1
35 1.503688e-03       1
36 1.153785e-05       1
37 3.576162e-05       1
38 1.474036e-03       1
39 2.355090e-05       1
40 1.713650e-03       1
41 1.034919e-04       1
42 1.480770e-05       1
43 1.853827e-04       1
44 1.736103e-05       1
45 7.451951e-04       1
46 1.611733e-04       1
47 9.232408e-05       1
48 6.407256e-05       1
49 7.101819e-05       1
50 3.221023e-04       1
51 1.628632e-03       1
52 1.857188e-04       1
53 1.647363e-04       1
54 7.271210e-06       1
55 5.650734e-05       1
56 5.846458e-05       1
57 2.724390e-04       1
58 2.277922e-04       1
59 1.758778e-04       1
60 4.783980e-06       1
61 2.730733e-05       1
62 6.133705e-05       1
63 4.062098e-05       1
64 2.041907e-05       1
65 2.085216e-04       1
66 5.891553e-03       1
67 6.765461e-04       1
68 2.391045e-04       1
69 9.904987e-04       1
70 1.056868e-03       1
71 2.595167e-05       1
72 1.454972e-07       1
73 5.416314e-04   0.891
74 1.802778e-06       1
75 1.605785e-05       1
76 2.493915e-04       1
77 3.962806e-06       1
78 5.889848e-05       1
79 6.666446e-05       1
80 1.165740e-05       1
81 4.263940e-06       1
82 7.464832e-04       1
83 1.018368e-05       1
84 1.534118e-04       1
85 1.194034e-04       1
86 3.710063e-05       1
87 1.101131e-04       1
88 1.517368e-05       1
89 1.065181e-04       1
90 2.281641e-05       1
91 3.770837e-05       1
92 1.053255e-03 <0.0099
93 7.389519e-04       1
94 2.709694e-05       1
95 4.907781e-06       1
96 3.804536e-05       1
97 7.921969e-05       1
98 6.298149e-05       1
99 6.032248e-05       1

$`MR-PRESSO results`$`Distortion Test`
$`MR-PRESSO results`$`Distortion Test`$`Outliers Indices`
[1] 92

$`MR-PRESSO results`$`Distortion Test`$`Distortion Coefficient`
beta.exposure 
      37.9216 

$`MR-PRESSO results`$`Distortion Test`$Pvalue
[1] 0.84



