SNP	CHROM	POS	REF	ALT	AF	BETA	SE	Z	P	N	TRAIT
rs679515	1	207750568	T	C	0.8188	-0.0207	0.0392	-0.528061	0.598	738168	Systolic_Blood_Pressure
rs6733839	2	127892810	C	T	0.3951	0.0721	0.0318	2.2672955974842766	0.023459999999999998	736051	Systolic_Blood_Pressure
rs34665982	NA	NA	NA	NA	NA	NA	NA	NA	NA	NA	NA
rs114812713	6	41034000	G	C	0.0264	0.1395	0.0983	1.41912512716175	0.156	730691	Systolic_Blood_Pressure
rs1385742	6	47595155	A	T	0.6491	0.0159	0.0324	0.490741	0.6237	736050	Systolic_Blood_Pressure
rs11767557	7	143109139	T	C	0.2089	0.0179	0.0376	0.476064	0.6339	729908	Systolic_Blood_Pressure
rs73223431	8	27219987	C	T	0.3661	-0.0096	0.0312	-0.30769230769230765	0.7599	738169	Systolic_Blood_Pressure
rs867230	8	27468503	C	A	0.5922	0.0303	0.0315	0.9619047619047619	0.3362	736049	Systolic_Blood_Pressure
rs12416487	10	11721057	A	T	0.6502	0.0397	0.032	1.24062	0.2149	737163	Systolic_Blood_Pressure
rs3740688	11	47380340	G	T	0.5462	0.1198	0.0304	3.9407894736842106	8.085e-5	738170	Systolic_Blood_Pressure
rs1582763	11	60021948	G	A	0.3749	0.0199	0.0312	0.6378205128205129	0.5241	738169	Systolic_Blood_Pressure
rs3851179	11	85868640	T	C	0.6301	-0.0346	0.0311	-1.11254	0.2658	738170	Systolic_Blood_Pressure
rs11218343	11	121435587	T	C	0.0387	0.0024	0.0788	0.0304569	0.9757	738168	Systolic_Blood_Pressure
rs12590654	14	92938855	G	A	0.3413	0.0155	0.0322	0.4813664596273292	0.6307	744813	Systolic_Blood_Pressure
rs12151021	19	1050874	A	G	0.6785	-0.0039	0.0336	-0.116071	0.9074	718614	Systolic_Blood_Pressure
rs111358663	19	45196958	T	A	0.0152	-0.2185	0.1361	-1.6054371785451873	0.1083	718509	Systolic_Blood_Pressure
rs4803765	NA	NA	NA	NA	NA	NA	NA	NA	NA	NA	NA
rs12972156	19	45387459	C	G	0.1479	0.1208	0.0437	2.7643	0.005765999999999999	730528	Systolic_Blood_Pressure
rs117310449	NA	NA	NA	NA	NA	NA	NA	NA	NA	NA	NA
rs73033507	NA	NA	NA	NA	NA	NA	NA	NA	NA	NA	NA
rs114533385	NA	NA	NA	NA	NA	NA	NA	NA	NA	NA	NA
rs139995984	NA	NA	NA	NA	NA	NA	NA	NA	NA	NA	NA
