$`Main MR results`
       Exposure       MR Analysis Causal Estimate         Sd    T-stat
1 beta.exposure               Raw     -0.02587216 0.01215947 -2.127738
2 beta.exposure Outlier-corrected     -0.01786804 0.01095343 -1.631274
     P-value
1 0.03709848
2 0.10766885

$`MR-PRESSO results`
$`MR-PRESSO results`$`Global Test`
$`MR-PRESSO results`$`Global Test`$RSSobs
[1] 90.07591

$`MR-PRESSO results`$`Global Test`$Pvalue
[1] 0.0438


$`MR-PRESSO results`$`Outlier Test`
         RSSobs  Pvalue
1  1.718410e-05       1
2  2.250968e-04       1
3  1.197000e-05       1
4  6.461819e-05       1
5  6.617869e-06       1
6  1.960618e-07       1
7  5.253725e-06       1
8  3.891055e-05       1
9  1.011708e-06       1
10 4.070262e-05       1
11 8.175901e-05       1
12 3.769958e-05       1
13 1.291121e-05       1
14 5.143428e-05       1
15 4.729893e-07       1
16 1.245573e-05       1
17 1.923277e-05       1
18 3.672762e-05       1
19 1.780954e-09       1
20 2.702166e-04       1
21 2.281323e-06       1
22 1.726250e-07       1
23 1.345612e-05       1
24 5.205144e-07       1
25 2.130733e-04       1
26 1.811495e-05       1
27 3.334155e-07       1
28 1.278256e-05       1
29 8.600141e-06       1
30 2.188707e-06       1
31 1.021498e-04       1
32 1.249323e-06       1
33 1.144560e-05       1
34 5.304817e-07       1
35 2.713223e-06       1
36 4.539066e-05       1
37 5.020601e-07       1
38 2.639774e-11       1
39 1.724411e-05       1
40 8.161089e-06       1
41 1.008160e-04       1
42 3.140736e-05       1
43 8.925657e-05       1
44 2.729140e-08       1
45 5.830931e-05       1
46 1.717933e-05       1
47 3.005667e-05       1
48 1.679754e-05       1
49 3.741735e-05       1
50 5.806221e-05       1
51 7.216177e-07       1
52 5.866546e-05       1
53 1.526780e-06       1
54 2.745416e-05       1
55 2.003325e-05       1
56 1.729246e-05       1
57 8.241341e-09       1
58 1.567377e-03  0.3082
59 2.292009e-06       1
60 1.207819e-07       1
61 1.192004e-04  0.6164
62 2.370706e-03 <0.0134
63 5.713690e-06       1
64 1.153296e-05       1
65 8.242147e-07       1
66 7.100711e-06       1
67 3.273917e-06       1

$`MR-PRESSO results`$`Distortion Test`
$`MR-PRESSO results`$`Distortion Test`$`Outliers Indices`
[1] 62

$`MR-PRESSO results`$`Distortion Test`$`Distortion Coefficient`
beta.exposure 
     -44.7957 

$`MR-PRESSO results`$`Distortion Test`$Pvalue
[1] 0.4024



