SNP	CHROM	POS	REF	ALT	AF	BETA	SE	Z	P	N	TRAIT
rs4267554	2	46901045	A	G	0.103736	0.003	0.0084	0.35714285714285715	0.5134	89888	LDL_Cholesterol
rs16897042	5	67107448	T	C	0.018485	0.0276	0.0171	1.6140350877192982	0.1114	86806	LDL_Cholesterol
rs7798280	7	15093202	C	A	0.354991	-0.0035	0.0057	-0.614035	0.7049	89888	LDL_Cholesterol
rs514716	9	3929424	C	T	0.844307	0.002	0.0079	0.2531645569620253	0.8270000000000001	89888	LDL_Cholesterol
rs9527039	13	53504675	T	C	0.0810909	-0.0068	0.0098	-0.693878	0.6745	88917	LDL_Cholesterol
rs769449	19	45410002	G	A	0.0998545	0.2141	0.0076	28.17105263157895	4.899999999999999e-161	83659.99	LDL_Cholesterol
rs41157	22	30405151	T	C	0.714623	0.0036	0.0054	0.6666666666666666	0.8265	86934	LDL_Cholesterol
rs35055419	NA	NA	NA	NA	NA	NA	NA	NA	NA	NA	NA
rs60871478	NA	NA	NA	NA	NA	NA	NA	NA	NA	NA	NA
rs2439313	NA	NA	NA	NA	NA	NA	NA	NA	NA	NA	NA
rs12889974	NA	NA	NA	NA	NA	NA	NA	NA	NA	NA	NA
rs12961169	NA	NA	NA	NA	NA	NA	NA	NA	NA	NA	NA
rs34871495	NA	NA	NA	NA	NA	NA	NA	NA	NA	NA	NA
