SNP	CHROM	POS	REF	ALT	AF	BETA	SE	Z	P	N	TRAIT
rs74079553	NA	NA	NA	NA	NA	NA	NA	NA	NA	NA	NA
rs12033923	1	77896355	T	C	0.0649	0.0598	0.1181	0.506351	0.6129	2764	VBI_any
rs10923030	1	88617883	C	T	0.2279	0.0486	0.0691	0.703328509406657	0.4815	2764	VBI_any
rs11809772	1	181625486	A	C	0.1272	-0.1893	0.0953	-1.98636	0.04699	2764	VBI_any
rs12145483	1	208973877	T	C	0.1358	0.1114	0.0848	1.31368	0.1889	2764	VBI_any
rs11119365	1	210092916	T	C	0.0178	0.0522	0.2624	0.198933	0.8422	2764	VBI_any
rs116258323	1	214449747	C	T	0.065	-0.134	0.1333	-1.005251312828207	0.3147	2764	VBI_any
rs11683756	NA	NA	NA	NA	NA	NA	NA	NA	NA	NA	NA
rs370025	2	13418275	C	T	0.0528	-0.0262	0.1348	-0.1943620178041543	0.8456	2764	VBI_any
rs4832509	2	18059381	A	G	0.8543	-0.0388	0.0812	-0.477833	0.6328	2764	VBI_any
rs1260326	2	27730940	T	C	0.5776	-0.065	0.0582	-1.11684	0.2641	2764	VBI_any
rs7597379	2	44119416	T	C	0.4956	-0.0387	0.0577	-0.670711	0.5025	2764	VBI_any
rs4953148	NA	NA	NA	NA	NA	NA	NA	NA	NA	NA	NA
rs11677810	2	68066201	C	A	0.2385	0.039	0.0728	0.5357142857142857	0.5922	2764	VBI_any
rs10153775	2	78613996	C	A	0.6731	0.1381	0.0618	2.23462783171521	0.02538	2764	VBI_any
rs114658808	2	119423996	G	A	0.0109	-2.0072	2.3528	-0.8531111866712003	0.3936	2764	VBI_any
rs4972811	2	173227371	C	T	0.4129	0.0429	0.0587	0.7308347529812607	0.4643	2764	VBI_any
rs6760497	2	211455953	A	G	0.4557	0.0568	0.0588	0.965986	0.3335	2764	VBI_any
rs11718871	NA	NA	NA	NA	NA	NA	NA	NA	NA	NA	NA
rs6807666	3	85594428	A	C	0.6269	0.0636	0.059000000000000004	1.07797	0.2813	2764	VBI_any
rs55726529	3	135458327	A	G	0.1093	0.1369	0.1116	1.2267	0.2198	2764	VBI_any
rs6764067	3	160394152	T	C	0.3911	-0.0121	0.0598	-0.202341	0.8401	2764	VBI_any
rs11940694	4	39414993	A	G	0.5921	-0.0293	0.0602	-0.486711	0.6264	2764	VBI_any
rs187725101	NA	NA	NA	NA	NA	NA	NA	NA	NA	NA	NA
rs537715653	NA	NA	NA	NA	NA	NA	NA	NA	NA	NA	NA
rs144198753	NA	NA	NA	NA	NA	NA	NA	NA	NA	NA	NA
rs11733695	4	100122916	G	A	0.0174	0.2652	0.2733	0.9703622392974753	0.3318	2764	VBI_any
rs148382129	NA	NA	NA	NA	NA	NA	NA	NA	NA	NA	NA
rs13107325	4	103188709	C	T	0.0797	-0.1642	0.1086	-1.5119705340699816	0.1305	2764	VBI_any
rs2088483	4	106216367	T	C	0.3704	-0.0626	0.0603	-1.03814	0.2994	2764	VBI_any
rs6533629	4	113494607	G	A	0.4233	-0.1109	0.0592	-1.8733108108108107	0.06084	2764	VBI_any
rs34174593	5	7657967	G	A	0.0593	0.0688	0.1369	0.5025566106647188	0.6154	2764	VBI_any
rs149394357	NA	NA	NA	NA	NA	NA	NA	NA	NA	NA	NA
rs78046126	NA	NA	NA	NA	NA	NA	NA	NA	NA	NA	NA
rs9372625	6	98344031	G	A	0.3993	0.1404	0.0594	2.3636363636363633	0.01803	2764	VBI_any
rs9347805	6	164307839	C	T	0.1855	0.0011	0.0996	0.011044176706827311	0.9913	2764	VBI_any
rs146365067	7	103851198	A	G	0.2288	-0.0756	0.0733	-1.03138	0.3027	2764	VBI_any
rs4739209	NA	NA	NA	NA	NA	NA	NA	NA	NA	NA	NA
rs35040843	8	93341497	C	T	0.2676	0.0542	0.0669	0.8101644245142002	0.4175	2764	VBI_any
rs16872457	8	106149928	G	A	0.1755	0.0741	0.0743	0.9973082099596231	0.3184	2764	VBI_any
rs11779830	NA	NA	NA	NA	NA	NA	NA	NA	NA	NA	NA
rs13266268	8	142611971	C	T	0.3364	-0.0421	0.0663	-0.6349924585218703	0.5252	2764	VBI_any
rs531322888	NA	NA	NA	NA	NA	NA	NA	NA	NA	NA	NA
rs3138496	9	92219801	C	T	0.1171	-0.1318	0.1199	-1.0992493744787322	0.2716	2764	VBI_any
rs74424378	9	109331094	T	G	0.2317	0.0787	0.0676	1.1642	0.2439	2764	VBI_any
rs201332355	NA	NA	NA	NA	NA	NA	NA	NA	NA	NA	NA
rs150347273	10	9398572	G	A	0.015	0.2931	0.2916	1.0051440329218106	0.3148	2764	VBI_any
rs7078436	10	30378863	A	G	0.341	-0.0628	0.0622	-1.00965	0.3126	2764	VBI_any
rs554894200	NA	NA	NA	NA	NA	NA	NA	NA	NA	NA	NA
rs1517311	NA	NA	NA	NA	NA	NA	NA	NA	NA	NA	NA
rs7948028	NA	NA	NA	NA	NA	NA	NA	NA	NA	NA	NA
rs1042725	12	66358347	C	T	0.5022	-0.018000000000000002	0.0569	-0.31634446397188054	0.752	2764	VBI_any
rs73519744	13	71536531	A	G	0.0633	-0.0251	0.1296	-0.193673	0.8462	2764	VBI_any
rs117893703	13	110791669	C	T	0.017	0.0055	0.2851	0.019291476674850927	0.9846	2764	VBI_any
rs1319338	NA	NA	NA	NA	NA	NA	NA	NA	NA	NA	NA
rs74354286	NA	NA	NA	NA	NA	NA	NA	NA	NA	NA	NA
rs9937062	16	17487725	T	C	0.2921	0.0584	0.0704	0.829545	0.40700000000000003	2764	VBI_any
rs72771074	16	20002523	A	C	0.252	-0.0294	0.0682	-0.431085	0.6659999999999999	2764	VBI_any
rs74980679	16	71779310	G	T	0.1492	0.0509	0.0816	0.6237745098039216	0.5328	2764	VBI_any
rs55938136	NA	NA	NA	NA	NA	NA	NA	NA	NA	NA	NA
rs578102530	17	44364335	G	A	0.1213	-0.0714	0.1186	-0.6020236087689714	0.5473	2764	VBI_any
rs36045580	17	80987767	G	A	0.2449	-0.0177	0.0607	-0.2915980230642504	0.7709999999999999	2764	VBI_any
rs2119292	18	53082974	C	T	0.8707	-0.0818	0.0849	-0.9634864546525324	0.3349	2764	VBI_any
rs492602	19	49206417	A	G	0.4857	0.0432	0.0595	0.72605	0.4684	2764	VBI_any
rs9610194	NA	NA	NA	NA	NA	NA	NA	NA	NA	NA	NA
rs9607805	22	41854446	C	T	0.7389	0.0766	0.0652	1.1748466257668713	0.2399	2764	VBI_any
