$`Main MR results`
       Exposure       MR Analysis Causal Estimate         Sd    T-stat
1 beta.exposure               Raw     -0.04976782 0.02654378 -1.874933
2 beta.exposure Outlier-corrected              NA         NA        NA
     P-value
1 0.06440604
2         NA

$`MR-PRESSO results`
$`MR-PRESSO results`$`Global Test`
$`MR-PRESSO results`$`Global Test`$RSSobs
[1] 106.0728

$`MR-PRESSO results`$`Global Test`$Pvalue
[1] 0.0488


$`MR-PRESSO results`$`Outlier Test`
         RSSobs Pvalue
1  8.346308e-06      1
2  2.047164e-05      1
3  6.421233e-05      1
4  4.761705e-07      1
5  2.383609e-04      1
6  8.240488e-07      1
7  1.533321e-05      1
8  1.055849e-03      1
9  1.097454e-04      1
10 2.477133e-06      1
11 3.230436e-03      1
12 6.715624e-05      1
13 1.016753e-04      1
14 9.542017e-05      1
15 1.228391e-04      1
16 4.564607e-07      1
17 1.980319e-04      1
18 5.467278e-07      1
19 3.587993e-04      1
20 7.310032e-05      1
21 1.236377e-04      1
22 2.500783e-05      1
23 2.120609e-04      1
24 1.821994e-05      1
25 1.631243e-04      1
26 4.551329e-05      1
27 3.951728e-04      1
28 4.714384e-05      1
29 4.079732e-05      1
30 1.429054e-06      1
31 1.508845e-05      1
32 2.467256e-07      1
33 1.789517e-04      1
34 1.584083e-04      1
35 8.456552e-05      1
36 1.269494e-03 0.3362
37 1.111926e-05      1
38 1.972606e-03      1
39 2.489988e-04      1
40 2.491053e-05      1
41 5.363147e-05      1
42 1.125416e-05      1
43 1.785988e-04      1
44 3.003734e-04      1
45 4.264487e-05      1
46 8.504695e-04      1
47 6.569218e-05      1
48 6.478675e-04  0.246
49 7.151992e-05      1
50 8.996813e-06      1
51 7.353038e-05      1
52 7.492560e-08      1
53 3.382559e-04      1
54 2.530860e-04      1
55 8.964528e-04 0.3936
56 4.047540e-05      1
57 2.637776e-04      1
58 2.408279e-05      1
59 2.576893e-04      1
60 1.161456e-04      1
61 3.889449e-05      1
62 1.284100e-04      1
63 3.141569e-05      1
64 9.595727e-06      1
65 2.041050e-04      1
66 3.888797e-07      1
67 2.463693e-06      1
68 1.200504e-05      1
69 5.873792e-04      1
70 9.915781e-06      1
71 3.786087e-05      1
72 2.310768e-04      1
73 7.190291e-05      1
74 1.915065e-04      1
75 4.717319e-04      1
76 5.921112e-05      1
77 5.865119e-06      1
78 3.725927e-06      1
79 3.212043e-04      1
80 1.162600e-05      1
81 1.728236e-04      1
82 3.537773e-04      1

$`MR-PRESSO results`$`Distortion Test`
$`MR-PRESSO results`$`Distortion Test`$`Outliers Indices`
[1] "No significant outliers"

$`MR-PRESSO results`$`Distortion Test`$`Distortion Coefficient`
[1] NA

$`MR-PRESSO results`$`Distortion Test`$Pvalue
[1] NA



