$`Main MR results`
       Exposure       MR Analysis Causal Estimate          Sd    T-stat
1 beta.exposure               Raw     -0.01060059 0.004757594 -2.228140
2 beta.exposure Outlier-corrected     -0.01185280 0.004709020 -2.517042
     P-value
1 0.02619744
2 0.01206368

$`MR-PRESSO results`
$`MR-PRESSO results`$`Global Test`
$`MR-PRESSO results`$`Global Test`$RSSobs
[1] 827.9858

$`MR-PRESSO results`$`Global Test`$Pvalue
[1] 8e-05


$`MR-PRESSO results`$`Outlier Test`
          RSSobs   Pvalue
1   1.164334e-04        1
2   4.758483e-03        1
3   2.393714e-04        1
4   1.802069e-05        1
5   8.825831e-04        1
6   2.467497e-04        1
7   6.572516e-06        1
8   5.972874e-07        1
9   2.823937e-05        1
10  2.201697e-06        1
11  1.428286e-04        1
12  7.242691e-05        1
13  4.417709e-04        1
14  5.955113e-07        1
15  2.789738e-04        1
16  6.452572e-04        1
17  4.486026e-03        1
18  1.142729e-03        1
19  4.571783e-06        1
20  2.858044e-04        1
21  1.743947e-03        1
22  2.141419e-04        1
23  1.187472e-03        1
24  9.706906e-04        1
25  3.778420e-05        1
26  7.728598e-07        1
27  3.094409e-06        1
28  2.601872e-04        1
29  3.596280e-05        1
30  5.640107e-04        1
31  4.411902e-04        1
32  1.384503e-03        1
33  1.306587e-03        1
34  5.642269e-03 <0.02724
35  1.252915e-04        1
36  4.251066e-04        1
37  1.405121e-05        1
38  8.149420e-05        1
39  3.080330e-04        1
40  3.197855e-04        1
41  1.923547e-04        1
42  2.055176e-03        1
43  6.318290e-06        1
44  1.600179e-04        1
45  2.085277e-04        1
46  6.757267e-05        1
47  2.993071e-05        1
48  4.284522e-04        1
49  2.532796e-03        1
50  2.062955e-03        1
51  8.385485e-06        1
52  3.180998e-04        1
53  9.277336e-04        1
54  1.310181e-04        1
55  1.942000e-04        1
56  1.189087e-05        1
57  6.194851e-05        1
58  1.058820e-03        1
59  7.114761e-06        1
60  1.710884e-04        1
61  1.257129e-05        1
62  1.734522e-04        1
63  1.571521e-04        1
64  4.652229e-04        1
65  2.040443e-03        1
66  1.050777e-03        1
67  1.735441e-03        1
68  2.058849e-03        1
69  2.387139e-05        1
70  9.515757e-06        1
71  5.294109e-05        1
72  8.482926e-05        1
73  1.602559e-03        1
74  8.044993e-05        1
75  1.136186e-04        1
76  1.519381e-03        1
77  4.862325e-03        1
78  9.454112e-04        1
79  1.118358e-02        1
80  2.146634e-05        1
81  2.204629e-04        1
82  8.390076e-04        1
83  5.663452e-04        1
84  1.712689e-03        1
85  6.620631e-09        1
86  1.276613e-04        1
87  6.613407e-04        1
88  1.138309e-04        1
89  5.276882e-04        1
90  4.917460e-03        1
91  8.291666e-06        1
92  6.167097e-04        1
93  6.733253e-05        1
94  3.453125e-04        1
95  3.845265e-03        1
96  1.270805e-03        1
97  2.286357e-04        1
98  1.189525e-03        1
99  5.921827e-04        1
100 1.636710e-03        1
101 2.179302e-05        1
102 6.370454e-04        1
103 4.843800e-06        1
104 1.583532e-04        1
105 7.269651e-06        1
106 5.730114e-09        1
107 3.768445e-04        1
108 5.612363e-04        1
109 5.065734e-06        1
110 1.280317e-04        1
111 1.332619e-03        1
112 4.228210e-04        1
113 4.613075e-04        1
114 2.270047e-05        1
115 2.404254e-04        1
116 1.795924e-05        1
117 4.691605e-04        1
118 1.451615e-04        1
119 1.010880e-03        1
120 1.395262e-06        1
121 6.112645e-04        1
122 6.298100e-04        1
123 1.158402e-05        1
124 1.258902e-03        1
125 6.943182e-05        1
126 2.100088e-03        1
127 1.634932e-03        1
128 2.153797e-05        1
129 1.043163e-03        1
130 6.870047e-04        1
131 2.938667e-04        1
132 1.632548e-04        1
133 5.115059e-04        1
134 1.019974e-03        1
135 8.080617e-04        1
136 4.862862e-06        1
137 3.182163e-06        1
138 2.614068e-06        1
139 3.782022e-08        1
140 1.880490e-05        1
141 9.185857e-05        1
142 8.789002e-04        1
143 2.196990e-05        1
144 2.152249e-05        1
145 5.517623e-06        1
146 3.147558e-05        1
147 2.704722e-03        1
148 8.079391e-05        1
149 1.117952e-03        1
150 2.714103e-04        1
151 8.195171e-05        1
152 4.095118e-09        1
153 2.339486e-04        1
154 1.855655e-04        1
155 1.338776e-06        1
156 2.115042e-03        1
157 1.782222e-04        1
158 5.746866e-04        1
159 5.154111e-04        1
160 2.691194e-07        1
161 4.189945e-07        1
162 1.974330e-03        1
163 3.058909e-05        1
164 1.948589e-03        1
165 9.583421e-04        1
166 1.936455e-04        1
167 3.280938e-08        1
168 2.499810e-06        1
169 3.093093e-06        1
170 3.577639e-09        1
171 3.509868e-06        1
172 1.314135e-05        1
173 3.503871e-05        1
174 4.023343e-04        1
175 6.770488e-04        1
176 2.532096e-04        1
177 5.493384e-04        1
178 1.366420e-06        1
179 6.646444e-03        1
180 1.008289e-03        1
181 9.802566e-05        1
182 3.607441e-08        1
183 5.756859e-04        1
184 1.057774e-04        1
185 4.682037e-03        1
186 7.696458e-05        1
187 5.732530e-04        1
188 4.779543e-03        1
189 1.335364e-02        1
190 2.049718e-05        1
191 5.041527e-05        1
192 6.954449e-04        1
193 6.608015e-04        1
194 6.574072e-04        1
195 4.286360e-04        1
196 8.913091e-05        1
197 2.653549e-04        1
198 1.699749e-04        1
199 8.731279e-07        1
200 3.310505e-04        1
201 1.708120e-04        1
202 1.701907e-04        1
203 2.206247e-05        1
204 1.088015e-04        1
205 8.653767e-04        1
206 2.130072e-06        1
207 6.868220e-04        1
208 4.808670e-07        1
209 1.392525e-04        1
210 2.615320e-03        1
211 3.068494e-03        1
212 2.368782e-03        1
213 3.629411e-05        1
214 5.065272e-07        1
215 2.446201e-04        1
216 8.150985e-04        1
217 3.279072e-04        1
218 6.183439e-06        1
219 6.584632e-04        1
220 1.880398e-05        1
221 7.366860e-04        1
222 7.069696e-05        1
223 2.455093e-04        1
224 2.332212e-04        1
225 2.467586e-05        1
226 3.668656e-06        1
227 2.974426e-05        1
228 1.334345e-03        1
229 3.885550e-05        1
230 2.350102e-04        1
231 7.678516e-04        1
232 7.038872e-05        1
233 5.150196e-04        1
234 1.332261e-03        1
235 1.115274e-06        1
236 5.340937e-04        1
237 3.834523e-04        1
238 1.094025e-03        1
239 1.917147e-03        1
240 9.164986e-05        1
241 4.423638e-05        1
242 8.273036e-04        1
243 4.166330e-05        1
244 2.578106e-03        1
245 8.354325e-04        1
246 5.776032e-07        1
247 4.313157e-04        1
248 3.859199e-06        1
249 5.381648e-04        1
250 3.943978e-04        1
251 1.396676e-03        1
252 5.871199e-05        1
253 2.633674e-04        1
254 4.833059e-04        1
255 5.824856e-04        1
256 7.714561e-04        1
257 2.377586e-04        1
258 8.471634e-08        1
259 4.519577e-05        1
260 4.198959e-04        1
261 6.183980e-05        1
262 5.175324e-05        1
263 1.599185e-06        1
264 1.549807e-03        1
265 3.404457e-03        1
266 1.787530e-04        1
267 4.350437e-05        1
268 1.674703e-04        1
269 7.149685e-06        1
270 3.475228e-04        1
271 6.403957e-06        1
272 1.571145e-03        1
273 5.634996e-04        1
274 4.674488e-04        1
275 1.549539e-04        1
276 1.760675e-03        1
277 1.267369e-03        1
278 7.653600e-04        1
279 3.031683e-04        1
280 9.532284e-04        1
281 3.960943e-06        1
282 3.383502e-05        1
283 1.745581e-04        1
284 4.099121e-04        1
285 2.890282e-04        1
286 7.131524e-04        1
287 1.844238e-06        1
288 8.887185e-04        1
289 1.353716e-03        1
290 2.551031e-03        1
291 1.474439e-04        1
292 3.378941e-06        1
293 1.448217e-05        1
294 4.924804e-04        1
295 4.745436e-05        1
296 3.004719e-05        1
297 7.133455e-05        1
298 4.647358e-07        1
299 3.293384e-04        1
300 1.234398e-04        1
301 2.400419e-04        1
302 1.076981e-08        1
303 4.181422e-04        1
304 6.979970e-06        1
305 3.104321e-06        1
306 5.749033e-05        1
307 2.212497e-03        1
308 6.129596e-05        1
309 4.133289e-04        1
310 1.726165e-06        1
311 7.367517e-04        1
312 1.003564e-04        1
313 1.933021e-04        1
314 1.872610e-03        1
315 1.618801e-04        1
316 5.943765e-05        1
317 1.373263e-04        1
318 5.433367e-05        1
319 6.949490e-04        1
320 1.282311e-05        1
321 4.455777e-05        1
322 1.835587e-04        1
323 3.685841e-04        1
324 3.115972e-04        1
325 1.880586e-03        1
326 1.415354e-04        1
327 1.452076e-04        1
328 1.640374e-04        1
329 1.469158e-04        1
330 8.672767e-06        1
331 4.848446e-05        1
332 5.323744e-04        1
333 5.385668e-05        1
334 6.411890e-08        1
335 1.250391e-05        1
336 2.744534e-04        1
337 2.099921e-04        1
338 1.515981e-05        1
339 1.513572e-05        1
340 1.744565e-06        1
341 1.481483e-05        1
342 2.178901e-05        1
343 3.609018e-06        1
344 1.278740e-05        1
345 5.821153e-05        1
346 1.052510e-06        1
347 7.066292e-04        1
348 1.516123e-04        1
349 3.661438e-04        1
350 7.203599e-05        1
351 7.290794e-05        1
352 2.146918e-03        1
353 6.187362e-05        1
354 8.967902e-05        1
355 3.414579e-03        1
356 1.879318e-04        1
357 9.923086e-06        1
358 1.845880e-05        1
359 9.119362e-08        1
360 2.390933e-04        1
361 2.790632e-04        1
362 1.611500e-04        1
363 4.913552e-04        1
364 7.138642e-05        1
365 1.567084e-04        1
366 1.411591e-04        1
367 8.776141e-06        1
368 6.064202e-04        1
369 1.856567e-04        1
370 4.705822e-05        1
371 7.306164e-04        1
372 2.597806e-05        1
373 2.888036e-05        1
374 1.928249e-05        1
375 3.697247e-05        1
376 1.709281e-04        1
377 6.669773e-04        1
378 7.192862e-06        1
379 5.913974e-04        1
380 9.448133e-04        1
381 7.668033e-04        1
382 3.141165e-07        1
383 3.266421e-04        1
384 1.610433e-05        1
385 2.474777e-04        1
386 1.037942e-04        1
387 3.717616e-06        1
388 2.710514e-03        1
389 1.085469e-04        1
390 5.440189e-05        1
391 1.740379e-05        1
392 1.762410e-04        1
393 8.791948e-09        1
394 3.865703e-04        1
395 1.226206e-04        1
396 5.577266e-05        1
397 4.176235e-04        1
398 5.363951e-05        1
399 1.044358e-03        1
400 1.242933e-03        1
401 4.818782e-05        1
402 7.008117e-05        1
403 2.047429e-04        1
404 5.763732e-07        1
405 9.013281e-05        1
406 4.947954e-05        1
407 1.798755e-05        1
408 4.304293e-05        1
409 1.275888e-04        1
410 3.015664e-03        1
411 1.494979e-03        1
412 1.532716e-05        1
413 8.883284e-04        1
414 4.294660e-08        1
415 4.880512e-05        1
416 1.757957e-05        1
417 1.360753e-04        1
418 1.248920e-03        1
419 1.281570e-04        1
420 3.767108e-04        1
421 2.091050e-04        1
422 7.719109e-04        1
423 2.320885e-03        1
424 8.733326e-06        1
425 2.752664e-05        1
426 2.087273e-05        1
427 7.605999e-05        1
428 6.184411e-04        1
429 1.086726e-05        1
430 4.060757e-06        1
431 3.820672e-04        1
432 1.848405e-06        1
433 1.995671e-03        1
434 1.867938e-04        1
435 1.354971e-04        1
436 2.631887e-04        1
437 2.515287e-04        1
438 4.266037e-05        1
439 4.925179e-05        1
440 2.280671e-04        1
441 1.346343e-04        1
442 8.153466e-04        1
443 1.473967e-04        1
444 1.339172e-05        1
445 2.970048e-04        1
446 2.501284e-04        1
447 5.278484e-04        1
448 7.947551e-04        1
449 1.102913e-04        1
450 1.215588e-05        1
451 1.123959e-03        1
452 1.078504e-03        1
453 2.191335e-05        1
454 4.479459e-06        1
455 5.539778e-06        1
456 4.815172e-04        1
457 1.647933e-04        1
458 4.260042e-04        1
459 3.055690e-05        1
460 5.352092e-05        1
461 5.499391e-04        1
462 2.736138e-05        1
463 9.924031e-05        1
464 7.428818e-06        1
465 2.769242e-03        1
466 9.359049e-04        1
467 5.087445e-06        1
468 2.677111e-03        1
469 2.232982e-04        1
470 2.009015e-03        1
471 1.269507e-04        1
472 3.556502e-04        1
473 5.206527e-03        1
474 1.225331e-03        1
475 2.058145e-04        1
476 1.631164e-04        1
477 1.283421e-04        1
478 2.913049e-04        1
479 1.596335e-04        1
480 5.518924e-04        1
481 4.909488e-05        1
482 2.894724e-03        1
483 7.319763e-03        1
484 9.269537e-06        1
485 5.883557e-04        1
486 8.132359e-04        1
487 7.422410e-04        1
488 2.820237e-04        1
489 1.142333e-03        1
490 1.447417e-04        1
491 3.753351e-04        1
492 2.606905e-03        1
493 6.303856e-06        1
494 6.175141e-04        1
495 7.417406e-08        1
496 3.905811e-06        1
497 6.463776e-05        1
498 4.124167e-05        1
499 7.012235e-05        1
500 1.873175e-05        1
501 5.563691e-05        1
502 2.782937e-05        1
503 1.210460e-03        1
504 6.261608e-06        1
505 1.553647e-05        1
506 1.693214e-05        1
507 6.960336e-05        1
508 1.139388e-03        1
509 2.443527e-04        1
510 9.284999e-04        1
511 9.951846e-05        1
512 8.790760e-04        1
513 2.409442e-05        1
514 1.588256e-03        1
515 2.170468e-04        1
516 8.780749e-04        1
517 1.199632e-05        1
518 5.573237e-04        1
519 1.919232e-05        1
520 1.672086e-04        1
521 2.456822e-03        1
522 6.133354e-05        1
523 1.106163e-05        1
524 1.026784e-03        1
525 4.828223e-04        1
526 1.573867e-05        1
527 1.714091e-03        1
528 1.592716e-04        1
529 2.935796e-05        1
530 7.460723e-04        1
531 1.620420e-05        1
532 1.823746e-05        1
533 4.938897e-04        1
534 2.056098e-03        1
535 3.460250e-05        1
536 1.481118e-04        1
537 2.332788e-03        1
538 6.512930e-06        1
539 1.334017e-03        1
540 1.311720e-04        1
541 1.527565e-05        1
542 8.667862e-04        1
543 4.467918e-04        1
544 4.081135e-04        1
545 1.125140e-04        1
546 7.149615e-04        1
547 7.119758e-05        1
548 3.045197e-04        1
549 1.098752e-03        1
550 1.142907e-05        1
551 1.960298e-04        1
552 1.540310e-04        1
553 2.156984e-03        1
554 2.459087e-04        1
555 4.489030e-05        1
556 2.734085e-04        1
557 5.389745e-05        1
558 2.289085e-02        1
559 1.202707e-04        1
560 1.896524e-04        1
561 6.857713e-05        1
562 1.913463e-06        1
563 4.532687e-04        1
564 6.739622e-05        1
565 1.206910e-04        1
566 2.472685e-04        1
567 6.034697e-04        1
568 1.578620e-04        1
569 1.415497e-03        1
570 1.109240e-04        1
571 2.522619e-04        1
572 2.016578e-03        1
573 9.693825e-04        1
574 2.751585e-04        1
575 1.089859e-05        1
576 1.083487e-03        1
577 8.778402e-05        1
578 1.786874e-04        1
579 6.218006e-06        1
580 7.268598e-04        1
581 1.222606e-03        1
582 1.451753e-03        1
583 6.092158e-06        1
584 2.787855e-04        1
585 5.293367e-04        1
586 7.506791e-05        1
587 7.248247e-04        1
588 2.499280e-06        1
589 1.351124e-02        1
590 1.467240e-03        1
591 1.162514e-02        1
592 3.222531e-04        1
593 8.384632e-05        1
594 2.522822e-08        1
595 5.834199e-05        1
596 2.263120e-03        1
597 8.912015e-05        1
598 1.042920e-04        1
599 6.541354e-05        1
600 3.499533e-03        1
601 6.279339e-06        1
602 4.255899e-04        1
603 5.402838e-04        1
604 1.591338e-03        1
605 9.997407e-04        1
606 1.107030e-04        1
607 5.295399e-04        1
608 2.222130e-03        1
609 1.325353e-06        1
610 4.112446e-04        1
611 1.158112e-03        1
612 8.531550e-05        1
613 1.356651e-03        1
614 1.389157e-06        1
615 4.869851e-05        1
616 1.400787e-04        1
617 1.570095e-03        1
618 3.372787e-04        1
619 1.795518e-04        1
620 2.113558e-04        1
621 1.920960e-04        1
622 2.202778e-04        1
623 4.060705e-06        1
624 8.186823e-04        1
625 4.936854e-04        1
626 4.223820e-04        1
627 5.351594e-04        1
628 4.191533e-07        1
629 3.752205e-03        1
630 5.554461e-04        1
631 1.481857e-03        1
632 5.564136e-04        1
633 1.119629e-03        1
634 3.800111e-04        1
635 9.820854e-05        1
636 1.256598e-05        1
637 7.985433e-06        1
638 7.253289e-05        1
639 2.675009e-06        1
640 1.076360e-04        1
641 2.051814e-09        1
642 3.776907e-04        1
643 5.877197e-04        1
644 1.069617e-05        1
645 4.476762e-05        1
646 2.700728e-04        1
647 3.260868e-06        1
648 2.729601e-06        1
649 2.175112e-04        1
650 7.346543e-05        1
651 1.245086e-03        1
652 3.850498e-06        1
653 9.214382e-04        1
654 1.507675e-04        1
655 6.963985e-07        1
656 5.208001e-06        1
657 6.481556e-04        1
658 8.105802e-04        1
659 5.852543e-04        1
660 8.276585e-05        1
661 5.971898e-05        1
662 1.988372e-04        1
663 1.890856e-05        1
664 3.333135e-04        1
665 4.757064e-04        1
666 5.762550e-05        1
667 7.789669e-05        1
668 5.930414e-05        1
669 1.280327e-05        1
670 6.129155e-04        1
671 1.560999e-03        1
672 1.472483e-03        1
673 4.854843e-03        1
674 5.279498e-04        1
675 1.916542e-03        1
676 2.394232e-05        1
677 5.758948e-04        1
678 1.783358e-03        1
679 3.662068e-04        1
680 8.138045e-04        1
681 1.238415e-05        1

$`MR-PRESSO results`$`Distortion Test`
$`MR-PRESSO results`$`Distortion Test`$`Outliers Indices`
[1] 34

$`MR-PRESSO results`$`Distortion Test`$`Distortion Coefficient`
beta.exposure 
      10.5647 

$`MR-PRESSO results`$`Distortion Test`$Pvalue
[1] 0.81444



