SNP	CHR	POS	Effect_allele	Non_Effect_allele	EAF	Beta	SE	P	r2	N
rs3009872	1	66411400	C	T	0.5565	-0.0523	0.0158	9.218e-4	0.0013501815409949999	54162
rs12404604	1	244829280	G	A	0.7821	-0.006	0.0193	0.7548	1.2270210479999999e-5	54162
rs1260326	2	27730940	T	C	0.4232	-8e-4	0.0161	0.9608	3.124502528e-7	54162
rs34463745	NA	NA	NA	NA	NA	NA	NA	NA	NA	NA
rs115648382	NA	NA	NA	NA	NA	NA	NA	NA	NA	NA
rs13022438	2	162800372	G	A	0.6292	0.0138	0.0166	0.4055	8.88621072768e-5	54162
rs13017956	2	184982657	A	G	0.1728	0.0178	0.0203	0.3809	9.057832058879999e-5	54162
rs62182116	2	240266511	A	G	0.3428	0.0199	0.0172	0.2475	1.784327284832e-4	54162
rs66664395	3	74538250	C	T	0.5362	-0.0055	0.0174	0.7527	1.5045718379999998e-5	54162
rs9841829	3	85569361	G	T	0.7642	-0.0191	0.0185	0.3032	1.314763274232e-4	54162
rs77446218	3	181977344	T	C	0.0766	0.0364	0.0313	0.2449	1.8743530740480003e-4	54162
rs12646808	NA	NA	NA	NA	NA	NA	NA	NA	NA	NA
rs1355512	4	20483094	A	G	0.2322	-0.0227	0.021	0.2792	1.8373505903280003e-4	54162
rs11940694	4	39414993	A	G	0.4189	-0.0363	0.0167	0.02941	6.415115523101998e-4	54162
rs7685053	4	57727683	T	C	0.2795	0.0049	0.0175	0.7789	9.670255595e-6	54162
rs10018066	4	67961296	C	A	0.7453	-0.0086	0.0176	0.6255	2.8079344447200004e-5	54162
rs7685065	4	83549402	G	A	0.6744	-0.0107	0.0163	0.5112	5.028049086719999e-5	54162
rs186691688	NA	NA	NA	NA	NA	NA	NA	NA	NA	NA
rs147071310	4	98051237	A	C	NA	0.0566	0.0818	0.489	NA	54162
rs140184756	NA	NA	NA	NA	NA	NA	NA	NA	NA	NA
rs29001570	NA	NA	NA	NA	NA	NA	NA	NA	NA	NA
rs145452708	4	100248642	C	G	0.0228	0.0107	0.058	0.8534	5.101711036799999e-6	54162
rs78744403	4	100276771	A	G	0.0906	0.0326	0.0262	0.2144	1.7512507865279997e-4	54162
rs181871933	NA	NA	NA	NA	NA	NA	NA	NA	NA	NA
rs17264946	4	183795486	A	G	0.0512	0.1246	0.0463	0.007055	0.0015083798331392002	54162
rs7719574	5	25063303	A	C	0.386	0.0172	0.0158	0.2772	1.4023052672e-4	54162
rs55897521	6	7276630	T	C	0.2618	-0.0264	0.0189	0.1618	2.6939003857919994e-4	54162
rs115599192	NA	NA	NA	NA	NA	NA	NA	NA	NA	NA
rs11982791	7	2127194	A	C	0.051	0.0289	0.038	0.4478	8.084665757999999e-5	54162
rs185211959	NA	NA	NA	NA	NA	NA	NA	NA	NA	NA
rs322819	7	127733365	A	G	0.3369	-0.0124	0.0163	0.4472	6.869947289279999e-5	54162
rs6969458	NA	NA	NA	NA	NA	NA	NA	NA	NA	NA
rs111988120	8	74408490	T	C	0.0304	-0.0929	0.0596	0.1192	5.087771685888e-4	54162
rs188917658	NA	NA	NA	NA	NA	NA	NA	NA	NA	NA
rs4734100	8	105335216	A	G	0.396	-0.0102	0.0159	0.5226	4.976940672000001e-5	54162
rs4316229	9	26883149	G	C	0.8559	0.0056	0.022	0.8001	7.7355831168e-6	54162
rs79649709	10	10978503	C	G	NA	-0.0718	0.1151	0.5328	NA	54162
rs66646187	NA	NA	NA	NA	NA	NA	NA	NA	NA	NA
rs7933896	11	47882782	T	C	0.4668	0.0549	0.0165	8.664e-4	0.0015003606752351998	54162
rs7131465	11	113300022	A	C	0.391	0.015	0.0159	0.345	1.0715355e-4	54162
rs150578239	NA	NA	NA	NA	NA	NA	NA	NA	NA	NA
rs2122692	12	57510511	G	C	0.4917	0.0013	0.0158	0.9321	8.447671518e-7	54162
rs35566689	13	27940328	C	T	0.6009	-0.0104	0.018	0.5635	5.18776871808e-5	54162
rs117282209	13	103157713	T	C	0.0243	-0.0085	0.0616	0.8899	3.4260241950000005e-6	54162
rs1123285	14	57274519	G	C	0.662	8e-4	0.0166	0.9633	2.8640768e-7	54162
rs8012947	14	58784455	A	G	0.2659	0.0337	0.0175	0.05425	4.433669934222e-4	54162
rs56938526	15	46885091	C	T	0.7866	-0.0163	0.0192	0.3949	8.91976806072e-5	54162
rs114358603	NA	NA	NA	NA	NA	NA	NA	NA	NA	NA
rs55875685	16	30611451	C	A	0.6567	-0.024	0.0166	0.149	2.5971276672e-4	54162
rs12930148	16	71459146	T	G	0.3892	0.0141	0.019	0.4571	9.45235624032e-5	54162
rs8073177	17	7440584	T	C	0.2175	0.0081	0.0194	0.677	2.2332823874999997e-5	54162
rs148254899	18	24729046	C	T	0.924	0.0276	0.0284	0.3306	1.0698766847999995e-4	54162
rs76774888	18	59981107	A	G	0.0343	-0.0941	0.0477	0.04868	5.866047751662e-4	54162
rs73215809	NA	NA	NA	NA	NA	NA	NA	NA	NA	NA
