$`Main MR results`
       Exposure       MR Analysis Causal Estimate         Sd     T-stat
1 beta.exposure               Raw    -0.026812814 0.01505944 -1.7804652
2 beta.exposure Outlier-corrected    -0.008686711 0.01220996 -0.7114447
     P-value
1 0.07776055
2 0.47832850

$`MR-PRESSO results`
$`MR-PRESSO results`$`Global Test`
$`MR-PRESSO results`$`Global Test`$RSSobs
[1] 186.5989

$`MR-PRESSO results`$`Global Test`$Pvalue
[1] "<1e-04"


$`MR-PRESSO results`$`Outlier Test`
          RSSobs  Pvalue
1   3.676397e-05       1
2   2.731392e-06       1
3   8.792680e-08       1
4   6.595932e-05       1
5   1.696576e-04       1
6   3.456879e-05       1
7   1.382107e-06       1
8   6.144115e-06       1
9   1.108689e-06       1
10  1.850332e-07       1
11  2.705315e-06       1
12  4.520685e-04       1
13  2.655840e-05       1
14  2.118436e-05       1
15  7.409551e-06       1
16  2.208101e-05       1
17  5.239043e-06       1
18  5.626302e-07       1
19  6.744349e-07       1
20  3.424503e-06       1
21  1.976880e-06       1
22  1.615062e-05       1
23  1.015548e-05       1
24  2.328059e-05       1
25  3.524891e-05       1
26  7.665018e-06       1
27  8.690559e-05       1
28  3.827390e-05       1
29  3.174481e-06       1
30  1.495068e-05       1
31  7.515620e-06       1
32  2.446437e-05       1
33  1.263384e-05       1
34  1.043118e-05       1
35  3.677748e-06       1
36  2.915128e-06       1
37  8.716882e-06       1
38  5.204205e-05       1
39  5.106287e-05       1
40  1.085638e-05       1
41  1.905340e-06       1
42  6.612101e-06       1
43  3.349185e-05       1
44  1.765413e-06       1
45  6.074484e-07       1
46  4.019708e-07       1
47  3.067834e-05       1
48  1.123144e-04       1
49  2.833059e-05       1
50  4.051214e-05       1
51  8.217613e-07       1
52  1.497588e-04  0.8769
53  2.230914e-05       1
54  5.419451e-07       1
55  9.258779e-07       1
56  6.646127e-05       1
57  2.250642e-07       1
58  1.389759e-04       1
59  1.746076e-05       1
60  6.439711e-06       1
61  7.627733e-07       1
62  2.619066e-06       1
63  4.588988e-05       1
64  6.689377e-07       1
65  1.326501e-05       1
66  2.017376e-05       1
67  1.502689e-05       1
68  8.398285e-07       1
69  1.152760e-04  0.9768
70  9.192225e-06       1
71  2.772779e-06       1
72  1.281644e-06       1
73  2.708867e-05       1
74  1.851848e-05       1
75  1.213655e-03 <0.0111
76  5.868093e-06       1
77  5.276832e-06       1
78  4.218861e-05       1
79  1.253990e-05       1
80  3.605342e-05       1
81  5.493700e-06       1
82  8.534781e-05       1
83  2.527713e-05       1
84  8.542630e-09       1
85  2.103942e-05       1
86  4.123688e-06       1
87  1.265302e-05       1
88  2.687724e-07       1
89  6.021478e-06       1
90  2.044683e-05       1
91  3.713554e-05       1
92  1.241446e-04       1
93  5.350392e-05       1
94  1.379799e-05       1
95  5.295109e-06       1
96  3.526994e-05       1
97  1.294277e-07       1
98  1.492669e-08       1
99  1.730433e-05       1
100 3.045797e-05       1
101 2.512448e-05       1
102 2.314710e-06       1
103 4.116628e-05       1
104 1.423065e-05       1
105 1.437916e-05       1
106 1.354670e-05       1
107 1.830252e-08       1
108 8.625573e-07       1
109 6.283880e-05       1
110 4.443603e-05       1
111 9.837243e-06       1

$`MR-PRESSO results`$`Distortion Test`
$`MR-PRESSO results`$`Distortion Test`$`Outliers Indices`
[1] 75

$`MR-PRESSO results`$`Distortion Test`$`Distortion Coefficient`
beta.exposure 
    -208.6647 

$`MR-PRESSO results`$`Distortion Test`$Pvalue
[1] 0.0805



