$`Main MR results`
       Exposure       MR Analysis Causal Estimate       Sd    T-stat    P-value
1 beta.exposure               Raw       -69.45071 38.17581 -1.819233 0.06964445
2 beta.exposure Outlier-corrected       -70.67861 36.75507 -1.922962 0.05522026

$`MR-PRESSO results`
$`MR-PRESSO results`$`Global Test`
$`MR-PRESSO results`$`Global Test`$RSSobs
[1] 562.3207

$`MR-PRESSO results`$`Global Test`$Pvalue
[1] "<4e-05"


$`MR-PRESSO results`$`Outlier Test`
          RSSobs Pvalue
1   4.998898e+03      1
2   5.980812e+00      1
3   2.241940e+05 0.8424
4   3.632720e+04      1
5   8.364289e+04      1
6   2.848990e+04      1
7   6.455889e+04      1
8   1.018300e+04      1
9   9.496804e+03      1
10  2.449128e+03      1
11  3.286010e+02      1
12  7.681937e+03      1
13  2.017578e+04      1
14  5.720278e+04      1
15  8.784104e+03      1
16  3.499430e+02      1
17  4.059968e+02      1
18  2.505656e-02      1
19  4.911117e+03      1
20  1.545785e+04      1
21  3.644275e+04      1
22  1.160618e+02      1
23  1.555370e+04      1
24  5.147910e+03      1
25  9.357986e+02      1
26  8.229740e+04      1
27  2.642685e+01      1
28  2.268581e+02      1
29  4.212369e+03      1
30  3.677070e+03      1
31  5.044531e+02      1
32  4.643386e+03      1
33  2.365615e+03      1
34  3.822581e+04      1
35  1.882023e+04      1
36  2.608631e+01      1
37  5.181513e+04      1
38  1.724012e+04      1
39  4.336805e+03      1
40  2.553960e+04      1
41  2.664552e+04      1
42  2.912830e+02      1
43  2.367344e-02      1
44  2.441695e+04      1
45  3.182336e+03      1
46  7.714478e+03      1
47  1.075441e+02      1
48  3.183479e+04      1
49  2.773078e+03      1
50  3.484889e+04      1
51  3.910339e+02      1
52  1.567718e+04      1
53  1.933974e+04      1
54  8.928074e+03      1
55  5.737757e+02      1
56  4.056033e+03      1
57  5.176428e+03      1
58  2.460831e+03      1
59  2.393986e+04      1
60  2.558127e+04      1
61  2.190535e+04      1
62  4.067843e+03      1
63  2.251992e+02      1
64  7.496779e+04      1
65  1.195654e+03      1
66  1.846020e+02      1
67  1.094812e+04      1
68  3.806869e+03      1
69  1.961766e+01      1
70  6.530862e+02      1
71  4.649119e+03      1
72  3.344038e+03      1
73  6.543753e+04      1
74  1.572031e+04      1
75  9.126538e+02      1
76  6.711272e+03      1
77  2.652173e+04      1
78  1.110094e+04      1
79  2.255947e+04      1
80  1.183754e+04      1
81  1.149976e+03      1
82  2.102352e+04      1
83  5.886539e+03      1
84  6.008646e+04      1
85  9.214862e+05 0.0156
86  8.548769e+02      1
87  9.914839e+03      1
88  4.451305e+04      1
89  2.032917e+04      1
90  3.421807e+02      1
91  1.316390e+01      1
92  1.398456e+02      1
93  6.198832e+04      1
94  1.453371e+05      1
95  2.470782e+02      1
96  2.293433e+03      1
97  7.166079e+05      1
98  3.086830e+03      1
99  5.925257e+03      1
100 3.448339e+04      1
101 5.950940e+03      1
102 6.631612e+04      1
103 4.279536e+04      1
104 6.652301e+03      1
105 4.341403e+02      1
106 1.220748e+04      1
107 1.279868e+03      1
108 1.278004e+05      1
109 1.570890e+03      1
110 6.549711e+03      1
111 1.285304e+05      1
112 1.075234e+04      1
113 2.459625e+04      1
114 1.800238e+04      1
115 3.067935e+03      1
116 2.032808e+05      1
117 3.625047e+03      1
118 2.243460e+05      1
119 1.115360e+03      1
120 2.086301e+05 0.7332
121 3.390037e+04      1
122 2.080762e+04      1
123 2.312794e+01      1
124 3.239194e+04      1
125 3.543440e+03      1
126 1.965029e+04      1
127 4.767635e+04      1
128 9.224303e+03      1
129 1.235690e+03      1
130 5.745290e+01      1
131 6.439224e+04      1
132 8.698970e+03      1
133 4.270254e+04      1
134 1.859303e+04      1
135 1.057342e+03      1
136 9.611983e+03      1
137 7.206027e+03      1
138 7.062435e+02      1
139 3.068821e+04      1
140 2.212609e+05      1
141 1.423260e+03      1
142 2.234947e+01      1
143 1.904247e-01      1
144 1.184373e+05      1
145 1.115852e+03      1
146 2.519978e+03      1
147 2.506330e+00      1
148 1.896369e+03      1
149 1.414780e+04      1
150 1.922127e+04      1
151 8.729444e+02      1
152 6.030763e+04      1
153 4.533697e+03      1
154 6.362535e+04      1
155 1.398494e+03      1
156 8.221753e+04      1
157 1.935613e+03      1
158 1.373372e+04      1
159 3.223575e+01      1
160 1.307381e+04      1
161 2.377827e+02      1
162 1.272093e+03      1
163 2.098445e+04      1
164 2.850871e+02      1
165 7.109372e+04      1
166 3.912398e+04      1
167 2.687680e+03      1
168 3.516256e+01      1
169 4.654821e+03      1
170 7.528940e+03      1
171 7.031594e+02      1
172 5.072531e+02      1
173 1.973662e+04      1
174 3.458588e+01      1
175 4.182853e+03      1
176 8.954281e+03      1
177 4.024393e+04      1
178 8.051360e+03      1
179 9.155340e+03      1
180 1.392561e+03      1
181 1.538948e+04      1
182 8.687295e+00      1
183 7.886025e+04      1
184 2.752578e+04      1
185 1.568382e+03      1
186 1.009579e+04      1
187 1.262215e+04      1
188 2.297919e+04      1
189 1.386306e+02      1
190 1.535785e+05      1
191 9.969371e+02      1
192 1.470572e+04      1
193 5.539091e+04      1
194 2.751424e+04      1
195 1.173208e+04      1
196 3.371277e+04      1
197 8.342558e+03      1
198 1.011045e+02      1
199 2.951356e+02      1
200 2.657347e+04      1
201 9.207194e+01      1
202 3.212498e+02      1
203 7.142049e+03      1
204 2.055855e+02      1
205 8.243383e+04      1
206 1.406511e+04      1
207 2.469262e+05 0.0156
208 5.140552e+01      1
209 6.507612e+03      1
210 2.140874e+03      1
211 4.002351e+03      1
212 3.745095e+03      1
213 6.264032e+03      1
214 1.347153e+04      1
215 1.577075e+01      1
216 7.297192e+04      1
217 1.051935e+03      1
218 4.170694e+03      1
219 7.811916e+03      1
220 6.628072e+02      1
221 4.818171e+01      1
222 6.898739e+03      1
223 4.737879e+04      1
224 1.322760e+05 0.9828
225 1.744280e+01      1
226 2.864126e+03      1
227 7.877052e+02      1
228 2.241440e+04      1
229 5.143165e+00      1
230 1.768449e+04      1
231 7.251473e+03      1
232 2.079686e+04      1
233 6.961515e+03      1
234 5.409584e+03      1
235 6.436752e+02      1
236 7.190184e+03      1
237 2.152971e+04      1
238 8.329588e+03      1
239 1.206415e+04      1
240 2.137483e+04      1
241 2.778175e+04      1
242 2.758783e+04      1
243 5.526904e+03      1
244 2.298366e+04      1
245 3.598647e+03      1
246 2.135611e+04      1
247 1.744696e+05      1
248 1.609439e+04      1
249 9.420808e+03      1
250 3.150392e+04      1
251 8.131772e+03      1
252 1.550401e+01      1
253 1.707716e+04      1
254 1.868126e+03      1
255 7.440466e+03      1
256 4.864944e+04      1
257 2.609320e+04      1
258 2.885905e+04      1
259 1.880852e+04      1
260 1.381679e+05      1
261 1.008619e+05      1
262 6.890920e+02      1
263 3.139144e+04      1
264 4.518260e+02      1
265 2.644124e+04      1
266 1.558396e+04      1
267 4.587968e+03      1
268 1.249608e+05      1
269 1.682314e+03      1
270 3.624201e+05  0.936
271 5.427008e+04      1
272 8.668037e+02      1
273 1.121125e+05      1
274 4.333230e+03      1
275 4.307320e+04      1
276 1.487486e+04      1
277 2.307163e+05 0.9516
278 1.060269e+02      1
279 2.624573e+03      1
280 8.725820e+04      1
281 7.378368e+03      1
282 1.268226e+01      1
283 1.744686e+04      1
284 1.078490e+04      1
285 1.044360e+04      1
286 1.610011e+04      1
287 4.581490e+04      1
288 1.299243e+03      1
289 4.499260e+01      1
290 7.916092e+03      1
291 1.023238e+03      1
292 5.378016e+03      1
293 2.650849e+04      1
294 1.245701e+05 0.5304
295 1.285798e+04      1
296 7.724514e+03      1
297 2.501529e+04      1
298 4.351184e+02      1
299 1.585051e+05  0.156
300 1.557858e+05      1
301 3.647325e+04      1
302 9.193631e+03      1
303 4.924649e+03      1
304 4.251975e+04      1
305 1.481005e+04      1
306 2.779537e+04      1
307 1.133416e+04      1
308 4.000597e+03      1
309 2.421107e+04      1
310 9.332600e+03      1
311 3.739140e+03      1
312 1.449720e+04      1
313 7.805134e+04      1
314 1.031899e+04      1
315 1.237078e+04      1
316 2.414405e+04      1
317 3.726155e+02      1
318 1.786021e+04      1
319 4.140870e+04      1
320 5.358204e+04      1
321 7.960520e+02      1
322 3.711994e+05 0.0312
323 5.940470e+04      1
324 1.749382e+04      1
325 1.563785e+04      1
326 7.630613e+04      1
327 4.894186e+04      1
328 3.050036e+04      1
329 3.557699e+02      1
330 2.484016e+04      1
331 1.038998e+03      1
332 3.081744e+03      1
333 4.177881e+04      1
334 3.320752e+04      1
335 5.327517e+03      1
336 3.798298e+03      1
337 5.316374e+04      1
338 1.024383e+02      1
339 1.044424e+03      1
340 5.160059e+03      1
341 4.353892e+03      1
342 5.504233e+03      1
343 2.163569e+04      1
344 3.661804e+02      1
345 9.175222e+04      1
346 2.773448e+06  0.312
347 1.088877e+02      1
348 1.487503e+05      1
349 1.113454e+04      1
350 8.885947e+02      1
351 8.858704e+04      1
352 1.966806e+04      1
353 1.972011e+04      1
354 5.000323e+03      1
355 5.731036e+03      1
356 1.235923e+05      1
357 2.192579e+05 0.2496
358 3.369224e+04      1
359 2.593298e+03      1
360 4.786534e+04      1
361 3.415186e+03      1
362 5.249255e+03      1
363 3.414688e+04      1
364 2.614016e+03      1
365 1.341626e+04      1
366 2.306354e+02      1
367 6.157862e+02      1
368 2.505045e+02      1
369 3.109741e+04      1
370 8.720619e+03      1
371 1.547362e+02      1
372 6.471412e+04      1
373 1.247241e+04      1
374 2.463849e+05 0.1404
375 1.092036e+03      1
376 1.633411e+04      1
377 8.787592e+00      1
378 3.616459e+04      1
379 6.982739e+03      1
380 3.108854e+03      1
381 2.025874e+04      1
382 2.543464e+04      1
383 2.795607e+05      1
384 1.690492e+02      1
385 7.982972e+01      1
386 1.786674e+03      1
387 3.020817e+03      1
388 1.194491e+04      1
389 1.173691e+01      1
390 1.267207e+03      1

$`MR-PRESSO results`$`Distortion Test`
$`MR-PRESSO results`$`Distortion Test`$`Outliers Indices`
[1]  85 207 322

$`MR-PRESSO results`$`Distortion Test`$`Distortion Coefficient`
beta.exposure 
     1.737298 

$`MR-PRESSO results`$`Distortion Test`$Pvalue
[1] 0.97224



