SNP	CHROM	POS	REF	ALT	AF	BETA	SE	Z	P	N	TRAIT
rs2089358	1	37194103	C	T	0.693677	0.006013	0.006241	0.963467	0.3354	3146	CSF_tau
rs11588755	NA	NA	NA	NA	NA	NA	NA	NA	NA	NA	NA
rs6690101	1	66414039	T	C	0.549782	-0.004691	0.005631000000000001	-0.833067	0.4049	3146	CSF_tau
rs1620977	1	72729142	A	G	0.737341	7.472e-4	0.00683	0.1094	0.9129	3146	CSF_tau
rs699844	1	74878253	A	G	0.0456356	-7.731e-4	0.01127	-0.06859804791481809	0.9453	3146	CSF_tau
rs12030482	1	96961268	T	A	0.229877	-0.001026	0.006864	-0.14947552447552448	0.8812	3146	CSF_tau
rs6702604	1	107190062	A	G	0.443496	0.003442	0.005695	0.6043898156277436	0.5457	3146	CSF_tau
rs1289939	1	117944435	T	C	0.767138	1.386e-4	0.0065439999999999995	0.0211797	0.9831	3146	CSF_tau
rs5877	1	173878862	T	C	0.322311	-0.002708	0.006305	-0.42950039651070576	0.6676	3146	CSF_tau
rs2418884	1	190038811	T	G	0.350291	-0.004882	0.006014	-0.8117725307615563	0.41700000000000004	3146	CSF_tau
rs10800992	1	190900576	C	T	0.391104	-0.01188	0.005855	-2.0290350128095644	0.04247	3146	CSF_tau
rs11119409	1	210293333	C	T	0.512895	0.004018	0.005784	0.694675	0.4873	3146	CSF_tau
rs823247	2	2850540	C	T	0.522934	-0.002251	0.005646	-0.39868933758413033	0.6902	3146	CSF_tau
rs9653490	2	42833641	C	T	0.648117	0.01084	0.006731999999999999	1.61022	0.1076	3146	CSF_tau
rs13010288	2	51824512	G	T	0.0918664	0.009029	0.008485	1.064113140836771	0.2873	3146	CSF_tau
rs113851554	NA	NA	NA	NA	NA	NA	NA	NA	NA	NA	NA
rs12991815	2	68071990	C	G	0.553961	-1.189e-4	0.005862	-0.0202832	0.9838	3146	CSF_tau
rs72820274	2	104412924	G	A	0.413524	-0.005388	0.0058460000000000005	-0.9216558330482381	0.3568	3146	CSF_tau
rs62158170	2	114082175	A	G	0.198144	0.005103	0.00701	0.7279600570613409	0.4667	3146	CSF_tau
rs55633567	2	146471182	G	A	0.606793	-0.004668	0.0056240000000000005	-0.830014	0.4066	3146	CSF_tau
rs6756610	NA	NA	NA	NA	NA	NA	NA	NA	NA	NA	NA
rs116466468	2	159137557	T	C	0.262776	-0.005825	0.006586	-0.884451867597935	0.3765	3146	CSF_tau
rs4664299	2	160570033	T	C	0.796699	0.00633	0.006572	0.963177	0.3356	3146	CSF_tau
rs7571486	2	176473295	G	A	0.318348	0.0165	0.006490000000000001	2.542372881355932	0.01108	3146	CSF_tau
rs55772859	2	208042581	C	A	0.357975	0.003684	0.006157	0.5983433490336203	0.5497	3146	CSF_tau
rs2365661	2	210391837	A	G	0.266606	-0.001288	0.006585	-0.19559605163249813	0.8449	3146	CSF_tau
rs34967082	2	215382654	G	A	0.431198	0.0043	0.006418000000000001	0.6699906512932376	0.5029	3146	CSF_tau
rs11676140	NA	NA	NA	NA	NA	NA	NA	NA	NA	NA	NA
rs149249498	2	239282142	G	T	0.0752084	-0.007905	0.010790000000000001	-0.7326227988878591	0.4638	3146	CSF_tau
rs4684703	NA	NA	NA	NA	NA	NA	NA	NA	NA	NA	NA
rs80286526	3	17394183	A	C	0.0769996	0.004342	0.01027	0.4227848101265823	0.6724	3146	CSF_tau
rs4858708	3	25154112	A	T	0.508974	-0.003307	0.0056560000000000004	-0.5846888260254597	0.5588	3146	CSF_tau
rs35110063	3	43066558	G	A	0.484398	9.456e-4	0.005901	0.16024402643619726	0.8727	3146	CSF_tau
rs3774751	3	50209053	G	T	0.469497	-0.006298	0.006065999999999999	-1.038245961094626	0.2993	3146	CSF_tau
rs1567084	3	71435955	A	G	0.450694	-0.01322	0.005692	-2.32256	0.02025	3146	CSF_tau
rs62258944	NA	NA	NA	NA	NA	NA	NA	NA	NA	NA	NA
rs17025198	3	88001713	G	A	0.267031	0.0119	0.006776999999999999	1.7559392061384096	0.0792	3146	CSF_tau
rs1580173	3	107955515	G	A	0.539498	0.005367	0.006113	0.877965	0.3801	3146	CSF_tau
rs62264767	3	117642005	A	C	0.151669	0.005425	0.008013	0.6770248346437041	0.4985	3146	CSF_tau
rs492858	3	155432229	C	T	0.0868698	-0.013930000000000001	0.01053	-1.3228869895536564	0.18600000000000003	3146	CSF_tau
rs2364921	3	158522463	T	C	0.508164	0.002364	0.005604	0.421842	0.6732	3146	CSF_tau
rs694786	NA	NA	NA	NA	NA	NA	NA	NA	NA	NA	NA
rs2216427	3	180785697	C	G	0.321791	0.008667	0.005936	1.460074123989218	0.1444	3146	CSF_tau
rs56210137	4	22050663	T	G	0.78836	-0.004362	0.007043000000000001	-0.619338	0.5358	3146	CSF_tau
rs16990210	4	34720226	T	C	0.134797	-0.013219999999999999	0.007664	-1.7249478079331941	0.08455	3146	CSF_tau
rs12500601	NA	NA	NA	NA	NA	NA	NA	NA	NA	NA	NA
rs17005118	4	82288564	G	A	0.269036	6.387000000000001e-4	0.00648	0.09856481481481483	0.9215	3146	CSF_tau
rs72657797	NA	NA	NA	NA	NA	NA	NA	NA	NA	NA	NA
rs13135092	4	103198082	A	G	0.0543478	-0.01229	0.01107	-1.1102077687443541	0.267	3146	CSF_tau
rs13138995	4	148987430	A	G	0.621179	-3.456e-4	0.0057929999999999995	-0.0596582	0.9524	3146	CSF_tau
rs17223714	5	50492629	A	G	0.231189	0.005268	0.007026999999999999	0.7496798064607941	0.4535	3146	CSF_tau
rs12520974	NA	NA	NA	NA	NA	NA	NA	NA	NA	NA	NA
rs701394	NA	NA	NA	NA	NA	NA	NA	NA	NA	NA	NA
rs16903122	5	87693561	C	T	0.233407	-0.009155	0.006693000000000001	-1.367847004332885	0.1715	3146	CSF_tau
rs35539975	5	91607148	A	G	0.25109	0.00296	0.006976	0.42431192660550454	0.6713	3146	CSF_tau
rs17083297	5	92995477	C	A	0.104529	0.008481	0.008104	1.0465202369200395	0.2954	3146	CSF_tau
rs2431108	5	103947968	T	C	0.325771	-0.013080000000000001	0.006422	-2.03674867642479	0.04173	3146	CSF_tau
rs17367725	5	107112116	C	T	0.34607	-0.002444	0.006101	-0.40059006720209805	0.6887	3146	CSF_tau
rs8180457	5	107209814	T	C	0.816824	0.00197	0.007653	0.257415	0.7968	3146	CSF_tau
rs55972276	5	135653737	C	A	0.114016	9.073999999999999e-4	0.00925	0.0980972972972973	0.9219	3146	CSF_tau
rs6888135	5	141254063	C	A	0.490178	4.304e-4	0.005685	0.075708	0.9397	3146	CSF_tau
rs57001955	NA	NA	NA	NA	NA	NA	NA	NA	NA	NA	NA
rs62383308	NA	NA	NA	NA	NA	NA	NA	NA	NA	NA	NA
rs6601080	5	179511043	G	A	0.639535	-0.006742	0.00599	-1.12554	0.2605	3146	CSF_tau
rs11756035	6	18843810	G	C	0.13262	0.0020670000000000003	0.009179000000000001	0.2251879289682972	0.8219	3146	CSF_tau
rs6456714	6	26335346	C	G	0.666028	-0.001145	0.005964	-0.191985	0.8478	3146	CSF_tau
rs10947428	NA	NA	NA	NA	NA	NA	NA	NA	NA	NA	NA
rs10947690	6	37631768	A	G	0.2749	0.0013	0.00675	0.1925925925925926	0.8472	3146	CSF_tau
rs66858749	6	38635132	G	A	0.396817	-0.005454	0.005612	-0.9718460441910192	0.3313	3146	CSF_tau
rs10944696	NA	NA	NA	NA	NA	NA	NA	NA	NA	NA	NA
rs2388840	6	99598756	G	A	0.612641	0.002052	0.005753	0.356683	0.7213	3146	CSF_tau
rs240112	6	101059253	C	A	0.542302	0.002346	0.005713	0.410642	0.6814	3146	CSF_tau
rs314281	6	105400605	T	C	0.552393	-0.002449	0.005666	-0.432227	0.6656	3146	CSF_tau
rs728017	NA	NA	NA	NA	NA	NA	NA	NA	NA	NA	NA
rs62429521	6	140324582	C	A	0.184727	-2.516e-4	0.007915	-0.031787744788376496	0.9746	3146	CSF_tau
rs1147852	6	147980909	G	A	0.296478	0.005907	0.006056000000000001	0.9753963011889034	0.3294	3146	CSF_tau
rs4709655	6	163280204	C	T	0.0905917	-4.6580000000000005e-4	0.00903	-0.05158361018826136	0.9589	3146	CSF_tau
rs6978112	7	1966841	C	T	0.409356	0.002355	0.006272	0.3754783163265306	0.7073	3146	CSF_tau
rs940780	7	3323848	T	C	0.659215	0.001799	0.005816	0.309319	0.7571	3146	CSF_tau
rs2030672	7	21687925	G	C	0.556707	-0.001953	0.005671	-0.344384	0.7306	3146	CSF_tau
rs62456370	7	49893406	A	G	0.740149	-0.002248	0.006421	-0.350101	0.7263	3146	CSF_tau
rs6465151	7	88310899	C	T	0.143687	-0.005084	0.008451	-0.6015856111702756	0.5475	3146	CSF_tau
rs6973090	NA	NA	NA	NA	NA	NA	NA	NA	NA	NA	NA
rs8180817	7	114047542	G	C	0.471616	-0.0023510000000000002	0.005686999999999999	-0.41339898013012144	0.6793	3146	CSF_tau
rs73204027	NA	NA	NA	NA	NA	NA	NA	NA	NA	NA	NA
rs17520265	7	119674508	G	A	0.0217865	-0.003012	0.01725	-0.1746086956521739	0.8614	3146	CSF_tau
rs6967168	7	132672192	T	G	0.232058	-0.001492	0.006765	-0.2205469327420547	0.8255	3146	CSF_tau
rs2598293	NA	NA	NA	NA	NA	NA	NA	NA	NA	NA	NA
rs1731951	7	137075847	T	A	0.489245	0.002027	0.0061070000000000004	0.3319141968233175	0.7399	3146	CSF_tau
rs28611339	8	10170037	G	T	0.160805	-0.01182	0.008319	-1.4208438514244501	0.1553	3146	CSF_tau
rs874168	8	30849450	T	C	0.448968	0.004772	0.005676	0.8407329105003525	0.4006	3146	CSF_tau
rs13253948	NA	NA	NA	NA	NA	NA	NA	NA	NA	NA	NA
rs671985	8	60914783	G	A	0.438161	0.0021420000000000002	0.0056170000000000005	0.3813423535695211	0.7029	3146	CSF_tau
rs4588900	8	73890425	G	A	0.512755	-7.268e-4	0.00565	-0.128637	0.8976	3146	CSF_tau
rs17643634	NA	NA	NA	NA	NA	NA	NA	NA	NA	NA	NA
rs28552587	8	103356226	A	G	0.449002	-3.094e-4	0.005775	-0.053575757575757575	0.9573	3146	CSF_tau
rs10955647	8	114154187	G	T	0.529941	-0.004414	0.005785	-0.763008	0.4456	3146	CSF_tau
rs10758593	9	4292083	G	A	0.437296	-0.00443	0.005797999999999999	-0.7640565712314592	0.4449	3146	CSF_tau
rs118166957	NA	NA	NA	NA	NA	NA	NA	NA	NA	NA	NA
rs10756571	9	14534505	C	T	0.697628	-6.972e-4	0.006611	-0.105461	0.9159999999999999	3146	CSF_tau
rs28600695	NA	NA	NA	NA	NA	NA	NA	NA	NA	NA	NA
rs7044885	9	81739348	C	G	0.526163	0.005492	0.00572	0.96014	0.337	3146	CSF_tau
rs10739951	9	96361585	T	C	0.480167	0.00583	0.005765999999999999	1.0110995490808188	0.312	3146	CSF_tau
rs1927902	9	120518991	T	C	0.752086	-0.006215	0.006568000000000001	-0.946255	0.3441	3146	CSF_tau
rs12684080	9	125867350	C	T	0.0867199	-0.002448	0.01253	-0.1953711093375898	0.8451	3146	CSF_tau
rs9411335	9	134901224	G	A	0.703341	-9.365e-4	0.006069	-0.154309	0.8774	3146	CSF_tau
rs10858247	NA	NA	NA	NA	NA	NA	NA	NA	NA	NA	NA
rs77641763	NA	NA	NA	NA	NA	NA	NA	NA	NA	NA	NA
rs12251016	10	21821918	A	T	0.32693	0.004588	0.005919	0.7751309342794391	0.4383	3146	CSF_tau
rs12246855	NA	NA	NA	NA	NA	NA	NA	NA	NA	NA	NA
rs224029	10	64519299	T	C	0.564387	0.002027	0.005850999999999999	0.346437	0.7290000000000001	3146	CSF_tau
rs11001276	10	76825638	A	T	0.288848	0.005413	0.007183	0.7535848531254351	0.4512	3146	CSF_tau
rs7475916	NA	NA	NA	NA	NA	NA	NA	NA	NA	NA	NA
rs111395229	NA	NA	NA	NA	NA	NA	NA	NA	NA	NA	NA
rs72899452	11	45415577	C	T	0.0644339	-0.01403	0.01124	-1.2482206405693952	0.2124	3146	CSF_tau
rs11605348	11	47606483	G	A	0.383205	-0.009614	0.006014	-1.5986032590621881	0.11	3146	CSF_tau
rs12807357	11	57656902	C	T	0.348617	0.003896	0.006306	0.6178242943228671	0.5367	3146	CSF_tau
rs524859	11	66041079	G	A	0.304032	0.00064230000000000005	0.005974	0.10751590224305324	0.9144	3146	CSF_tau
rs932074	11	72365663	C	G	0.447601	0.01354	0.005629	2.4054006040149227	0.01625	3146	CSF_tau
rs10898136	11	83274143	A	G	0.392568	-0.001468	0.005733	-0.25606139891854174	0.7979	3146	CSF_tau
rs2221119	11	88598444	G	C	0.498185	7.474000000000001e-4	0.005667	0.13188635962590436	0.8951	3146	CSF_tau
rs6589988	11	99126016	A	G	0.32131	-0.001385	0.0059770000000000005	-0.23172159946461432	0.8168	3146	CSF_tau
rs1064939	NA	NA	NA	NA	NA	NA	NA	NA	NA	NA	NA
rs647905	11	121534938	C	T	0.547602	-3.711e-4	0.0056890000000000005	-0.0652311	0.948	3146	CSF_tau
rs1440480	NA	NA	NA	NA	NA	NA	NA	NA	NA	NA	NA
rs2286729	12	6873818	G	A	0.0594766	3.636e-4	0.01152	0.0315625	0.9748	3146	CSF_tau
rs1167132	12	43484487	C	T	0.428935	-0.00323	0.005731	-0.56360146571279	0.5731	3146	CSF_tau
rs324017	12	57487814	A	C	0.697804	-0.005355	0.0065959999999999994	-0.811856	0.4169	3146	CSF_tau
rs61921611	12	66367726	T	C	0.275418	-0.004011	0.006104	-0.6571100917431192	0.5112	3146	CSF_tau
rs12310246	12	84700945	G	A	0.205584	0.009855	0.0064849999999999994	1.5196607555898227	0.1287	3146	CSF_tau
rs4767645	12	118385788	G	T	0.453619	-0.003204	0.005761	-0.5561534455823641	0.5781	3146	CSF_tau
rs28582096	12	123856998	G	A	0.184554	0.01318	0.006954000000000001	1.895312050618349	0.058170000000000006	3146	CSF_tau
rs9527083	13	53991125	G	A	0.650618	-0.007176	0.005943	-1.20747	0.2274	3146	CSF_tau
rs1031654	13	54382035	C	A	0.796444	-2.516e-4	0.0069489999999999994	-0.0362066	0.9711	3146	CSF_tau
rs6562066	13	60532796	T	C	0.638302	-0.005819	0.005872	-0.990974	0.3218	3146	CSF_tau
rs11149313	13	85294881	A	G	0.335091	-4.267e-5	0.006233	-0.006845820632119365	0.9945	3146	CSF_tau
rs2389631	13	96932868	A	C	0.389877	-0.005789	0.005961999999999999	-0.9709828916470984	0.3317	3146	CSF_tau
rs67159568	NA	NA	NA	NA	NA	NA	NA	NA	NA	NA	NA
rs1536053	13	111982291	C	T	0.32976	0.001193	0.006079	0.19624938312222406	0.8444	3146	CSF_tau
rs4981170	14	33412996	A	G	0.793831	-0.006703	0.0070209999999999995	-0.954707	0.3398	3146	CSF_tau
rs12912299	NA	NA	NA	NA	NA	NA	NA	NA	NA	NA	NA
rs715338	15	57215867	G	A	0.607572	0.006385	0.005790999999999999	1.10257	0.2703	3146	CSF_tau
rs1038093	15	74012409	T	C	0.393246	8.916999999999999e-4	0.005866	0.15201159222638935	0.8792	3146	CSF_tau
rs176644	NA	NA	NA	NA	NA	NA	NA	NA	NA	NA	NA
rs4702	15	91426560	G	A	0.586	0.001751	0.006128	0.285738	0.7751	3146	CSF_tau
rs9672549	NA	NA	NA	NA	NA	NA	NA	NA	NA	NA	NA
rs3184470	16	715164	G	A	0.451357	0.009779000000000001	0.005968	1.6385723860589814	0.1014	3146	CSF_tau
rs830716	16	12323509	G	C	0.648993	0.004198	0.006756999999999999	0.621282	0.5344	3146	CSF_tau
rs66674044	16	19904344	A	T	0.150109	0.0070079999999999995	0.008421	0.832205201282508	0.4053	3146	CSF_tau
rs4788203	NA	NA	NA	NA	NA	NA	NA	NA	NA	NA	NA
rs1015438	16	51177517	G	A	0.236469	-0.003442	0.007037000000000001	-0.4891288901520534	0.6248	3146	CSF_tau
rs9931543	16	56128782	T	C	0.283273	-0.007439	0.0064849999999999994	-1.1471087124132615	0.2514	3146	CSF_tau
rs35322724	16	77137324	C	A	0.50428	-0.005492	0.005829	-0.942186	0.3461	3146	CSF_tau
rs62068188	NA	NA	NA	NA	NA	NA	NA	NA	NA	NA	NA
rs8081659	17	27213990	C	T	0.492288	0.01029	0.00601	1.712146422628952	0.08701	3146	CSF_tau
rs7214267	17	43157709	G	A	0.584308	-0.007732	0.005729	-1.34962	0.1772	3146	CSF_tau
rs11650182	17	46272609	A	G	0.0885662	6.073e-4	0.01116	0.05441756272401434	0.9566	3146	CSF_tau
rs9889282	17	50259142	A	C	0.406559	0.007838	0.006233	1.2575004010909674	0.2087	3146	CSF_tau
rs8076183	17	61024696	C	T	0.524	-0.005896	0.005654	-1.0428015564202335	0.2971	3146	CSF_tau
rs11083299	18	26305366	C	T	0.477628	-0.003666	0.00572	-0.640909	0.5216	3146	CSF_tau
rs12605642	18	31313965	G	T	0.487141	5.091e-4	0.005626	0.0904906	0.9279	3146	CSF_tau
rs62097903	18	50531232	A	G	0.449328	2.359e-4	0.0058590000000000005	0.04026284348864993	0.9679	3146	CSF_tau
rs60565673	18	52906830	T	G	0.375589	0.001207	0.005775	0.209004329004329	0.8345	3146	CSF_tau
rs9964420	18	56824041	C	A	0.277657	0.001539	0.0063160000000000004	0.24366687777074095	0.8076	3146	CSF_tau
rs12983032	19	5073447	G	A	0.322587	-0.001045	0.006074	-0.17204478103391502	0.8635	3146	CSF_tau
rs6510033	19	30710785	A	G	0.227406	0.001975	0.006239	0.31655714056739864	0.7517	3146	CSF_tau
rs429358	NA	NA	NA	NA	NA	NA	NA	NA	NA	NA	NA
rs908668	19	56134038	C	T	0.218126	-0.0040939999999999995	0.007014	-0.5836897633304818	0.5595	3146	CSF_tau
rs6119267	NA	NA	NA	NA	NA	NA	NA	NA	NA	NA	NA
rs910187	NA	NA	NA	NA	NA	NA	NA	NA	NA	NA	NA
rs6019663	20	47774512	T	C	0.752452	-7.374e-4	0.0062840000000000005	-0.117346	0.9066	3146	CSF_tau
rs35580017	NA	NA	NA	NA	NA	NA	NA	NA	NA	NA	NA
rs76145129	20	62670427	G	T	0.12246	7.292999999999999e-4	0.009997	0.07295188556566969	0.9419	3146	CSF_tau
rs2838787	21	46539725	G	A	0.389151	-0.005241	0.005797	-0.904088321545627	0.3659	3146	CSF_tau
rs11090039	22	41496800	G	A	0.26008	-0.002437	0.0064069999999999995	-0.3803652255345716	0.7037	3146	CSF_tau
